0.00027500,0.00027600,0.00027700,0.00027800,0.00027900,0.00028000,0.00028100,0.00028200,0.00028300,0.00028400,0.00028500,0.00028600,0.00028700,0.00028800,0.00028900,0.00029000,0.00029100,0.00029200,0.00029300,0.00029400,0.00029500,0.00029600,0.00029700,0.00029800,0.00029900,0.00030000,0.00030100,0.00030200,0.00030300,0.00030400,0.00030500,0.00030600,0.00030700,0.00030800,0.00030900,0.00031000,0.00031100,0.00031200,0.00031300,0.00031400,0.00031500,0.00031600,0.00031700,0.00031800,0.00031900,0.00032000,0.00032100,0.00032200,0.00032300,0.00032400,0.00032500
0.32465126,0.30894688,0.30205927,0.30139644,0.29842706,0.28774206,0.27193714,0.25768924,0.24934159,0.24697666,0.24873225,0.25310396,0.25905367,0.26503541,0.26894577,0.26945872,0.26702216,0.26272119,0.25610560,0.24526645,0.22997048,0.21407675,0.20345735,0.20114796,0.20529042,0.21218474,0.22058294,0.23220839,0.24840366,0.26719397,0.28392802,0.29443097,0.29758683,0.29573150,0.29326757,0.29438808,0.30062853,0.30941345,0.31499499,0.31181191,0.29810826,0.27709068,0.25491933,0.23743221,0.22805820,0.22763591,0.23503066,0.24742827,0.26051295,0.26947297,0.27096890
0.15085217,0.17263799,0.18073454,0.18037458,0.17792083,0.17445579,0.16997420,0.16695945,0.16646525,0.16493421,0.15748597,0.14247268,0.12240204,0.10226502,0.08699467,0.07907902,0.07844086,0.08462542,0.09750381,0.11478386,0.13046126,0.13797877,0.13518605,0.12546896,0.11438454,0.10612522,0.10290302,0.10609124,0.11652998,0.13337266,0.15297531,0.16953124,0.17768664,0.17550639,0.16544501,0.15238444,0.14032747,0.13048281,0.12201151,0.11421967,0.10799713,0.10541940,0.10813389,0.11590883,0.12635996,0.13602090,0.14209941,0.14379542,0.14231054,0.13965452,0.13730340
0.19237314,0.21761977,0.24532729,0.26498422,0.27130000,0.26950830,0.26991298,0.27737034,0.28779253,0.29434093,0.29433223,0.28939292,0.28160355,0.27202860,0.26201045,0.25296612,0.24396015,0.23131360,0.21250433,0.19033835,0.17204044,0.16367701,0.16568049,0.17364643,0.18261546,0.19008280,0.19563282,0.19916488,0.20038368,0.19974534,0.19905140,0.20051387,0.20502986,0.21122001,0.21595074,0.21584939,0.20888204,0.19533076,0.17786474,0.16065315,0.14781690,0.14192559,0.14330566,0.15041111,0.16079562,0.17195055,0.18164212,0.18795508,0.18944800,0.18553104,0.17678975
0.18863453,0.22446002,0.26496375,0.29182005,0.30319833,0.30920850,0.31321243,0.30890466,0.29453616,0.27824090,0.26646625,0.25637720,0.24444495,0.23572531,0.23848577,0.25319605,0.27237480,0.28968206,0.30437002,0.31732734,0.32756067,0.33414184,0.33831190,0.34103389,0.33992065,0.33118528,0.31475629,0.29582344,0.28064073,0.27145708,0.26585184,0.26022870,0.25319929,0.24589569,0.23997368,0.23585573,0.23267286,0.22937804,0.22559083,0.22133836,0.21616574,0.20883074,0.19820949,0.18464113,0.17022451,0.15747107,0.14739984,0.13884129,0.12961924,0.11853305,0.10642875
0.19843768,0.21922316,0.23054402,0.22687127,0.21437826,0.19975982,0.16853095,0.11621938,0.07348967,0.06263648,0.07146144,0.08749001,0.11308272,0.14510667,0.17274951,0.19036322,0.19890044,0.20348722,0.21091601,0.22272486,0.23435166,0.24248335,0.24767561,0.25162138,0.25650350,0.26412006,0.27308110,0.27928057,0.27954735,0.27359775,0.26396160,0.25498969,0.25016588,0.24970856,0.25132990,0.25229264,0.25027615,0.24449087,0.23730811,0.23322603,0.23512657,0.24220909,0.25120113,0.25811697,0.25941494,0.25378332,0.24353618,0.23313211,0.22589705,0.22262730,0.22270036
0.18937471,0.17042987,0.15501612,0.14545994,0.14208493,0.14420964,0.15030134,0.15798969,0.16448221,0.16705264,0.16366140,0.15409140,0.14083809,0.12822463,0.11982471,0.11647347,0.11669777,0.11866207,0.12130776,0.12392476,0.12551504,0.12519179,0.12309551,0.12054625,0.11922687,0.12033907,0.12436340,0.13103349,0.13903781,0.14587264,0.14870042,0.14613921,0.13961831,0.13290809,0.12990445,0.13228314,0.13875390,0.14631645,0.15242434,0.15649512,0.15990436,0.16472036,0.17216051,0.18174867,0.19158581,0.19942269,0.20377395,0.20439999,0.20202350,0.19771565,0.19252219
0.06680461,0.06302566,0.05769532,0.05351807,0.05186668,0.05261758,0.05510938,0.05880589,0.06319925,0.06741996,0.07022776,0.07064305,0.06877493,0.06601745,0.06420958,0.06427610,0.06543028,0.06571694,0.06370354,0.06012822,0.05807144,0.06120213,0.07130317,0.08707766,0.10516072,0.12223800,0.13632570,0.14648894,0.15207685,0.15281941,0.14967875,0.14508797,0.14174599,0.14083116,0.14131770,0.14105792,0.13858281,0.13400953,0.12848888,0.12303563,0.11794099,0.11314034,0.10893996,0.10632400,0.10661403,0.11082062,0.11912029,0.13064464,0.14357474,0.15552562,0.16420288
0.07494181,0.07317892,0.06973230,0.06582549,0.06330439,0.06413667,0.06889005,0.07567688,0.08118670,0.08319619,0.08222779,0.08049335,0.07886629,0.07526309,0.06684997,0.05386801,0.04035906,0.03071251,0.02615233,0.02495109,0.02515644,0.02610990,0.02771172,0.02948381,0.03087145,0.03190248,0.03301747,0.03437414,0.03555594,0.03585184,0.03475943,0.03261039,0.03112006,0.03306232,0.04056880,0.05314816,0.06748875,0.07970385,0.08812789,0.09405258,0.09986544,0.10659694,0.11314992,0.11749491,0.11829328,0.11552984,0.11013016,0.10338890,0.09667232,0.09119239,0.08765980
0.16780866,0.15912240,0.15976921,0.16814999,0.17848806,0.18391650,0.18061143,0.16990995,0.15662366,0.14577749,0.14037110,0.14033440,0.14260971,0.14316875,0.14009984,0.13485631,0.13047670,0.12904348,0.13085654,0.13507393,0.14028332,0.14471343,0.14672681,0.14553589,0.14147980,0.13574148,0.12991053,0.12550625,0.12334824,0.12309367,0.12348647,0.12323451,0.12178806,0.11956168,0.11780367,0.11834819,0.12306008,0.13288906,0.14712635,0.16362445,0.17989571,0.19412219,0.20532491,0.21296087,0.21673269,0.21684818,0.21420287,0.21000516,0.20509888,0.19966542,0.19358319
0.09952496,0.11070065,0.13709341,0.16817243,0.18911955,0.19620505,0.19843967,0.20369638,0.20928269,0.20809120,0.19884162,0.18654817,0.17567028,0.16662392,0.15820713,0.15025457,0.14329442,0.13759430,0.13369762,0.13304945,0.13708471,0.14574159,0.15719215,0.16889182,0.17879152,0.18600765,0.19091521,0.19460585,0.19779881,0.19999961,0.19984721,0.19649437,0.19070681,0.18462277,0.18046686,0.17935256,0.18091037,0.18368220,0.18596253,0.18686155,0.18717996,0.18937099,0.19619740,0.20876768,0.22542012,0.24241044,0.25589785,0.26373141,0.26593710,0.26404032,0.26012115
0.23668001,0.23294272,0.22410075,0.21917122,0.22158873,0.23285354,0.24886905,0.26251230,0.26863097,0.25311400,0.23451382,0.23942267,0.24673477,0.24401080,0.24136372,0.23946508,0.24117211,0.24712293,0.25378206,0.25920568,0.25822326,0.24922174,0.23478682,0.21795575,0.20316015,0.19245178,0.18709378,0.18860090,0.19530992,0.20337769,0.20738733,0.20492350,0.20076291,0.19840041,0.19561611,0.19077233,0.18463265,0.17901512,0.17623196,0.17707818,0.18107505,0.18731357,0.19331949,0.19634625,0.19557733,0.19200376,0.18809348,0.18648914,0.18792601,0.19186213,0.19768924
0.09655372,0.08492722,0.07291258,0.06491639,0.06291063,0.06639929,0.07385413,0.08362234,0.09411127,0.10413830,0.11327240,0.12128798,0.12714285,0.12908671,0.12631493,0.12038714,0.11457429,0.11165528,0.11241803,0.11606806,0.12145381,0.12746941,0.13262372,0.13510128,0.13384239,0.12947027,0.12378033,0.11825214,0.11332725,0.10923833,0.10713962,0.10878549,0.11473901,0.12299726,0.12972376,0.13170106,0.12845142,0.12237595,0.11707562,0.11533522,0.11806487,0.12442750,0.13260840,0.14064459,0.14703735,0.15106981,0.15281473,0.15290641,0.15224609,0.15176352,0.15219697
0.23116107,0.25660966,0.28121294,0.29817114,0.30571521,0.30386840,0.29286982,0.27521804,0.25771255,0.24920546,0.25427858,0.26845457,0.28076022,0.28256455,0.27442360,0.26423413,0.25936515,0.26141168,0.26777860,0.27588230,0.28415826,0.29005171,0.28965685,0.28086242,0.26642353,0.25293190,0.24644899,0.24913067,0.25942573,0.27432849,0.29085669,0.30613525,0.31756265,0.32388474,0.32603074,0.32624606,0.32589812,0.32401248,0.31807028,0.30645354,0.29044446,0.27419566,0.26280996,0.25991694,0.26610865,0.27879470,0.29331136,0.30476858,0.30994315,0.30842417,0.30241096
0.13462566,0.11881404,0.10697198,0.09536887,0.08345058,0.07500426,0.07312812,0.07626230,0.07972067,0.07962706,0.07473117,0.06601761,0.05641095,0.05069330,0.05388180,0.06809088,0.09048799,0.11446972,0.13324003,0.14307128,0.14429782,0.14007008,0.13412529,0.12886971,0.12453318,0.11954830,0.11178792,0.09999823,0.08478361,0.06873169,0.05556679,0.04859492,0.04914447,0.05591466,0.06573581,0.07531624,0.08281146,0.08820077,0.09241530,0.09609507,0.09897297,0.10019580,0.09910447,0.09577012,0.09095947,0.08570304,0.08082689,0.07666590,0.07298257,0.06907070,0.06406528
0.07399631,0.08028699,0.08543676,0.08984055,0.09528894,0.10157160,0.10593184,0.10590891,0.10156729,0.09492751,0.08826640,0.08310856,0.07986554,0.07792534,0.07653993,0.07589560,0.07690749,0.07977247,0.08322601,0.08563129,0.08650961,0.08661632,0.08676906,0.08713183,0.08760914,0.08834707,0.08950840,0.09085081,0.09193367,0.09269867,0.09352745,0.09465152,0.09574940,0.09628616,0.09610132,0.09546780,0.09466820,0.09381347,0.09318740,0.09349806,0.09538078,0.09847965,0.10118590,0.10159766,0.09898545,0.09443649,0.09009452,0.08770405,0.08768685,0.08931876,0.09154670
0.20452579,0.19756514,0.18676906,0.17913091,0.17907960,0.18713168,0.19918436,0.20846730,0.21093347,0.20812107,0.20440427,0.20281597,0.20348534,0.20507824,0.20715409,0.21003337,0.21201459,0.20881973,0.19748237,0.17979864,0.16102846,0.14603873,0.13690922,0.13304396,0.13293888,0.13596258,0.14209501,0.14996372,0.15645817,0.15918853,0.15853960,0.15652119,0.15425849,0.15133093,0.14699596,0.14125529,0.13495212,0.12945948,0.12632772,0.12691443,0.13204498,0.14150709,0.15331489,0.16370484,0.16894412,0.16798829,0.16335071,0.15916568,0.15855460,0.16275670,0.17180633
0.15745637,0.15345174,0.14915914,0.14151757,0.12883285,0.11531057,0.10871085,0.11358141,0.12820365,0.14762190,0.16765125,0.18551022,0.19843342,0.20357345,0.19950305,0.18726172,0.16999086,0.15199790,0.13786769,0.13118749,0.13281128,0.13992028,0.14724136,0.15008360,0.14713547,0.14103028,0.13638685,0.13679609,0.14275817,0.15173754,0.16002585,0.16497816,0.16612434,0.16465023,0.16199535,0.15882573,0.15507570,0.15073079,0.14647751,0.14363379,0.14345836,0.14636814,0.15153756,0.15705338,0.16054655,0.16007517,0.15491727,0.14589520,0.13503289,0.12473210,0.11696887
0.14548914,0.14694533,0.14579257,0.14843688,0.15623113,0.16522710,0.17113640,0.17329211,0.17392261,0.17476017,0.17503125,0.17238299,0.16519425,0.15401023,0.14122395,0.12965514,0.12113813,0.11583079,0.11243566,0.10917162,0.10499495,0.10030374,0.09659002,0.09531113,0.09693968,0.10093881,0.10647069,0.11301407,0.12039173,0.12847323,0.13704829,0.14589442,0.15467424,0.16260800,0.16845003,0.17123186,0.17136524,0.17097397,0.17273632,0.17787207,0.18489772,0.19033009,0.19094992,0.18594591,0.17738659,0.16883553,0.16330163,0.16199723,0.16451020,0.16986069,0.17742715
0.12638888,0.11523020,0.10686579,0.10327051,0.10349715,0.10584925,0.10967323,0.11531879,0.12280204,0.13068124,0.13644080,0.13833070,0.13692871,0.13463761,0.13356398,0.13423260,0.13653144,0.14127227,0.14982838,0.16190440,0.17423290,0.18220341,0.18308035,0.17775937,0.16982157,0.16340586,0.16185338,0.16731202,0.18027882,0.19884725,0.21871131,0.23472441,0.24322652,0.24344350,0.23712950,0.22719173,0.21656926,0.20783811,0.20309799,0.20369719,0.20995632,0.22126676,0.23647963,0.25408201,0.27195986,0.28726815,0.29712274,0.30007339,0.29730832,0.29238753,0.28933104
0.21359550,0.20908515,0.19610194,0.18007147,0.16898798,0.16732806,0.17426076,0.18599683,0.19851503,0.20853635,0.21356605,0.21241713,0.20626537,0.19903991,0.19594498,0.20026896,0.21061160,0.22129646,0.22646072,0.22462507,0.21945941,0.21589593,0.21546285,0.21551604,0.21287896,0.20780151,0.20406287,0.20528779,0.21135096,0.21830952,0.22163784,0.21967182,0.21456532,0.21057481,0.21140279,0.21836571,0.23010036,0.24363503,0.25622888,0.26707641,0.27779974,0.29111879,0.30831444,0.32723791,0.34253612,0.34826268,0.34125164,0.32302566,0.29907217,0.27613702,0.25932713
0.13109821,0.15616585,0.17951344,0.19292707,0.19633163,0.19723458,0.20111554,0.20868275,0.21875050,0.22546734,0.21860455,0.19742170,0.17879688,0.17975422,0.19576374,0.20734892,0.20494095,0.19648104,0.19280788,0.19688864,0.20826901,0.22805166,0.25484733,0.28100347,0.29722919,0.29968513,0.29151489,0.27958268,0.27064199,0.26823377,0.27119023,0.27570005,0.27956699,0.28350946,0.28769502,0.28853159,0.28076789,0.26278820,0.23880809,0.21583134,0.19928616,0.19147330,0.19258821,0.20163652,0.21623726,0.23256564,0.24647803,0.25521187,0.25837201,0.25762848,0.25548539
0.29312948,0.27955024,0.26572779,0.25768510,0.25968605,0.27100511,0.28694024,0.30259013,0.31512325,0.32280428,0.32353299,0.31592228,0.30155065,0.28499568,0.27159223,0.26539459,0.26797350,0.27738294,0.28835468,0.29481120,0.29292766,0.28250060,0.26702360,0.25313791,0.24799713,0.25467327,0.27013219,0.28895201,0.30849995,0.32892209,0.34880479,0.36378476,0.37071742,0.37130897,0.36967568,0.36717461,0.36172942,0.35234450,0.34234891,0.33695089,0.33821050,0.34318902,0.34651330,0.34398297,0.33437240,0.31953594,0.30367234,0.29150354,0.28548378,0.28407159,0.28321303
0.19129633,0.20665431,0.21410490,0.21309629,0.20388233,0.19277584,0.18575128,0.18419813,0.18982369,0.20152408,0.20652165,0.18988179,0.15587416,0.12717414,0.12023793,0.13154388,0.14874760,0.16456014,0.17707657,0.18559814,0.19096527,0.19533897,0.19841319,0.19674670,0.18874267,0.17786525,0.16944074,0.16623005,0.16828387,0.17501569,0.18536003,0.19675759,0.20585662,0.21050857,0.21051935,0.20682408,0.20082793,0.19445739,0.18979073,0.18789282,0.18805150,0.18834614,0.18698916,0.18337838,0.17846477,0.17446312,0.17383792,0.17784240,0.18565598,0.19504696,0.20407702
0.17998201,0.16571061,0.15126561,0.14495195,0.15438862,0.17753861,0.20368138,0.22376189,0.23752898,0.24954182,0.26078804,0.26706160,0.26471299,0.25489870,0.24129744,0.22584191,0.20847752,0.19006179,0.17334253,0.16062235,0.15165630,0.14458363,0.13837915,0.13381719,0.13246827,0.13548446,0.14318476,0.15484343,0.16830716,0.18029531,0.18798761,0.19077483,0.19036364,0.18904268,0.18791942,0.18681281,0.18545018,0.18423389,0.18369368,0.18355520,0.18281459,0.18084917,0.17820824,0.17603308,0.17465758,0.17293718,0.16911809,0.16244953,0.15401026,0.14605341,0.14058774
0.06663672,0.07007726,0.06996768,0.06762875,0.06417694,0.06241373,0.06573776,0.07660749,0.09657894,0.12365313,0.14971230,0.16552863,0.16876476,0.16424303,0.15786389,0.15323810,0.15213797,0.15413515,0.15599109,0.15423793,0.14881258,0.14266570,0.13795252,0.13438108,0.13164913,0.13177919,0.13787174,0.15130111,0.17088835,0.19386467,0.21637528,0.23363300,0.24151443,0.23909447,0.22929989,0.21659161,0.20395181,0.19188741,0.17968237,0.16717702,0.15554578,0.14674020,0.14222390,0.14204108,0.14493759,0.14928090,0.15384939,0.15796628,0.16129839,0.16374813,0.16532835
0.21163269,0.19841191,0.18265628,0.17261754,0.17106035,0.17491734,0.17918801,0.18082342,0.18024149,0.18020950,0.18309654,0.18873634,0.19496227,0.20012455,0.20442551,0.20835824,0.21043289,0.20748516,0.19754771,0.18194286,0.16424987,0.14756073,0.13304255,0.12068762,0.11053785,0.10282369,0.09744955,0.09403523,0.09249804,0.09307813,0.09546611,0.09817363,0.09929332,0.09813360,0.09597846,0.09503773,0.09661974,0.10038532,0.10531099,0.11114343,0.11870568,0.12876330,0.14071361,0.15249838,0.16186234,0.16780719,0.17103965,0.17323492,0.17590012,0.17968283,0.18431762
0.09816522,0.09200877,0.08642305,0.08235243,0.07893551,0.07474847,0.07004392,0.06717152,0.06833321,0.07306932,0.07829633,0.08091518,0.08039098,0.07899303,0.07977516,0.08421816,0.09133426,0.09861317,0.10386215,0.10658276,0.10806533,0.11038359,0.11520159,0.12322188,0.13435122,0.14801481,0.16313982,0.17795303,0.19011557,0.19740879,0.19857287,0.19369380,0.18393905,0.17097502,0.15650925,0.14208172,0.12894026,0.11789199,0.10925795,0.10308389,0.09948886,0.09879123,0.10118584,0.10619076,0.11239516,0.11786647,0.12103097,0.12141817,0.11974332,0.11731884,0.11527771
0.18019446,0.19437427,0.19945600,0.20177484,0.20403810,0.20186754,0.19104014,0.17400064,0.15722766,0.14545653,0.13978765,0.13830671,0.13690171,0.13165518,0.12220710,0.11215990,0.10574732,0.10476307,0.10849117,0.11508562,0.12225414,0.12753577,0.12918112,0.12714648,0.12298038,0.11848432,0.11436754,0.11016925,0.10546738,0.10103363,0.09863162,0.09972931,0.10463811,0.11283594,0.12355503,0.13558146,0.14678297,0.15465613,0.15780357,0.15668449,0.15265086,0.14642872,0.13789810,0.12731433,0.11629098,0.10725069,0.10196006,0.10069653,0.10260872,0.10647767,0.11105012
0.20482080,0.21488540,0.22297661,0.21790798,0.19162432,0.15635153,0.13919950,0.14902791,0.16504189,0.16722200,0.15960592,0.15542047,0.15733521,0.16093370,0.16410455,0.16597896,0.16486040,0.16112635,0.15775520,0.15717246,0.15967104,0.16298512,0.16177835,0.15105830,0.13272522,0.11613603,0.10981904,0.11409831,0.12282106,0.13022445,0.13490924,0.13913772,0.14620436,0.15767626,0.17149086,0.18248183,0.18546760,0.17840675,0.16321658,0.14439130,0.12695078,0.11467158,0.10902951,0.10934609,0.11403615,0.12177412,0.13149312,0.14158106,0.14959689,0.15313982,0.15117201
0.03168521,0.03166330,0.03324823,0.03679255,0.04304719,0.05166943,0.06038781,0.06788114,0.07413939,0.07852329,0.08086695,0.08277454,0.08633526,0.09236008,0.09934144,0.10477588,0.10799212,0.10977799,0.11005906,0.10821575,0.10438189,0.09980118,0.09683496,0.09667326,0.09727854,0.09782667,0.10302172,0.11670649,0.13446009,0.14946272,0.16181404,0.17558266,0.19080336,0.20399791,0.21275026,0.21545748,0.21021788,0.19763903,0.18222107,0.16853238,0.15780673,0.14951550,0.14432213,0.14400099,0.14930685,0.15880560,0.16948504,0.17817907,0.18263904,0.18172819,0.17536693
0.14803044,0.16404900,0.18559294,0.20870868,0.22781079,0.24033063,0.24912574,0.25677566,0.25986149,0.25358955,0.24015165,0.22765304,0.22202426,0.22388399,0.23108656,0.23914760,0.24042064,0.22891399,0.20754173,0.18712420,0.17689706,0.17829399,0.18816791,0.20429529,0.22534343,0.24768898,0.26543747,0.27379734,0.27132924,0.25953619,0.24190909,0.22331182,0.20846024,0.19967917,0.19618852,0.19563653,0.19565840,0.19370190,0.18653928,0.17169242,0.15001782,0.12632647,0.10673196,0.09508865,0.09168058,0.09457411,0.10148606,0.11046836,0.11981530,0.12836164,0.13617137
0.16111067,0.15257124,0.14425628,0.14218611,0.14904939,0.16305307,0.17806497,0.18765653,0.19075695,0.19211240,0.19629271,0.20261408,0.20689295,0.20662721,0.20271285,0.19689640,0.18964193,0.18085449,0.17123913,0.16214412,0.15483188,0.15055713,0.15065496,0.15552969,0.16366932,0.17252350,0.18056605,0.18784971,0.19424132,0.19791391,0.19666105,0.19085057,0.18425538,0.18114868,0.18242303,0.18477698,0.18374139,0.17739356,0.16734717,0.15682131,0.14838365,0.14351980,0.14361855,0.15042657,0.16496953,0.18591856,0.20913712,0.22908343,0.24117490,0.24363102,0.23790881
0.18025905,0.16086130,0.14536644,0.13809875,0.14008337,0.14695232,0.15195990,0.15124707,0.14546804,0.13698651,0.12713794,0.11649092,0.10637041,0.09901110,0.09637343,0.09912930,0.10640612,0.11612610,0.12605448,0.13531260,0.14498597,0.15675707,0.17073926,0.18503423,0.19771339,0.20892765,0.22055214,0.23369050,0.24689801,0.25708611,0.26200499,0.26168073,0.25772382,0.25184108,0.24532540,0.23962232,0.23658668,0.23750058,0.24161001,0.24580502,0.24615527,0.24032429,0.22909878,0.21600135,0.20539617,0.20041394,0.20187782,0.20856940,0.21834752,0.22929157,0.24023693
0.09229681,0.07848647,0.06011675,0.05054081,0.06033462,0.08120554,0.09711762,0.10460267,0.11073765,0.12053527,0.13566955,0.15616677,0.17698705,0.19027267,0.19319716,0.18870648,0.18101777,0.17490300,0.17459538,0.17855747,0.17913225,0.17004654,0.15111270,0.12642835,0.10360636,0.09363798,0.10379221,0.12877243,0.15404370,0.16954549,0.17676028,0.18244374,0.19009379,0.19871458,0.20561293,0.20768381,0.20229992,0.18966842,0.17379669,0.15982402,0.15080123,0.14749613,0.14994095,0.15760971,0.16854461,0.17988088,0.18973448,0.19800458,0.20522181,0.21126128,0.21543353
0.08151397,0.06893306,0.06343242,0.06425969,0.06971900,0.07997768,0.09474469,0.11039875,0.12218381,0.12899595,0.13413933,0.14121941,0.15072371,0.16085237,0.17003071,0.17737239,0.18148832,0.18045382,0.17345693,0.16190618,0.14856275,0.13588735,0.12543853,0.11844414,0.11628620,0.12013062,0.13012223,0.14489820,0.16171602,0.17714532,0.18820441,0.19357039,0.19411128,0.19216141,0.18989932,0.18804896,0.18591093,0.18253400,0.17783833,0.17269473,0.16809477,0.16442534,0.16163057,0.16001460,0.16070392,0.16509216,0.17362029,0.18498638,0.19660525,0.20609107,0.21265940
0.20801154,0.19817488,0.18007774,0.15721013,0.13452093,0.11670928,0.10710673,0.10643619,0.11263860,0.12242503,0.13307913,0.14301313,0.15140807,0.15788655,0.16222492,0.16386117,0.16181105,0.15559789,0.14637170,0.13666617,0.12866324,0.12270999,0.11764179,0.11241377,0.10721451,0.10311023,0.10099642,0.10108507,0.10311661,0.10656404,0.11041703,0.11303132,0.11267111,0.10854127,0.10137273,0.09292832,0.08482378,0.07768358,0.07124997,0.06513331,0.05940402,0.05457556,0.05121900,0.04973389,0.05046343,0.05384220,0.06017875,0.06909606,0.07912900,0.08799780,0.09356793
0.18570245,0.19339011,0.19331542,0.18578963,0.17457873,0.16304741,0.15164677,0.13894407,0.12426518,0.10883975,0.09464848,0.08273849,0.07301866,0.06565793,0.06229492,0.06537926,0.07609548,0.09308642,0.11339743,0.13454964,0.15545870,0.17543276,0.19273559,0.20453640,0.20841644,0.20408918,0.19402591,0.18266978,0.17471489,0.17326426,0.17878934,0.18950003,0.20277480,0.21638497,0.22851919,0.23707220,0.23970963,0.23542461,0.22632233,0.21747428,0.21418195,0.21855139,0.22823752,0.23844050,0.24539108,0.24838290,0.24892709,0.24823122,0.24546862,0.23825644,0.22465895
0.12400550,0.12831016,0.13355009,0.13976637,0.14665693,0.15209583,0.15389229,0.15217818,0.14857224,0.14346806,0.13546142,0.12342449,0.10846132,0.09401205,0.08439231,0.08247700,0.08769814,0.09624945,0.10396139,0.10929904,0.11348738,0.11801306,0.12252304,0.12508420,0.12387551,0.11840643,0.10961510,0.09932934,0.08951074,0.08144729,0.07527013,0.07019514,0.06531107,0.06024104,0.05524908,0.05094952,0.04796436,0.04665505,0.04692867,0.04820020,0.04957024,0.05010075,0.04906254,0.04624448,0.04242057,0.03964081,0.04068724,0.04752630,0.05967249,0.07389215,0.08581276
0.11541121,0.12099259,0.13429825,0.14904806,0.15743698,0.15704798,0.15228801,0.14851060,0.14749543,0.14891703,0.15209987,0.15453248,0.15208565,0.14330915,0.13179516,0.12278378,0.11902416,0.12063392,0.12616300,0.13173817,0.13171223,0.12389515,0.11399905,0.11191043,0.12226463,0.13988828,0.15512812,0.16245345,0.16317310,0.16130819,0.15885991,0.15511141,0.14876443,0.13952790,0.12811049,0.11577863,0.10423755,0.09541233,0.09080652,0.09091097,0.09514458,0.10212608,0.10986845,0.11600445,0.11845067,0.11641020,0.11095141,0.10453537,0.09975691,0.09824467,0.10042610
0.19714428,0.17998917,0.15890163,0.14224570,0.13832586,0.15005515,0.17078919,0.19056701,0.20455439,0.21351159,0.21935135,0.22247005,0.22168388,0.21566644,0.20515191,0.19346092,0.18391543,0.17682955,0.16922499,0.15708403,0.13840699,0.11556445,0.09489828,0.08271977,0.08092984,0.08666424,0.09564206,0.10487053,0.11267138,0.11807285,0.12112353,0.12287051,0.12408581,0.12426741,0.12227182,0.11748320,0.10995365,0.09995887,0.08821979,0.07645307,0.06697198,0.06150062,0.06073786,0.06515186,0.07561279,0.09267605,0.11529027,0.14057763,0.16504274,0.18603341,0.20235123
0.18319392,0.16420591,0.15633573,0.15848837,0.16856353,0.18434176,0.20254314,0.21916235,0.23120033,0.23749205,0.23823038,0.23476431,0.22967893,0.22546814,0.22219620,0.21729891,0.20878193,0.19830740,0.19006511,0.18650731,0.18613316,0.18583357,0.18444920,0.18301095,0.18192293,0.17944251,0.17386481,0.16669696,0.16258143,0.16557327,0.17561724,0.18870418,0.20011979,0.20738823,0.21069649,0.21161735,0.21215634,0.21473856,0.22207122,0.23600209,0.25603739,0.27899456,0.30035251,0.31631594,0.32510568,0.32688962,0.32296441,0.31510085,0.30533200,0.29578742,0.28818852
0.16790346,0.16002047,0.15844079,0.16279833,0.17257947,0.18768409,0.20485505,0.21820347,0.22474355,0.22725492,0.23092143,0.23874354,0.25061097,0.26491640,0.27964377,0.29259535,0.30180964,0.30606180,0.30497802,0.29917273,0.29054724,0.28176265,0.27451976,0.26832136,0.26150244,0.25364778,0.24658124,0.24269996,0.24251620,0.24395614,0.24377689,0.23946746,0.23029018,0.21746409,0.20383789,0.19288325,0.18701555,0.18629281,0.18881689,0.19271039,0.19779629,0.20524075,0.21552978,0.22695391,0.23625665,0.24084746,0.24044762,0.23676553,0.23182717,0.22671701,0.22171066
0.25702349,0.25373148,0.24256125,0.23000030,0.22300818,0.22452978,0.23132625,0.23726761,0.23974924,0.24221060,0.24965561,0.26256550,0.27635139,0.28624294,0.29117509,0.29267847,0.29155037,0.28695347,0.27830074,0.26667139,0.25400235,0.24170944,0.23072620,0.22243855,0.21869583,0.22062693,0.22778566,0.23862800,0.25148507,0.26474533,0.27637262,0.28399140,0.28598200,0.28249809,0.27521394,0.26613372,0.25694036,0.24957495,0.24695336,0.25222073,0.26651916,0.28720131,0.30848404,0.32444010,0.33204376,0.33191877,0.32653522,0.31779564,0.30619284,0.29195245,0.27661566
0.09689868,0.09044801,0.08579150,0.08642638,0.09351333,0.10500707,0.11691294,0.12515005,0.12712430,0.12270215,0.11428056,0.10553871,0.09905186,0.09439476,0.08887298,0.08076093,0.07175415,0.06560849,0.06421966,0.06558598,0.06593289,0.06339056,0.05913597,0.05534177,0.05291982,0.05156554,0.05131016,0.05311602,0.05767779,0.06397436,0.06934526,0.07109478,0.06816266,0.06162831,0.05401221,0.04811069,0.04602361,0.04863788,0.05558860,0.06560671,0.07702396,0.08814449,0.09736945,0.10325143,0.10473125,0.10155206,0.09453457,0.08539904,0.07616216,0.06847499,0.06326751
0.20490978,0.21465602,0.22103566,0.22080076,0.21484238,0.20634342,0.19948433,0.19779940,0.20260952,0.21300492,0.22610970,0.23772329,0.24422149,0.24338897,0.23375606,0.21590626,0.19452880,0.17586242,0.16237238,0.15201852,0.14229808,0.13267489,0.12362865,0.11578780,0.11015333,0.10773769,0.10886493,0.11328492,0.12029684,0.12817575,0.13436582,0.13731085,0.13799889,0.13916003,0.14274476,0.14792876,0.15125661,0.14908396,0.14066354,0.12892807,0.11774741,0.10861664,0.10090928,0.09524601,0.09492111,0.10260607,0.11616254,0.12922157,0.13645610,0.13774731,0.13701565
0.20337373,0.18016721,0.16123266,0.15695233,0.17404745,0.20903186,0.24754266,0.27361526,0.28112315,0.27579705,0.26693676,0.25912310,0.25195483,0.24502505,0.24061945,0.24180272,0.24953531,0.26202038,0.27568916,0.28615099,0.28917862,0.28239550,0.26679824,0.24651022,0.22680998,0.21225180,0.20608943,0.21022314,0.22442979,0.24531158,0.26672615,0.28236824,0.28881672,0.28661138,0.27873970,0.26825562,0.25712552,0.24668194,0.23837050,0.23355458,0.23257817,0.23428603,0.23672063,0.23845085,0.23935567,0.24025807,0.24186848,0.24399559,0.24559129,0.24545733,0.24303943
0.10377585,0.10585670,0.10157322,0.09293788,0.08325413,0.07428342,0.06623080,0.05906160,0.05366688,0.05210346,0.05561277,0.06187899,0.06601999,0.06552214,0.06277665,0.06162510,0.06296869,0.06520641,0.06753649,0.07083141,0.07579333,0.08186304,0.08781813,0.09230714,0.09403108,0.09266008,0.08973852,0.08765864,0.08725219,0.08689057,0.08423669,0.07851647,0.07102681,0.06410704,0.06002894,0.06023818,0.06464659,0.07138596,0.07777413,0.08204620,0.08430354,0.08589113,0.08809749,0.09149061,0.09607032,0.10147979,0.10689272,0.11101614,0.11263378,0.11136879,0.10797050
0.16043108,0.16030160,0.16664688,0.17837369,0.19052606,0.20023382,0.21068497,0.22507765,0.23855018,0.24070392,0.22655607,0.20206240,0.17823503,0.16230412,0.15543608,0.15605871,0.16223115,0.17119857,0.17946086,0.18485313,0.18792396,0.19043173,0.19279012,0.19355941,0.19118939,0.18564887,0.17845361,0.17184700,0.16823317,0.16966934,0.17685744,0.18825921,0.20062491,0.21095097,0.21811992,0.22260649,0.22471388,0.22342426,0.21721266,0.20595375,0.19184692,0.17833053,0.16798956,0.16132634,0.15725005,0.15449393,0.15255029,0.15150321,0.15130739,0.15143653,0.15123053
0.06014322,0.05912124,0.06132289,0.06535960,0.06892411,0.06954397,0.06676414,0.06291634,0.06015639,0.05774820,0.05376307,0.04835039,0.04368999,0.04133809,0.04090022,0.04090642,0.03995050,0.03717414,0.03253811,0.02687412,0.02141056,0.01716315,0.01473834,0.01441657,0.01619055,0.01984363,0.02510696,0.03156135,0.03827526,0.04385486,0.04727857,0.04873952,0.04944661,0.05052715,0.05223623,0.05417498,0.05594209,0.05732328,0.05798174,0.05730682,0.05476359,0.05039351,0.04497636,0.03975936,0.03597334,0.03436948,0.03497230,0.03722442,0.04048327,0.04447299,0.04925000
0.16806370,0.16861076,0.16058185,0.14499801,0.12593140,0.10832393,0.09533166,0.08804890,0.08689166,0.09175745,0.10080675,0.11063462,0.11871581,0.12528882,0.13232275,0.14122024,0.15228118,0.16577674,0.18189702,0.19889680,0.21229760,0.21746490,0.21357683,0.20468202,0.19643551,0.19171183,0.18921021,0.18575462,0.17948888,0.17109836,0.16270774,0.15603701,0.15126826,0.14700595,0.14113788,0.13230064,0.12130771,0.11145489,0.10698655,0.11039093,0.12042226,0.13246134,0.14107547,0.14295982,0.13830388,0.13000635,0.12171276,0.11612013,0.11431409,0.11597015,0.11987474
0.15667938,0.18278228,0.20668348,0.21420472,0.20102471,0.17679000,0.15355177,0.13793685,0.13337850,0.14042333,0.15384702,0.16571954,0.17227223,0.17529845,0.17837836,0.18380021,0.19111833,0.19674512,0.19626066,0.18816851,0.17471066,0.15970223,0.14735630,0.14228193,0.14754450,0.16194749,0.18099643,0.20091195,0.22006486,0.23646151,0.24650685,0.24809746,0.24367654,0.23823016,0.23434901,0.23055201,0.22443079,0.21599529,0.20724458,0.19950501,0.19252118,0.18612241,0.18160940,0.18062521,0.18279363,0.18508390,0.18387112,0.17769769,0.16816886,0.15849206,0.15135906
0.11313464,0.10738120,0.10088562,0.09745998,0.10034061,0.11169222,0.13369154,0.16209792,0.18419677,0.19080792,0.18418077,0.16825551,0.14109868,0.10607778,0.08108654,0.08363217,0.10999664,0.13925693,0.15631458,0.16258017,0.16525102,0.16563559,0.16108290,0.15198139,0.14206030,0.13433699,0.13022310,0.13119818,0.13814211,0.14899127,0.15941585,0.16678011,0.17239057,0.17910170,0.18735848,0.19441072,0.19729410,0.19597614,0.19339572,0.19272723,0.19484150,0.19827618,0.20128594,0.20363083,0.20639302,0.21034657,0.21480351,0.21809666,0.21902411,0.21774747,0.21547791
0.10724703,0.10983836,0.11023049,0.11030138,0.10865706,0.10311357,0.09410799,0.08535177,0.08119694,0.08330273,0.08979175,0.09750540,0.10494416,0.11310741,0.12355399,0.13560844,0.14585742,0.15113922,0.15201489,0.15236328,0.15521020,0.15975718,0.16282382,0.16203876,0.15671138,0.14676706,0.13288487,0.11799430,0.10703505,0.10389337,0.10856693,0.11760217,0.12700245,0.13469475,0.14127464,0.14958623,0.16326996,0.18395246,0.20849888,0.22941045,0.23945214,0.23710766,0.22778493,0.21942997,0.21655693,0.21791950,0.21913815,0.21704719,0.21182376,0.20593930,0.20191323
0.18367409,0.18693221,0.18598757,0.18203771,0.18065534,0.18432521,0.19190395,0.20356796,0.22021911,0.23807947,0.24942970,0.25054479,0.24534128,0.23934615,0.23307528,0.22397224,0.21280611,0.20447644,0.20207275,0.20250397,0.19925000,0.18842884,0.17137751,0.15240200,0.13557144,0.12356052,0.11784291,0.11852250,0.12396561,0.13148922,0.13906998,0.14648232,0.15468320,0.16406589,0.17324434,0.17936883,0.17960342,0.17265662,0.15947322,0.14285162,0.12634322,0.11310618,0.10530721,0.10417255,0.11021873,0.12310930,0.14116903,0.16126790,0.17973302,0.19402533,0.20398764
0.18718934,0.20591502,0.21614479,0.21871593,0.22029405,0.22378260,0.22847204,0.23556501,0.24633507,0.25692408,0.26045197,0.25379673,0.23965696,0.22288635,0.20674069,0.19216904,0.17911874,0.16780920,0.15892733,0.15313256,0.15068960,0.15123400,0.15357750,0.15631133,0.15929163,0.16420824,0.17295254,0.18543246,0.19940523,0.21241067,0.22370749,0.23461361,0.24707241,0.26119158,0.27358206,0.27875689,0.27348533,0.26032235,0.24648825,0.23894669,0.24038981,0.24912699,0.26131929,0.27261940,0.27882994,0.27702674,0.26713926,0.25214379,0.23609207,0.22176318,0.21008018
0.32647887,0.32931845,0.32254911,0.30981526,0.29809220,0.29464775,0.30083961,0.30726860,0.30526695,0.30294756,0.31748003,0.35110464,0.38623796,0.40488576,0.40345470,0.38875091,0.36906205,0.35148985,0.34127375,0.33946710,0.34233543,0.34384924,0.33876014,0.32513374,0.30588114,0.28723562,0.27448764,0.26950952,0.27238276,0.28334756,0.30151344,0.32283477,0.34142918,0.35309731,0.35673756,0.35283871,0.34214740,0.32623432,0.30829955,0.29254063,0.28273842,0.28121867,0.28799870,0.29988866,0.31081248,0.31454569,0.30848882,0.29523752,0.28039004,0.26856107,0.26098742
0.23571142,0.22792073,0.21118380,0.19653526,0.18934150,0.18802994,0.18776883,0.18827774,0.19491778,0.21082426,0.23268338,0.25452554,0.27278706,0.28676722,0.29590289,0.30008321,0.30192554,0.30516519,0.31142114,0.31845289,0.31893190,0.30431410,0.27419249,0.23810727,0.20631787,0.18347513,0.17049911,0.16664170,0.16970095,0.17723749,0.18702641,0.19654081,0.20412985,0.20983545,0.21366140,0.21487703,0.21362611,0.21104975,0.20812181,0.20628860,0.20762301,0.21211439,0.21685380,0.21993451,0.22285563,0.22737430,0.23256554,0.23669287,0.23962932,0.24193452,0.24360129
0.24338436,0.20497250,0.17147328,0.17218617,0.21400567,0.26719543,0.30474344,0.32722152,0.34198120,0.35015082,0.35226090,0.34929876,0.34393965,0.33958208,0.33365681,0.32055896,0.29954851,0.27302827,0.24424241,0.21846558,0.19888172,0.18426711,0.17470476,0.17329651,0.18158017,0.19882138,0.22273328,0.24691112,0.26299386,0.26841657,0.26745294,0.26416693,0.25900342,0.25213986,0.24618820,0.24467911,0.24875933,0.25511199,0.25754786,0.25184369,0.23880784,0.22232884,0.20593801,0.19201586,0.18230014,0.17725202,0.17561731,0.17579478,0.17721528,0.17974448,0.18232882
0.20459942,0.20103101,0.19177374,0.17659295,0.16972768,0.18161606,0.20307639,0.21520111,0.20953782,0.19244972,0.17474425,0.16378741,0.16316315,0.17357550,0.19256296,0.21519110,0.23584537,0.24994826,0.25560530,0.25454173,0.25102296,0.24972027,0.25459739,0.26808295,0.28866003,0.30898743,0.31894959,0.31282892,0.29360532,0.26970419,0.24788349,0.22949331,0.21239722,0.19479723,0.17695219,0.16047554,0.14699704,0.13723267,0.13059669,0.12563176,0.12134210,0.11840275,0.11881238,0.12400174,0.13323085,0.14400840,0.15420190,0.16376387,0.17442015,0.18766029,0.20286673
0.13562805,0.15307279,0.16872729,0.17399636,0.16579991,0.14899418,0.13102271,0.11684376,0.10835652,0.10502196,0.10382412,0.10078805,0.09400597,0.08482177,0.07627488,0.07132882,0.07203380,0.07852178,0.08827291,0.09760719,0.10457806,0.10963504,0.11309832,0.11316610,0.10753973,0.09654808,0.08357597,0.07239943,0.06485480,0.06098722,0.06016621,0.06112938,0.06154637,0.05889757,0.05242311,0.04394396,0.03654637,0.03274696,0.03408702,0.04180342,0.05665344,0.07736353,0.09960662,0.11749330,0.12692356,0.12788893,0.12363192,0.11757760,0.11090631,0.10266991,0.09178056
0.16457221,0.14877342,0.13062312,0.11918515,0.11695623,0.12018789,0.12544551,0.13177159,0.13835056,0.14345647,0.14546970,0.14386255,0.13983851,0.13617241,0.13532320,0.13761200,0.14216107,0.14910846,0.15922938,0.17125123,0.18119439,0.18539019,0.18378817,0.18008941,0.17911285,0.18387541,0.19398351,0.20589763,0.21509608,0.21886988,0.21743611,0.21247048,0.20495534,0.19480116,0.18224956,0.16894530,0.15737295,0.14951574,0.14614628,0.14694372,0.15080496,0.15619131,0.16182669,0.16753276,0.17436695,0.18374459,0.19635411,0.21185364,0.22928998,0.24735376,0.26411489
0.32151218,0.30753531,0.30205332,0.30579644,0.31532692,0.32500833,0.33132380,0.33512595,0.33880386,0.34189976,0.34070403,0.33228104,0.31840332,0.30536784,0.29963668,0.30259125,0.30863605,0.30890554,0.29836998,0.28049021,0.26498370,0.26038092,0.26788523,0.28151171,0.29341597,0.29915708,0.29895144,0.29529775,0.29003411,0.28319839,0.27383101,0.26145845,0.24706037,0.23308507,0.22272330,0.21889325,0.22330392,0.23578237,0.25402451,0.27404648,0.29150709,0.30348244,0.30960532,0.31158655,0.31130188,0.30896309,0.30302453,0.29203014,0.27679155,0.26083631,0.24850128
0.27898901,0.28019480,0.29279834,0.31595902,0.34504705,0.36823321,0.37674747,0.37601049,0.37709299,0.38275193,0.38658853,0.38162328,0.36835816,0.35554153,0.35204896,0.35895993,0.37075315,0.38155116,0.38861394,0.39205762,0.39247318,0.38858903,0.37849695,0.36342038,0.34795525,0.33614718,0.32939278,0.32761344,0.32950727,0.33178858,0.33096641,0.32612510,0.31823562,0.30745279,0.29335178,0.27751725,0.26374877,0.25536437,0.25333960,0.25658685,0.26249096,0.26734864,0.26807152,0.26424041,0.25778034,0.25035281,0.24182365,0.23153966,0.22021380,0.20987772,0.20247479
0.18942234,0.18584037,0.18183870,0.18226826,0.18809383,0.19343320,0.18980418,0.17463133,0.15381508,0.13568312,0.12424786,0.11843266,0.11552595,0.11381482,0.11258209,0.11112180,0.10866658,0.10521439,0.10179203,0.09948818,0.09853668,0.09873944,0.10029483,0.10329259,0.10643086,0.10726508,0.10434461,0.09873941,0.09311886,0.08966197,0.08905578,0.09083055,0.09383072,0.09649617,0.09754109,0.09680548,0.09522408,0.09381361,0.09291581,0.09244816,0.09238363,0.09257853,0.09246659,0.09160002,0.09059874,0.09096758,0.09344780,0.09666492,0.09785988,0.09516206,0.08906981
0.14573353,0.13689130,0.12568659,0.11817565,0.11581004,0.11651220,0.11745805,0.11769849,0.11819878,0.11998761,0.12338206,0.12805101,0.13215194,0.13246016,0.12753590,0.12028139,0.11547146,0.11495833,0.11667171,0.11779641,0.11725560,0.11516840,0.11151009,0.10601654,0.09885582,0.09118214,0.08534786,0.08422231,0.08930057,0.09907200,0.10968234,0.11753760,0.12125023,0.12143550,0.11949558,0.11690275,0.11481422,0.11335726,0.11127320,0.10703070,0.10071462,0.09451252,0.09095128,0.09068216,0.09211589,0.09298317,0.09188349,0.08843950,0.08265903,0.07483428,0.06614886
0.12151942,0.12602108,0.14006430,0.16542428,0.19845149,0.23520728,0.26799832,0.28313410,0.27443581,0.25218333,0.23108135,0.21751131,0.21064541,0.20675749,0.20300669,0.20295523,0.21314392,0.23028950,0.24055037,0.23548991,0.22079753,0.20728523,0.20117389,0.20396509,0.21376046,0.22486965,0.23161482,0.23363249,0.23411028,0.23371782,0.22997194,0.22163209,0.20995434,0.19597780,0.18006302,0.16448150,0.15344700,0.14918098,0.14947681,0.15028569,0.14989715,0.14989498,0.15281185,0.15969396,0.16944463,0.17947871,0.18682866,0.18932677,0.18644465,0.17937610,0.17050675
0.08008388,0.08162014,0.08303143,0.08277200,0.08079169,0.07803079,0.07574843,0.07484061,0.07514696,0.07555188,0.07511925,0.07403964,0.07333294,0.07387254,0.07587485,0.07897855,0.08235646,0.08483959,0.08544748,0.08411863,0.08188157,0.08024627,0.08046661,0.08325784,0.08878538,0.09652606,0.10519084,0.11322121,0.11976008,0.12523618,0.13090073,0.13768097,0.14536446,0.15269954,0.15809392,0.16023873,0.15838007,0.15242108,0.14300767,0.13144537,0.11927937,0.10774395,0.09756073,0.08930848,0.08399804,0.08319009,0.08834526,0.09978604,0.11603837,0.13407186,0.15032797
0.18629880,0.20418221,0.22775178,0.24654339,0.25628786,0.25863876,0.25776459,0.25820969,0.26219752,0.26724075,0.26872646,0.26557723,0.26097224,0.25698088,0.25122207,0.24030783,0.22500462,0.21067955,0.20340599,0.20610802,0.21720451,0.23170967,0.24404611,0.25107161,0.25326014,0.25344413,0.25469601,0.25897805,0.26667368,0.27666153,0.28713893,0.29688722,0.30555007,0.31231048,0.31477309,0.31021243,0.29833388,0.28220989,0.26592465,0.25158753,0.23922954,0.22934545,0.22434395,0.22651840,0.23465433,0.24337821,0.24644980,0.24100151,0.22901184,0.21536630,0.20485827
0.39485935,0.37150761,0.36100029,0.37073337,0.38823968,0.39726715,0.39225255,0.37868959,0.36578425,0.36018084,0.36256140,0.36737005,0.36696255,0.35791210,0.34375931,0.33189943,0.32825851,0.33416817,0.34635295,0.35902958,0.36737161,0.37071213,0.37253696,0.37636613,0.38120271,0.38146373,0.37177826,0.35192562,0.32748372,0.30647781,0.29550117,0.29757709,0.31146437,0.33180499,0.35078133,0.36169432,0.36264158,0.35726881,0.35160332,0.34948188,0.35031783,0.35064917,0.34758287,0.34113593,0.33410411,0.33028804,0.33260188,0.34184210,0.35615817,0.37133107,0.38219311
0.16998640,0.17404273,0.17547222,0.16827345,0.15291635,0.13652683,0.12572639,0.12234584,0.12590736,0.13644945,0.15305300,0.17161385,0.18619879,0.19249638,0.18955120,0.17912561,0.16447927,0.14948504,0.13785044,0.13245678,0.13493015,0.14507305,0.16016363,0.17522420,0.18508418,0.18711032,0.18237756,0.17446642,0.16726489,0.16350727,0.16434918,0.16926479,0.17603796,0.18139331,0.18248080,0.17837851,0.17044662,0.16124998,0.15292955,0.14623112,0.14075458,0.13605720,0.13271257,0.13252650,0.13770389,0.14948913,0.16719881,0.18830436,0.20946576,0.22777267,0.24144848
0.23079800,0.22871920,0.22063990,0.21322040,0.21490813,0.22622646,0.23938637,0.24709890,0.24879857,0.24777283,0.24500682,0.23796662,0.22463678,0.20695978,0.18983059,0.17735543,0.17036588,0.16692708,0.16434804,0.16045999,0.15376689,0.14374356,0.13187287,0.12205895,0.11882227,0.12402036,0.13501704,0.14631709,0.15340263,0.15542550,0.15467505,0.15377781,0.15327075,0.15132208,0.14535594,0.13408873,0.11859468,0.10188804,0.08742358,0.07748309,0.07239923,0.07093297,0.07129756,0.07201447,0.07223615,0.07180938,0.07141939,0.07262897,0.07728586,0.08623571,0.09817091
0.21322231,0.22279808,0.23879670,0.25185209,0.25665533,0.25431940,0.24915283,0.24526423,0.24501358,0.24773226,0.24917669,0.24400219,0.23015857,0.21073991,0.19144643,0.17684013,0.16888472,0.16737587,0.17012740,0.17299845,0.17138745,0.16283814,0.14827581,0.13085500,0.11441303,0.10343422,0.10325704,0.11791536,0.14611344,0.17956091,0.20684808,0.22057880,0.22167456,0.21711985,0.21353237,0.21242637,0.21071663,0.20488628,0.19454664,0.18273130,0.17362412,0.17008898,0.17255137,0.17921145,0.18692381,0.19234269,0.19313625,0.18885441,0.18093717,0.17183857,0.16392778
0.14981087,0.17023555,0.17936006,0.17664495,0.16715150,0.15768952,0.15198034,0.14877057,0.14518078,0.14077505,0.13701391,0.13389214,0.12912713,0.12057992,0.10827797,0.09414880,0.08071876,0.07020656,0.06435587,0.06477135,0.07285082,0.08854766,0.10925290,0.13109269,0.15191086,0.17196329,0.19081967,0.20469376,0.20874872,0.20236907,0.19093688,0.18175627,0.17880941,0.18159598,0.18752725,0.19369603,0.19657672,0.19220562,0.17861440,0.15830858,0.13746817,0.12200423,0.11407986,0.11196911,0.11251807,0.11339860,0.11356974,0.11262739,0.11034934,0.10673769,0.10203838
0.23738948,0.22896678,0.20943361,0.18833941,0.17429037,0.16993565,0.17206011,0.17583607,0.17878073,0.18115784,0.18365049,0.18557921,0.18551326,0.18302971,0.17926894,0.17566132,0.17233603,0.16786221,0.16037575,0.14886695,0.13365737,0.11615983,0.09852714,0.08338530,0.07331300,0.06987261,0.07268309,0.07938826,0.08683936,0.09277152,0.09672667,0.09956338,0.10211357,0.10424537,0.10509436,0.10404182,0.10134182,0.09778625,0.09389255,0.08962342,0.08503745,0.08116918,0.08002711,0.08337083,0.09116883,0.10112598,0.10987661,0.11504677,0.11663694,0.11672094,0.11780344
0.26739562,0.24554040,0.22091340,0.19844242,0.18227755,0.17555524,0.17848257,0.18688876,0.19427646,0.19627199,0.19227963,0.18273602,0.16746071,0.14875866,0.13370572,0.12938141,0.13576755,0.14626016,0.15563004,0.16467634,0.17583181,0.18692114,0.19230300,0.18986716,0.18459473,0.18423926,0.19219014,0.20481491,0.21485904,0.21687318,0.21030177,0.19895444,0.18821079,0.18205659,0.18151755,0.18496971,0.18968447,0.19342024,0.19517505,0.19495287,0.19297359,0.18897683,0.18219363,0.17216064,0.15988377,0.14838806,0.14196250,0.14433949,0.15685707,0.17765425,0.20225355
0.12526387,0.13590947,0.14756786,0.15863946,0.16831252,0.17445019,0.17367839,0.16487188,0.15194643,0.14282006,0.14474098,0.15921599,0.18156202,0.20542087,0.22579001,0.23771058,0.23648013,0.22216319,0.20124467,0.18101422,0.16398568,0.14948237,0.13805572,0.13151884,0.13008313,0.13207896,0.13598836,0.14099486,0.14606066,0.15011700,0.15310877,0.15585078,0.15916180,0.16403331,0.17195177,0.18327116,0.19486927,0.20088607,0.19720869,0.18542169,0.17205219,0.16391166,0.16390464,0.17038204,0.17958237,0.18870402,0.19739750,0.20681962,0.21713972,0.22580233,0.22851519
0.27372121,0.30646271,0.33516147,0.34823365,0.34639111,0.34183287,0.34456696,0.35251980,0.35651272,0.35158452,0.34060554,0.32886765,0.31850407,0.30799141,0.29463469,0.27689231,0.25577951,0.23504168,0.21958353,0.21302998,0.21622469,0.22718765,0.24181114,0.25522465,0.26420013,0.26932375,0.27440986,0.28284337,0.29421514,0.30478864,0.31120947,0.31333999,0.31337356,0.31267119,0.30996376,0.30262551,0.28943273,0.27213619,0.25472559,0.24126973,0.23392801,0.23221387,0.23370978,0.23566319,0.23642342,0.23582785,0.23450951,0.23302289,0.23171475,0.23129287,0.23312801
0.12486932,0.12338410,0.12178003,0.12265241,0.12861149,0.13959787,0.15276206,0.16416008,0.16992096,0.16840286,0.16158220,0.15223120,0.14145681,0.13182698,0.12952760,0.13833384,0.15333514,0.16542416,0.17089420,0.17271165,0.17381936,0.17378405,0.17196028,0.16999434,0.16999240,0.17238413,0.17651164,0.18199150,0.18880681,0.19674614,0.20504432,0.21218959,0.21621797,0.21579079,0.21110780,0.20364238,0.19531939,0.18824882,0.18466042,0.18605716,0.19206633,0.20049244,0.20884637,0.21593479,0.22215965,0.22848930,0.23498793,0.23998865,0.24073555,0.23532825,0.22440516
0.18642149,0.16467240,0.15199375,0.14603608,0.14190645,0.13618530,0.12839538,0.12225970,0.12238783,0.12869701,0.13809141,0.14884836,0.15731820,0.15548711,0.14021670,0.12055779,0.10888382,0.11030207,0.12658884,0.16128501,0.21046568,0.25488944,0.27348779,0.26386874,0.24188422,0.22251260,0.20832909,0.19551181,0.18272011,0.17117671,0.16102271,0.15129860,0.14197791,0.13439878,0.13085738,0.13425812,0.14608466,0.16335745,0.17921921,0.18859038,0.19304720,0.19891923,0.21069946,0.22715136,0.24340578,0.25540123,0.26200837,0.26431855,0.26419608,0.26313709,0.26125668
0.35288057,0.35753190,0.36431199,0.36379639,0.35236783,0.33587516,0.32290845,0.31820920,0.32232650,0.33269661,0.34404094,0.35184590,0.35671147,0.36211405,0.36728868,0.36584656,0.35269772,0.32946709,0.30198731,0.27581900,0.25652929,0.25113632,0.26425213,0.29182233,0.32141669,0.34082475,0.34653301,0.34413052,0.34180755,0.34392612,0.34930726,0.35380618,0.35433315,0.35148237,0.34876730,0.34866948,0.34893189,0.34328470,0.32677789,0.30065261,0.27145459,0.24493146,0.22095849,0.19484632,0.16375711,0.13172388,0.10827656,0.10194626,0.11442335,0.13990704,0.16924894
0.13434661,0.12346715,0.12395039,0.13191494,0.14138255,0.14944253,0.15676844,0.16355070,0.16781041,0.16869400,0.16883598,0.17158647,0.17739111,0.18413747,0.18954405,0.19210242,0.19098872,0.18607093,0.17750839,0.16569945,0.15284343,0.14365209,0.14184949,0.14538289,0.14713052,0.14147160,0.12925075,0.11608277,0.10728740,0.10495315,0.10799914,0.11335916,0.11788797,0.12081807,0.12443135,0.13128056,0.14065133,0.14851436,0.15087111,0.14627292,0.13538042,0.12010896,0.10470379,0.09646884,0.10256224,0.12428390,0.15489410,0.18420957,0.20583310,0.21999135,0.23005444
0.15043666,0.14618471,0.13522883,0.12524623,0.12128736,0.12379826,0.13163574,0.14413697,0.15981892,0.17526927,0.18698710,0.19387663,0.19710075,0.19795724,0.19689356,0.19447843,0.19211352,0.19091524,0.19014391,0.18741574,0.18068699,0.16988062,0.15669199,0.14333566,0.13181589,0.12400654,0.12149818,0.12464794,0.13178082,0.13986038,0.14647455,0.15135957,0.15591347,0.16113501,0.16605629,0.16826289,0.16601459,0.15994149,0.15278525,0.14756105,0.14588193,0.14778128,0.15278687,0.16088749,0.17238625,0.18692692,0.20285373,0.21770894,0.22953037,0.23782856,0.24341835
0.28839256,0.28904375,0.28846618,0.28722418,0.28933594,0.29599751,0.30295230,0.30478891,0.30038559,0.29354672,0.28911278,0.28879672,0.29007831,0.28860588,0.28204119,0.27206208,0.26260287,0.25613887,0.25219760,0.24986309,0.25104129,0.25983590,0.27785117,0.30050060,0.31898255,0.32665709,0.32381209,0.31647770,0.31093477,0.30930287,0.30960753,0.30890226,0.30565029,0.29948467,0.28978130,0.27545684,0.25645992,0.23515208,0.21571070,0.20171263,0.19392964,0.19023697,0.18767145,0.18489626,0.18314032,0.18503182,0.19236227,0.20445341,0.21818167,0.22951063,0.23549397
0.17285791,0.16902537,0.16636955,0.16286341,0.15767700,0.15208789,0.14822233,0.14750471,0.15100165,0.16017416,0.17510677,0.19170301,0.20277773,0.20370201,0.19664855,0.18841700,0.18435354,0.18481008,0.18655497,0.18607155,0.18141832,0.17249205,0.16084749,0.14910517,0.13964708,0.13355087,0.13099658,0.13259205,0.13963019,0.15247523,0.16872773,0.18341646,0.19146571,0.19046789,0.18169187,0.16899550,0.15684797,0.14875030,0.14648236,0.14995504,0.15742986,0.16608499,0.17290260,0.17562682,0.17339053,0.16672942,0.15703093,0.14577695,0.13401757,0.12230528,0.11097779
0.07886466,0.07523179,0.06730034,0.05786107,0.05091300,0.04887669,0.05167510,0.05783362,0.06535245,0.07165305,0.07476378,0.07564732,0.07748434,0.08111714,0.08303277,0.08001698,0.07441782,0.07211824,0.07563021,0.08144809,0.08430539,0.08206945,0.07607323,0.06863546,0.06162059,0.05650631,0.05438460,0.05558979,0.05960384,0.06519843,0.07056232,0.07385048,0.07429426,0.07278813,0.07102539,0.07006916,0.07003152,0.07096625,0.07346239,0.07812099,0.08490275,0.09345156,0.10382963,0.11627125,0.12991977,0.14216537,0.14979163,0.15110731,0.14710944,0.14074744,0.13515163
0.26014641,0.26104019,0.26892498,0.27807700,0.28387319,0.28660476,0.28657741,0.28095845,0.26820594,0.25237200,0.23986732,0.23256802,0.22585590,0.21403369,0.19767023,0.18534058,0.18717039,0.20579590,0.23379088,0.26016069,0.27865127,0.28942220,0.29439556,0.29357883,0.28646540,0.27509370,0.26388742,0.25651610,0.25369682,0.25389539,0.25529029,0.25688737,0.25852720,0.26038388,0.26204628,0.26143924,0.25488008,0.23931990,0.21553944,0.18926135,0.16844654,0.15854432,0.15949348,0.16667541,0.17453481,0.17968948,0.18152264,0.18082521,0.17842514,0.17500717,0.17172173
0.24476954,0.24680243,0.25506027,0.27423071,0.29327830,0.29994063,0.30040065,0.30305577,0.31147547,0.32559536,0.34046837,0.35267213,0.36320985,0.37421433,0.38243317,0.38253062,0.37858217,0.37616372,0.37259670,0.36418717,0.34851529,0.32766592,0.31072206,0.29937860,0.28823646,0.27604938,0.25316066,0.20956001,0.16961297,0.16915145,0.20208235,0.23596953,0.25695603,0.26614403,0.26254856,0.24842794,0.22949921,0.20780353,0.18551278,0.16751805,0.15591995,0.15012941,0.15055954,0.15691408,0.16726965,0.18052614,0.19548626,0.20894840,0.21800512,0.22179839,0.22002196
0.27015176,0.26033817,0.25295431,0.25641020,0.27066469,0.28698745,0.29583326,0.29469274,0.28881244,0.28550966,0.28813301,0.29436165,0.29897915,0.29822459,0.29257647,0.28631621,0.28438451,0.28886037,0.29759042,0.30574922,0.30889115,0.30529190,0.29641617,0.28583857,0.27759630,0.27474487,0.27851331,0.28821956,0.30182674,0.31668804,0.32999741,0.33889406,0.34064641,0.33330565,0.31666983,0.29292020,0.26638172,0.24240299,0.22582428,0.21959136,0.22391264,0.23621364,0.25201987,0.26660486,0.27677506,0.28189050,0.28352879,0.28402364,0.28486064,0.28597079,0.28624986
0.18824597,0.19747374,0.19880529,0.19842211,0.19913882,0.19771388,0.18952315,0.17399370,0.15650555,0.14679556,0.15340836,0.17623742,0.20456919,0.22459924,0.22934606,0.22131072,0.20796230,0.19716044,0.19531569,0.20546142,0.22486469,0.24602147,0.26188958,0.27024908,0.27288778,0.27191868,0.26828136,0.26317000,0.25889159,0.25731412,0.25818410,0.25984831,0.26139006,0.26324871,0.26556118,0.26651148,0.26297033,0.25300276,0.23780741,0.22130934,0.20781699,0.19963299,0.19628746,0.19569828,0.19617254,0.19764652,0.20124721,0.20766152,0.21579451,0.22290866,0.22612791
0.24824669,0.24917497,0.25443462,0.26210986,0.26433327,0.25479327,0.23732100,0.22106537,0.21125904,0.20790968,0.20788141,0.20538691,0.19539256,0.17914584,0.16350313,0.15404328,0.15101398,0.15131447,0.15149826,0.14898811,0.14306897,0.13558269,0.12968627,0.12782657,0.13130190,0.14078530,0.15582302,0.17397321,0.19161263,0.20592956,0.21574531,0.22062891,0.22003583,0.21358480,0.20178192,0.18634243,0.17015597,0.15696357,0.15032719,0.15196251,0.16058249,0.17237948,0.18296028,0.18945831,0.19166320,0.19178996,0.19315154,0.19841727,0.20838504,0.22192264,0.23686449
0.14520776,0.13759458,0.12555771,0.11215122,0.09761797,0.08641751,0.08319822,0.08411129,0.08272451,0.07955129,0.07796992,0.07740582,0.07589311,0.07370138,0.07199026,0.07179683,0.07434415,0.07981785,0.08681864,0.09385396,0.09955019,0.10148404,0.09736227,0.08796242,0.07743068,0.07021367,0.06811277,0.06986115,0.07264995,0.07400808,0.07295459,0.07009656,0.06686968,0.06439628,0.06270931,0.06103390,0.05885261,0.05654283,0.05498860,0.05493704,0.05687159,0.06104405,0.06713153,0.07391727,0.07962117,0.08266334,0.08222884,0.07848814,0.07259312,0.06626648,0.06091121
0.25731240,0.24936059,0.23677364,0.22510702,0.21695827,0.21108443,0.20564359,0.20087775,0.19857976,0.19978793,0.20350943,0.20748146,0.20983619,0.21013167,0.20923919,0.20857914,0.20935574,0.21205409,0.21618748,0.22033822,0.22263297,0.22162618,0.21720415,0.21092718,0.20546174,0.20332155,0.20564500,0.21179367,0.22005299,0.22894500,0.23817416,0.24844722,0.26026511,0.27266131,0.28303171,0.28844182,0.28763782,0.28232548,0.27666365,0.27509849,0.27979893,0.28925809,0.29892659,0.30353711,0.29982879,0.28821199,0.27255115,0.25827282,0.24985211,0.24896763,0.25416115
0.14753955,0.15592751,0.16508757,0.17131041,0.17230045,0.16994105,0.16851763,0.17009008,0.17217431,0.17028250,0.16243414,0.15089421,0.13987424,0.13223780,0.12852315,0.12826656,0.13115945,0.13665443,0.14319589,0.14874433,0.15228521,0.15443596,0.15623259,0.15741474,0.15619627,0.15083319,0.14134377,0.12969580,0.11846156,0.10933277,0.10266087,0.09798403,0.09477117,0.09285542,0.09254900,0.09452676,0.09939111,0.10694797,0.11566796,0.12297056,0.12642735,0.12513560,0.12023052,0.11414379,0.10920836,0.10663378,0.10640157,0.10779863,0.10992422,0.11182858,0.11250224
0.26356390,0.26836199,0.27277956,0.27070398,0.26372625,0.25606091,0.25112710,0.24525389,0.23104641,0.21045767,0.19596248,0.19771497,0.21287905,0.23341111,0.24762614,0.25416802,0.25845640,0.26806009,0.28304594,0.29983280,0.31167671,0.31443627,0.30699921,0.28903450,0.26516907,0.24095709,0.22209842,0.21022154,0.20503415,0.20514456,0.20727360,0.21026416,0.21433238,0.22211116,0.23502294,0.25125069,0.26930612,0.28675949,0.30030096,0.30741682,0.30799818,0.30348005,0.29396243,0.28070770,0.26727678,0.25736637,0.25386363,0.25663219,0.26220242,0.26524978,0.26071375
0.22454043,0.21780850,0.21134704,0.20988679,0.21356059,0.22060998,0.23035418,0.24281328,0.25635118,0.26718272,0.27190290,0.27023453,0.26486921,0.25864407,0.25217377,0.24432807,0.23477856,0.22576658,0.22117542,0.22365758,0.23232521,0.24296216,0.25060937,0.25256701,0.24968399,0.24522195,0.24238283,0.24239724,0.24436067,0.24648200,0.24739818,0.24650326,0.24341837,0.23758465,0.22868314,0.21752593,0.20636168,0.19796233,0.19402969,0.19422816,0.19671819,0.19977701,0.20311491,0.20773182,0.21442515,0.22225998,0.22841317,0.22971927,0.22487374,0.21568656,0.20643493
0.22946225,0.22213360,0.22044933,0.22503430,0.23198109,0.24065686,0.25325195,0.26881629,0.28086019,0.28099415,0.26549080,0.23902515,0.21110146,0.18855178,0.17248844,0.16117246,0.15240167,0.14305480,0.13033795,0.11558011,0.10448984,0.10161079,0.10581909,0.11273728,0.12015809,0.12909091,0.14012374,0.15093417,0.15800353,0.15976428,0.15769242,0.15515833,0.15555842,0.16050980,0.16865267,0.17622670,0.17973124,0.17868621,0.17590272,0.17508908,0.17824761,0.18502774,0.19373100,0.20226873,0.20836664,0.20978509,0.20520789,0.19519940,0.18216495,0.16920955,0.15887565
0.23648833,0.21787223,0.19959733,0.19138075,0.19640884,0.20874770,0.22055971,0.23038511,0.23983001,0.24890805,0.25993051,0.27668542,0.29615014,0.30990315,0.31382320,0.30909779,0.29753624,0.28283225,0.27159317,0.26731986,0.26709611,0.26694764,0.26646456,0.26688179,0.26853689,0.27133201,0.27506041,0.27871180,0.28102220,0.28176952,0.28174811,0.28195338,0.28344553,0.28750627,0.29513886,0.30600106,0.31748688,0.32509429,0.32502459,0.31757386,0.30763391,0.30089025,0.29926808,0.30010200,0.29913147,0.29382833,0.28461970,0.27425426,0.26626279,0.26307574,0.26473349
0.06958783,0.07320055,0.07234758,0.06818232,0.06365606,0.06130414,0.06192845,0.06513574,0.06976459,0.07354142,0.07395216,0.07051299,0.06533585,0.06073238,0.05712799,0.05402733,0.05195270,0.05221118,0.05538919,0.06136518,0.07039311,0.08259695,0.09622256,0.10801682,0.11638818,0.12324954,0.13134453,0.13989295,0.14414540,0.13982394,0.12748321,0.11213394,0.09911297,0.09083441,0.08694555,0.08624618,0.08771003,0.09023374,0.09254221,0.09390485,0.09471890,0.09601514,0.09833174,0.10115316,0.10334461,0.10392551,0.10247298,0.09919143,0.09501395,0.09162167,0.09085272
0.28350449,0.26818855,0.25465163,0.24737666,0.24916847,0.25720188,0.26496528,0.26704210,0.26154806,0.24983505,0.23555662,0.22342412,0.21733019,0.21905583,0.22853446,0.24439378,0.26348046,0.28077995,0.29169134,0.29519095,0.29416049,0.29223786,0.29104812,0.29101809,0.29385672,0.30238348,0.31711822,0.33381022,0.34546285,0.34721517,0.33920389,0.32493266,0.30747495,0.28753297,0.26469606,0.23976095,0.21537718,0.19454570,0.17875528,0.16757624,0.15979676,0.15474093,0.15256048,0.15352647,0.15723713,0.16246607,0.16760997,0.17128443,0.17281234,0.17261752,0.17240702
0.21295398,0.22999881,0.23591625,0.23771755,0.24333539,0.24845421,0.24545822,0.23657290,0.22924597,0.22604848,0.22352993,0.21712600,0.20603897,0.19392915,0.18519741,0.18203533,0.18438497,0.18998925,0.19452521,0.19416834,0.18821652,0.17753234,0.16217622,0.14437633,0.13174368,0.13189693,0.14496296,0.16562620,0.18935873,0.21198673,0.22763657,0.23296024,0.23072264,0.22579374,0.22056849,0.21596301,0.21280363,0.21018514,0.20550026,0.19757742,0.18796227,0.17891988,0.17190429,0.16769636,0.16624827,0.16629937,0.16615188,0.16476776,0.16178301,0.15717778,0.15157929
0.10929548,0.08858908,0.07341507,0.06158551,0.05267773,0.04901204,0.05299255,0.06423313,0.07957616,0.09539037,0.10935626,0.12042698,0.12807513,0.13221026,0.13359214,0.13362031,0.13321076,0.13183719,0.12790964,0.12031446,0.10970941,0.09843740,0.08928889,0.08425218,0.08407868,0.08865005,0.09768243,0.11126416,0.12974395,0.15275000,0.17794037,0.20084423,0.21665979,0.22308608,0.22191657,0.21791491,0.21589048,0.21845471,0.22602599,0.23830005,0.25514213,0.27589239,0.29810193,0.31751428,0.32992896,0.33372254,0.33106727,0.32683948,0.32590305,0.33051965,0.33943117
0.12238587,0.11818441,0.11105067,0.10260581,0.09207513,0.07759086,0.06058873,0.04593446,0.03856769,0.04139875,0.05442740,0.07414611,0.09515411,0.11377441,0.12991922,0.14567247,0.16292984,0.18211548,0.20203252,0.22050159,0.23520943,0.24392813,0.24452844,0.23614795,0.22098939,0.20425728,0.19149221,0.18577574,0.18718304,0.19399498,0.20384325,0.21414924,0.22230657,0.22590803,0.22315047,0.21364492,0.19926856,0.18393600,0.17186661,0.16566758,0.16590488,0.17209402,0.18355051,0.19923779,0.21738052,0.23579143,0.25260842,0.26652748,0.27648857,0.28163977,0.28190089
0.06694097,0.08240775,0.10058420,0.11646407,0.11969845,0.10868672,0.09510904,0.08852903,0.08664680,0.08407180,0.08015894,0.07572111,0.07037036,0.06488465,0.06116388,0.05948986,0.05854646,0.05733204,0.05554227,0.05348752,0.05275695,0.05565911,0.06316689,0.07433848,0.08799896,0.10358770,0.11953517,0.13196520,0.13665222,0.13266579,0.12360158,0.11514112,0.11168180,0.11480719,0.12349792,0.13479524,0.14490035,0.15109375,0.15325070,0.15314856,0.15203428,0.14917706,0.14303269,0.13349425,0.12257029,0.11288937,0.10581134,0.10093360,0.09701997,0.09316467,0.08928952
0.28178573,0.28559855,0.30391349,0.33324256,0.36021028,0.37528303,0.37937647,0.37497424,0.36056831,0.33864714,0.32095217,0.31845698,0.32911885,0.34033649,0.34195957,0.33380471,0.32201271,0.31159102,0.30289104,0.29329156,0.28120243,0.26864074,0.25992754,0.25762633,0.25991817,0.26213619,0.26057392,0.25469506,0.24640208,0.23805491,0.23105932,0.22535854,0.21957434,0.21176082,0.20050356,0.18569979,0.16870417,0.15213045,0.13942448,0.13383489,0.13686431,0.14735021,0.16221654,0.17828021,0.19333951,0.20582507,0.21427199,0.21802965,0.21858119,0.21933236,0.22306715
0.17394822,0.17141381,0.17948508,0.19480748,0.21041113,0.22053090,0.22421899,0.22482392,0.22618876,0.22917343,0.23130565,0.22943357,0.22305478,0.21571256,0.21312326,0.21896643,0.23143949,0.24373834,0.24861090,0.24332951,0.23079199,0.21608714,0.20216785,0.18875257,0.17487310,0.16174559,0.15273525,0.15058090,0.15485097,0.16208040,0.16823822,0.17120485,0.17144250,0.17093299,0.17166063,0.17466058,0.17978447,0.18591636,0.19150031,0.19531969,0.19720691,0.19815090,0.19957502,0.20223716,0.20559387,0.20812940,0.20836089,0.20571918,0.20070621,0.19439128,0.18779148
0.28964912,0.29222112,0.28559570,0.27495212,0.26708187,0.26391463,0.26291724,0.25999073,0.25452585,0.24959145,0.24656242,0.24311302,0.23620179,0.22550836,0.21368889,0.20338958,0.19586732,0.19253220,0.19501996,0.20391293,0.21873808,0.23728783,0.25460227,0.26589628,0.27094830,0.27313569,0.27492154,0.27679960,0.27896711,0.28038993,0.27718428,0.26591547,0.24875712,0.23233613,0.22122855,0.21508193,0.21182331,0.21072935,0.21202827,0.21583328,0.22179777,0.22813606,0.23126474,0.22848606,0.22135240,0.21488256,0.21291368,0.21482324,0.21662565,0.21439431,0.20675581
0.15002028,0.15368780,0.14742779,0.12299559,0.09495612,0.08201382,0.08182695,0.08266282,0.08238209,0.08417899,0.08835107,0.09391480,0.09934760,0.10147657,0.09851530,0.09222094,0.08530380,0.07936043,0.07542962,0.07402145,0.07461176,0.07624402,0.07805636,0.07900631,0.07835435,0.07682898,0.07628142,0.07775018,0.08051772,0.08336667,0.08619912,0.08996115,0.09520395,0.10109951,0.10580484,0.10753043,0.10539644,0.09976621,0.09205320,0.08405421,0.07719238,0.07223444,0.06955248,0.06943004,0.07204778,0.07727802,0.08453151,0.09273005,0.10046726,0.10641606,0.10978162
0.10547262,0.10114051,0.09991574,0.10295297,0.10993085,0.11947496,0.12919595,0.13655491,0.14059911,0.14256834,0.14434184,0.14650844,0.14817630,0.14814271,0.14561200,0.14004218,0.13121797,0.11991978,0.10811008,0.09791739,0.09034333,0.08505108,0.08124142,0.07845714,0.07660924,0.07563084,0.07535509,0.07554558,0.07573307,0.07501597,0.07233809,0.06726682,0.06056910,0.05394170,0.04908305,0.04689701,0.04733997,0.04972806,0.05306766,0.05630286,0.05866385,0.06009634,0.06137265,0.06355738,0.06709189,0.07124633,0.07447251,0.07542729,0.07386080,0.07071864,0.06749465
0.12218493,0.10897901,0.10933839,0.12188524,0.14009198,0.15738151,0.17141533,0.18337815,0.19455465,0.20480910,0.21343004,0.21960539,0.22194990,0.21916612,0.21209425,0.20423240,0.19899866,0.19640873,0.19310457,0.18579118,0.17426442,0.16118241,0.14972367,0.14201030,0.13913736,0.14130830,0.14704760,0.15257871,0.15298830,0.14494273,0.12884799,0.10870186,0.08995908,0.07721489,0.07312802,0.07859001,0.09327591,0.11592523,0.14434514,0.17543711,0.20544746,0.23048563,0.24730377,0.25422589,0.25186965,0.24315864,0.23238103,0.22365062,0.21959454,0.22097699,0.22730216
0.16126884,0.14771432,0.13645535,0.12929191,0.12615482,0.12703429,0.13228037,0.14111197,0.15116185,0.15989926,0.16589174,0.16858926,0.16761497,0.16264465,0.15357277,0.14058083,0.12456538,0.10789332,0.09412796,0.08590901,0.08265034,0.08076053,0.07671175,0.07011021,0.06386070,0.06160914,0.06517099,0.07397572,0.08608669,0.09918913,0.11092596,0.11922033,0.12304531,0.12303594,0.12107336,0.11896120,0.11731772,0.11559961,0.11303734,0.10950099,0.10564299,0.10251237,0.10120140,0.10272414,0.10786335,0.11677607,0.12859996,0.14152779,0.15348278,0.16296841,0.16948642
0.22505546,0.19668542,0.16621253,0.14316804,0.13232478,0.13476972,0.14911642,0.17092618,0.19284601,0.20746183,0.21086916,0.20380037,0.19005167,0.17443640,0.16166882,0.15555163,0.15767391,0.16633284,0.17709007,0.18510573,0.18760790,0.18463825,0.17786351,0.16901287,0.15952794,0.15132924,0.14712939,0.14916400,0.15712526,0.16733395,0.17431459,0.17378881,0.16485215,0.14990623,0.13282740,0.11700947,0.10449816,0.09620853,0.09244860,0.09313724,0.09770437,0.10500931,0.11350939,0.12162688,0.12810406,0.13217597,0.13352992,0.13215127,0.12820760,0.12206115,0.11435184
0.22514961,0.21558616,0.20856135,0.20643208,0.20932715,0.21811692,0.23259167,0.24841749,0.26020488,0.26649064,0.26882162,0.26743645,0.26094269,0.24993664,0.23882656,0.23363718,0.23809415,0.25034958,0.26229140,0.26368141,0.25003887,0.22762219,0.20949392,0.20538306,0.21492203,0.23010724,0.24307532,0.25099991,0.25480640,0.25532153,0.25172832,0.24313964,0.23053539,0.21670698,0.20451945,0.19535625,0.18896093,0.18442407,0.18134520,0.18045264,0.18349164,0.19249119,0.20866242,0.23137875,0.25782806,0.28370336,0.30468163,0.31788099,0.32250744,0.31952783,0.31087398
0.13883046,0.13288467,0.13645046,0.14339762,0.14498097,0.13794709,0.12436400,0.11130163,0.10428842,0.10452763,0.11219231,0.12567438,0.14344150,0.16468602,0.18258315,0.18706682,0.17668418,0.15879344,0.14009890,0.12236506,0.10508979,0.08907532,0.07654895,0.06942670,0.06912762,0.07636832,0.09063997,0.11155858,0.13866342,0.16815718,0.19330770,0.20947364,0.21625023,0.21545706,0.20949546,0.20055475,0.18989687,0.17842527,0.16751092,0.15835674,0.15137602,0.14662459,0.14387194,0.14235721,0.14143645,0.14116318,0.14175908,0.14320327,0.14552568,0.14861911,0.15170549
0.14285823,0.14103152,0.13998549,0.14174742,0.14545183,0.15060798,0.15799765,0.16660932,0.17252327,0.17307127,0.17109972,0.17299876,0.18220963,0.19575677,0.20733665,0.21273515,0.21183125,0.20663422,0.19892583,0.18971348,0.17947656,0.16796620,0.15433742,0.13864693,0.12354910,0.11382706,0.11343937,0.12268726,0.13817036,0.15526941,0.17049349,0.18178635,0.18750563,0.18604863,0.17682528,0.16135962,0.14303940,0.12550063,0.11099233,0.09992248,0.09157584,0.08511131,0.08008702,0.07643412,0.07420401,0.07334358,0.07356490,0.07434608,0.07511936,0.07557891,0.07586029
0.22409949,0.19052767,0.15452901,0.13260442,0.12214018,0.11476476,0.10931456,0.10855380,0.11283163,0.12109700,0.13247662,0.14390727,0.15014288,0.14889203,0.14420436,0.14311357,0.14947095,0.16119749,0.17241492,0.17780857,0.17580063,0.16840718,0.15850665,0.14777482,0.13742178,0.12991485,0.12841760,0.13394132,0.14370201,0.15308141,0.15935655,0.16333648,0.16745754,0.17269723,0.17768740,0.18082198,0.18285866,0.18692643,0.19555757,0.20757112,0.21799180,0.22130623,0.21524742,0.20206763,0.18679549,0.17440309,0.16793478,0.16809622,0.17364522,0.18204856,0.19037721
0.13867858,0.13087703,0.13491089,0.14441660,0.15257997,0.15827671,0.16305454,0.16583946,0.16421498,0.15931370,0.15578333,0.15595655,0.15582037,0.14855050,0.13224762,0.11324423,0.10123281,0.10162943,0.11288460,0.12984625,0.14804447,0.16493638,0.17891204,0.18852031,0.19274218,0.19176123,0.18740084,0.18237571,0.17838615,0.17486882,0.17024082,0.16449843,0.15974475,0.15749844,0.15605241,0.15160244,0.14228907,0.13055442,0.12117326,0.11737598,0.11931938,0.12594645,0.13737407,0.15487403,0.17869735,0.20637104,0.23330743,0.25508283,0.26938792,0.27638941,0.27779650
0.11532356,0.12265681,0.12475674,0.11827413,0.10759490,0.10093078,0.10337895,0.11445370,0.13043938,0.14741500,0.16216260,0.17132002,0.17120846,0.16001344,0.14042448,0.11897003,0.10179535,0.09120798,0.08625286,0.08544244,0.08795456,0.09286859,0.09872598,0.10434322,0.10946425,0.11417876,0.11794426,0.11951456,0.11784664,0.11306151,0.10664828,0.10070417,0.09660243,0.09400109,0.09109254,0.08605197,0.07851604,0.06990700,0.06257635,0.05868969,0.05953315,0.06515785,0.07416101,0.08388718,0.09138425,0.09471990,0.09369080,0.08942196,0.08339091,0.07678851,0.07047226
0.08624515,0.06165990,0.05162136,0.05333217,0.06116291,0.07214617,0.08344022,0.09180660,0.09666245,0.09979889,0.10247105,0.10539971,0.11029631,0.11877456,0.13059853,0.14456063,0.15984610,0.17525925,0.18863226,0.19854070,0.20542609,0.20962638,0.20955007,0.20374538,0.19424731,0.18580493,0.18126880,0.17899908,0.17550258,0.16981792,0.16458379,0.16329841,0.16728768,0.17508594,0.18386548,0.19126784,0.19671597,0.20185350,0.20959266,0.22170994,0.23643949,0.24837881,0.25158004,0.24381592,0.22852407,0.21261353,0.20180071,0.19718788,0.19554542,0.19252462,0.18586129
0.12257548,0.11390326,0.10722391,0.10272676,0.09992890,0.09814824,0.09759856,0.09948231,0.10432276,0.11083766,0.11714613,0.12248011,0.12710111,0.13135259,0.13576455,0.14139902,0.14858150,0.15510698,0.15692695,0.15147374,0.14008001,0.12683131,0.11537426,0.10704587,0.10139472,0.09744325,0.09415661,0.09038213,0.08516290,0.07839325,0.07105491,0.06473434,0.06091318,0.06059509,0.06431538,0.07222887,0.08404831,0.09882400,0.11470661,0.12894921,0.13842970,0.14072178,0.13526201,0.12387996,0.11024165,0.09844106,0.09149550,0.09047386,0.09453402,0.10166914,0.10972199
0.18277583,0.18011176,0.17644055,0.17816723,0.18723812,0.20105026,0.21515680,0.22629026,0.23355607,0.23676237,0.23439863,0.22481206,0.20939300,0.19301695,0.18073298,0.17486050,0.17525532,0.18067491,0.18886634,0.19653559,0.20094442,0.20175777,0.20070542,0.19958830,0.19935099,0.20101924,0.20643738,0.21716505,0.23263100,0.24969304,0.26404470,0.27205966,0.27177042,0.26294467,0.24689787,0.22639338,0.20547892,0.18889324,0.18078769,0.18299199,0.19376653,0.20819564,0.22043445,0.22648748,0.22561911,0.21966476,0.21131979,0.20305712,0.19717299,0.19602853,0.20149170
0.23528631,0.24281040,0.24629035,0.24383726,0.24051580,0.23883694,0.23696868,0.23675698,0.24487843,0.26342879,0.28571124,0.30354802,0.31366538,0.31565220,0.30933252,0.29686265,0.28332774,0.27219461,0.26217340,0.25011834,0.23492181,0.21738802,0.19903401,0.18351198,0.17751752,0.18697368,0.21150932,0.24384194,0.27478565,0.29816913,0.31159453,0.31478806,0.30885493,0.29659405,0.28202235,0.26879111,0.25896835,0.25305197,0.25054880,0.25030964,0.25070708,0.25003696,0.24704544,0.24129099,0.23337173,0.22508923,0.21918306,0.21823286,0.22315949,0.23253352,0.24344404
0.12760071,0.11167434,0.10377792,0.10508434,0.11381382,0.12536837,0.13594778,0.14543849,0.15592119,0.16781924,0.17851400,0.18496495,0.18704117,0.18761871,0.18944870,0.19254934,0.19500061,0.19568383,0.19521659,0.19406229,0.19089652,0.18412047,0.17493158,0.16758051,0.16543806,0.16682561,0.16552924,0.15607174,0.13871795,0.11952485,0.10577628,0.10118956,0.10456378,0.11180279,0.11876223,0.12294771,0.12395997,0.12337408,0.12421253,0.12973993,0.14180087,0.15965380,0.18016385,0.19927363,0.21380721,0.22261739,0.22668782,0.22839007,0.23031674,0.23411800,0.23977245
0.18323681,0.19189116,0.20907419,0.22729372,0.23636588,0.23397029,0.22911895,0.23191834,0.24308329,0.25570532,0.26390295,0.26683831,0.26635454,0.26365784,0.25827647,0.24923739,0.23739787,0.22649422,0.22076856,0.22142380,0.22674906,0.23590486,0.25043430,0.27041949,0.29062721,0.30331226,0.30566736,0.30303808,0.30361374,0.31043530,0.31935894,0.32430549,0.32327970,0.31900590,0.31467427,0.31001306,0.30146335,0.28563836,0.26257965,0.23626341,0.21242964,0.19563864,0.18755798,0.18728146,0.19295602,0.20316476,0.21698020,0.23298533,0.24861971,0.26089998,0.26813677
0.10542782,0.11614672,0.12656883,0.13477203,0.14192159,0.15045703,0.16102680,0.17190881,0.18114148,0.18812797,0.19300609,0.19552409,0.19525364,0.19256008,0.18898325,0.18687196,0.18862978,0.19553149,0.20654538,0.21849407,0.22800417,0.23349359,0.23511805,0.23309427,0.22690522,0.21665542,0.20487640,0.19625402,0.19499975,0.20205303,0.21431284,0.22619067,0.23222556,0.22933531,0.21782020,0.20080429,0.18249629,0.16642018,0.15481926,0.14931105,0.15152509,0.16246928,0.18095593,0.20288016,0.22269607,0.23633947,0.24325857,0.24586870,0.24705222,0.24799528,0.24810170
0.08592446,0.08172068,0.08039477,0.08216218,0.08639585,0.09224777,0.09883286,0.10515493,0.11023125,0.11346442,0.11487372,0.11490234,0.11398435,0.11229788,0.10989350,0.10697547,0.10397787,0.10132262,0.09909190,0.09695616,0.09448440,0.09162479,0.08896552,0.08751589,0.08809399,0.09071410,0.09439983,0.09757585,0.09881049,0.09746912,0.09393382,0.08934621,0.08509941,0.08236740,0.08183372,0.08361833,0.08733444,0.09223730,0.09745932,0.10229077,0.10639292,0.10981684,0.11280143,0.11548150,0.11772372,0.11923506,0.11988983,0.12003832,0.12053476,0.12239063,0.12621324
0.09124862,0.08869042,0.08681288,0.08478117,0.08175290,0.07802279,0.07433963,0.07093899,0.06774698,0.06508539,0.06350891,0.06294956,0.06250529,0.06128168,0.05925350,0.05721839,0.05611537,0.05648235,0.05828345,0.06089043,0.06320824,0.06411806,0.06308297,0.06043632,0.05712314,0.05417404,0.05230232,0.05173095,0.05219707,0.05318176,0.05436794,0.05599221,0.05862274,0.06239639,0.06646038,0.06937740,0.07034209,0.07010963,0.07062931,0.07352769,0.07869085,0.08416704,0.08748702,0.08733658,0.08431464,0.08032861,0.07722290,0.07567680,0.07504130,0.07404023,0.07172423
0.16426783,0.17266339,0.17640563,0.17694644,0.17591213,0.17415534,0.17452281,0.17795443,0.18147628,0.18310035,0.18277421,0.17900194,0.17163277,0.16616828,0.16812432,0.17452642,0.17657649,0.16954602,0.15618773,0.14192655,0.13024945,0.12230526,0.11808372,0.11680432,0.11702373,0.11756275,0.11881349,0.12265173,0.13033466,0.14058580,0.15036960,0.15754572,0.16234274,0.16646021,0.17131766,0.17699460,0.18214051,0.18479934,0.18381481,0.17957116,0.17315188,0.16505135,0.15533678,0.14500278,0.13633044,0.13148064,0.13119561,0.13524824,0.14358491,0.15615577,0.17161349
0.20725263,0.20464514,0.20003888,0.19613698,0.19485169,0.19521977,0.19497768,0.19291630,0.18931279,0.18508938,0.18129437,0.17885019,0.17795785,0.17775869,0.17712919,0.17596705,0.17541766,0.17673921,0.18015786,0.18485702,0.18968995,0.19354695,0.19521979,0.19352778,0.18807827,0.17999441,0.17174523,0.16609667,0.16501812,0.16922110,0.17826532,0.19080388,0.20482291,0.21807158,0.22874499,0.23607310,0.24037167,0.24251540,0.24327780,0.24303456,0.24192653,0.24016257,0.23810732,0.23610295,0.23425699,0.23241993,0.23034500,0.22784922,0.22485207,0.22136275,0.21758034
0.17282637,0.16906933,0.16751188,0.17049071,0.17797657,0.18689457,0.19403104,0.19880574,0.20240908,0.20524357,0.20638166,0.20495682,0.20099264,0.19525722,0.18943801,0.18623116,0.18778516,0.19343884,0.19993580,0.20472933,0.20854157,0.21365552,0.21979659,0.22288060,0.21865437,0.20733879,0.19410600,0.18487700,0.18177712,0.18237631,0.18262007,0.18015779,0.17540885,0.17042895,0.16725301,0.16692144,0.16925138,0.17300350,0.17635225,0.17767628,0.17639458,0.17335158,0.17048411,0.16997465,0.17335995,0.18097905,0.19191606,0.20441271,0.21658191,0.22709823,0.23548932
0.23735567,0.23104192,0.20890206,0.18699678,0.17567416,0.17358892,0.17315575,0.16900511,0.16136637,0.15335407,0.14682717,0.14117386,0.13507533,0.12851740,0.12323146,0.12179935,0.12634543,0.13741293,0.15339515,0.17075559,0.18496975,0.19191415,0.18938666,0.17826558,0.16262141,0.14842333,0.14129493,0.14432548,0.15681661,0.17441383,0.19071490,0.19996362,0.19969427,0.19180415,0.18126205,0.17324072,0.17056636,0.17298406,0.17824671,0.18382461,0.18802967,0.19022288,0.19051630,0.18942040,0.18752043,0.18510090,0.18184098,0.17689551,0.16948051,0.15962346,0.14850683
0.10908623,0.11032989,0.10935952,0.10448169,0.09765715,0.09174728,0.08750997,0.08398951,0.08116765,0.08110513,0.08602064,0.09549960,0.10596920,0.11311546,0.11500418,0.11322566,0.11144226,0.11290818,0.11888278,0.12860873,0.14024079,0.15178697,0.16156906,0.16828075,0.17101916,0.16956980,0.16484055,0.15900986,0.15503527,0.15561186,0.16204969,0.17356712,0.18730463,0.19916766,0.20534983,0.20397065,0.19596475,0.18465006,0.17424255,0.16825456,0.16856810,0.17524452,0.18667456,0.19991659,0.21148947,0.21870431,0.22088455,0.21945879,0.21661165,0.21345785,0.20928272
0.31861483,0.32360783,0.32709788,0.32546803,0.31657936,0.30321414,0.29006633,0.27961934,0.27209619,0.26778507,0.26789707,0.27353047,0.28434908,0.29770894,0.30880942,0.31297037,0.30926036,0.30182124,0.29646962,0.29553920,0.29664284,0.29676232,0.29672820,0.30073509,0.31156849,0.32718864,0.34240692,0.35341051,0.36009782,0.36431595,0.36681557,0.36658318,0.36285054,0.35688543,0.35116270,0.34670095,0.34148801,0.33185580,0.31576777,0.29520705,0.27567621,0.26319067,0.26093602,0.26774569,0.27911956,0.28988201,0.29677007,0.29951917,0.30003591,0.30039907,0.30108918
0.16137309,0.15840791,0.16023204,0.16648767,0.17635682,0.18645124,0.18933698,0.18045594,0.16455123,0.15134039,0.14621728,0.14722544,0.14912489,0.14816397,0.14408883,0.13969284,0.13863108,0.14272129,0.15072728,0.15941568,0.16575490,0.16871385,0.16960917,0.17053669,0.17185404,0.17116656,0.16525374,0.15317132,0.13733220,0.12169513,0.10924741,0.10112100,0.09743083,0.09833801,0.10421643,0.11496631,0.12924032,0.14445106,0.15794187,0.16866064,0.17786235,0.18791027,0.19998685,0.21270471,0.22284226,0.22747148,0.22563907,0.21848026,0.20818741,0.19701729,0.18701529
0.18245511,0.17595712,0.17117740,0.16434518,0.15598974,0.14905972,0.14438355,0.14071240,0.13779995,0.13681384,0.13796608,0.13976666,0.14089775,0.14124776,0.14050592,0.13712673,0.12997805,0.12056632,0.11248398,0.10853316,0.10909907,0.11337015,0.12104060,0.13181928,0.14358613,0.15232019,0.15484541,0.15175672,0.14728761,0.14603825,0.14964529,0.15625188,0.16269665,0.16702247,0.16925784,0.17044232,0.17127118,0.17152227,0.17040139,0.16728261,0.16232763,0.15670024,0.15223439,0.15059500,0.15231846,0.15637204,0.16063844,0.16305812,0.16261800,0.15949967,0.15441732
0.13892038,0.11625258,0.10290063,0.10466496,0.12061583,0.14246412,0.15982595,0.16722349,0.16672036,0.16416107,0.16293930,0.16128660,0.15518338,0.14311127,0.12733277,0.11086388,0.09441921,0.07721348,0.06031335,0.04788455,0.04427450,0.04998109,0.06090238,0.07154366,0.07879605,0.08296050,0.08602655,0.08961660,0.09430053,0.09993588,0.10594976,0.11133952,0.11492701,0.11602506,0.11493900,0.11278892,0.11090578,0.11046574,0.11257133,0.11832150,0.12841587,0.14248907,0.15884279,0.17496262,0.18850145,0.19804965,0.20330760,0.20482370,0.20368612,0.20134281,0.19942876
0.22037398,0.21455116,0.21162525,0.21476641,0.22333333,0.23367985,0.24202939,0.24652045,0.24801382,0.24987705,0.25564196,0.26551164,0.27570158,0.28177449,0.28178758,0.27609444,0.26615023,0.25496518,0.24696630,0.24471593,0.24584087,0.24536331,0.24165446,0.23834013,0.23920445,0.24249847,0.24205179,0.23391031,0.22058270,0.20846862,0.20214671,0.20168924,0.20441307,0.20761358,0.20931241,0.20768621,0.20137479,0.19096359,0.17975100,0.17230713,0.17165157,0.17741332,0.18655134,0.19599360,0.20494001,0.21489043,0.22739160,0.24145882,0.25298925,0.25688411,0.25034620
0.32406167,0.32179817,0.30844674,0.28529038,0.26212771,0.24729385,0.24166416,0.24134465,0.24297338,0.24858935,0.26138338,0.27802554,0.29402092,0.31081043,0.32889722,0.34287449,0.34912152,0.34971273,0.34716162,0.34292086,0.34000739,0.34068328,0.34194370,0.33689009,0.32131323,0.29853150,0.27741874,0.26552189,0.26472276,0.27272046,0.28552336,0.29770070,0.30352995,0.30015762,0.28872231,0.27217867,0.25336796,0.23479008,0.21825520,0.20439994,0.19357836,0.18713859,0.18703924,0.19444765,0.20911291,0.22931673,0.25165339,0.27159528,0.28558747,0.29299104,0.29585412
0.10191723,0.10054986,0.10463213,0.10917563,0.11192332,0.11417323,0.11685518,0.12351200,0.13600487,0.14630228,0.14672370,0.14092860,0.13663752,0.13745483,0.14320215,0.15125171,0.15740884,0.15744102,0.14972561,0.13729872,0.12483973,0.11450344,0.10698241,0.10385421,0.10777364,0.12187118,0.14634034,0.17521823,0.20059627,0.21791993,0.22389833,0.21591741,0.19828138,0.18197625,0.17406572,0.17244606,0.17168385,0.16836796,0.16096725,0.14943893,0.13538885,0.12066441,0.10672229,0.09577079,0.09033444,0.09117824,0.09726752,0.10752705,0.12114263,0.13662948,0.15188977
0.06526831,0.06848064,0.07657078,0.08797468,0.09976446,0.10874379,0.11305596,0.11317018,0.11123054,0.10936161,0.10855497,0.10885497,0.11009639,0.11220963,0.11495690,0.11761541,0.11903064,0.11804215,0.11401814,0.10721501,0.09879723,0.09050093,0.08403759,0.08042057,0.07948891,0.07992626,0.07987736,0.07787324,0.07350128,0.06741128,0.06076062,0.05461430,0.04974051,0.04676821,0.04628507,0.04855348,0.05301639,0.05814406,0.06200198,0.06329211,0.06211383,0.05983195,0.05815691,0.05818907,0.06013959,0.06375453,0.06881408,0.07510251,0.08190602,0.08770050,0.09059764
0.06492829,0.05202734,0.04644875,0.04838677,0.05840248,0.07237882,0.08245244,0.08465169,0.08154308,0.07782432,0.07634855,0.07734881,0.07882209,0.07786620,0.07307580,0.06594142,0.05998964,0.05871274,0.06351589,0.07256249,0.08170079,0.08730576,0.08847534,0.08652260,0.08293006,0.07828142,0.07272593,0.06667280,0.06086342,0.05611106,0.05311082,0.05232208,0.05385792,0.05737782,0.06198139,0.06628928,0.06901974,0.06987186,0.06986836,0.07061520,0.07310119,0.07718650,0.08207003,0.08695223,0.09119553,0.09417785,0.09537055,0.09462652,0.09222587,0.08855825,0.08384427
0.19785680,0.20209136,0.20349056,0.20006100,0.19374804,0.18781512,0.18488635,0.18607447,0.18984798,0.19312003,0.19551083,0.20104957,0.21317205,0.22891889,0.24061586,0.24325920,0.23853481,0.23202503,0.22878504,0.23192825,0.24280383,0.26012988,0.27922077,0.29367673,0.29878689,0.29378448,0.28170724,0.26775993,0.25713135,0.25279293,0.25444287,0.25972864,0.26674823,0.27502481,0.28375411,0.28970573,0.28804558,0.27600414,0.25573611,0.23333498,0.21502103,0.20419954,0.20155869,0.20688649,0.21993934,0.23955229,0.26257751,0.28438778,0.30078093,0.30958801,0.31072922
0.12284629,0.11966596,0.12766103,0.14743789,0.17723520,0.21085956,0.23791736,0.25057248,0.24971390,0.24220296,0.23289020,0.22131050,0.20518142,0.18453241,0.16212017,0.14149670,0.12521682,0.11389095,0.10642131,0.10161276,0.09970962,0.10196261,0.10886587,0.11963241,0.13346833,0.15023163,0.16895553,0.18633894,0.19807240,0.20225482,0.20108021,0.19871436,0.19760770,0.19700237,0.19464869,0.18946459,0.18262033,0.17670959,0.17429943,0.17691314,0.18458659,0.19588485,0.20846325,0.22007274,0.22941942,0.23629365,0.24107370,0.24427428,0.24654587,0.24880394,0.25193631
0.07643210,0.06840581,0.06298994,0.06209543,0.06647794,0.07510340,0.08565856,0.09610946,0.10559649,0.11363847,0.11889441,0.11942832,0.11448540,0.10573567,0.09640575,0.08908164,0.08435450,0.08140598,0.07953589,0.07889969,0.07990129,0.08221095,0.08459796,0.08571204,0.08496528,0.08274381,0.07997604,0.07759809,0.07625436,0.07613329,0.07679126,0.07713250,0.07583928,0.07218822,0.06670924,0.06112528,0.05754473,0.05745430,0.06114161,0.06776680,0.07585960,0.08391192,0.09088764,0.09656941,0.10160240,0.10708814,0.11382846,0.12167322,0.12949255,0.13587890,0.14007858
0.23079603,0.21907996,0.20792350,0.20175549,0.20177003,0.20379495,0.20197689,0.19532220,0.18972812,0.19276204,0.20673945,0.22725912,0.24769794,0.26396004,0.27508261,0.28107684,0.28186500,0.27824186,0.27244911,0.26668837,0.26111641,0.25394562,0.24386675,0.23226596,0.22286513,0.21906138,0.22137625,0.22710043,0.23221072,0.23396597,0.23238781,0.22981249,0.22899473,0.23113780,0.23525913,0.23935738,0.24243557,0.24563793,0.25139433,0.26117217,0.27375460,0.28563667,0.29334896,0.29584502,0.29502823,0.29408369,0.29508730,0.29781906,0.30052211,0.30167044,0.30110907
0.20514375,0.22759791,0.23560868,0.23052781,0.21775079,0.20498501,0.19541634,0.18566584,0.17257799,0.15811002,0.14649672,0.14117511,0.14500761,0.15821439,0.17503579,0.18757208,0.19457408,0.20211682,0.21395381,0.22545339,0.22971837,0.22655981,0.22217713,0.22154146,0.22407231,0.22637534,0.22664456,0.22570440,0.22534377,0.22674051,0.22987136,0.23339756,0.23497556,0.23230426,0.22454609,0.21305765,0.20062403,0.18954856,0.18012635,0.17099493,0.16118028,0.15180406,0.14559581,0.14467244,0.14889865,0.15632673,0.16482264,0.17298120,0.17979535,0.18421050,0.18553558
0.12676787,0.11834382,0.10968955,0.10105997,0.09112413,0.08202243,0.07822722,0.08102643,0.08716359,0.09291414,0.09714647,0.10013660,0.10164575,0.10142553,0.10055949,0.10112574,0.10473811,0.11194860,0.12277679,0.13711349,0.15425846,0.17200064,0.18620415,0.19193732,0.18647691,0.17258947,0.15888330,0.15541852,0.16698808,0.18941090,0.21219268,0.22553806,0.22620856,0.21827884,0.20935607,0.20581451,0.21006145,0.22049393,0.23319413,0.24420631,0.25147451,0.25558417,0.25880208,0.26293876,0.26756741,0.26999150,0.26695224,0.25665327,0.23957409,0.21775109,0.19347884
0.33077424,0.31481842,0.29089009,0.27205510,0.26721651,0.27496372,0.28732040,0.29751440,0.30430409,0.30928121,0.31100169,0.30408650,0.28536509,0.25929396,0.23531526,0.22018975,0.21393169,0.21225325,0.21106318,0.20869755,0.20579449,0.20415488,0.20500558,0.20753621,0.20944078,0.20941853,0.20883754,0.21039300,0.21529824,0.22229438,0.22922819,0.23480799,0.23855127,0.23979315,0.23774024,0.23269409,0.22667550,0.22235191,0.22128636,0.22325522,0.22703551,0.23156964,0.23645435,0.24176182,0.24775556,0.25469713,0.26254743,0.27061006,0.27756676,0.28213754,0.28388306
0.10293036,0.10042009,0.10409274,0.11307551,0.12688754,0.14461185,0.16410319,0.18194680,0.19445843,0.19934151,0.19703252,0.19067058,0.18439011,0.18094986,0.18040140,0.18069602,0.17950978,0.17574893,0.16985741,0.16323248,0.15751486,0.15413596,0.15406488,0.15767183,0.16474642,0.17464626,0.18644361,0.19903539,0.21133954,0.22259278,0.23247874,0.24083470,0.24717227,0.25065368,0.25083798,0.24861165,0.24622804,0.24602370,0.24868435,0.25258464,0.25493789,0.25390661,0.24993912,0.24527501,0.24217405,0.24146500,0.24256519,0.24468798,0.24790695,0.25300663,0.26028623
0.09367521,0.09015679,0.08985484,0.09294669,0.10031338,0.11192622,0.12601475,0.13982472,0.15105166,0.15858155,0.16196077,0.16052071,0.15369340,0.14249041,0.13011510,0.12033073,0.11508909,0.11403366,0.11606380,0.12053689,0.12656657,0.13189028,0.13357768,0.13032704,0.12377639,0.11725150,0.11329067,0.11242841,0.11396021,0.11722384,0.12186424,0.12721343,0.13201506,0.13509378,0.13628164,0.13657959,0.13737659,0.13946924,0.14267314,0.14614914,0.14898857,0.15059010,0.15072238,0.14944955,0.14709771,0.14427981,0.14187359,0.14084927,0.14194155,0.14528380,0.15019671
0.26954028,0.27315948,0.25894056,0.23490942,0.21378106,0.20094672,0.19496879,0.19316648,0.19214833,0.18760241,0.17841272,0.16924619,0.16634894,0.17181997,0.18311926,0.19629126,0.20803416,0.21625745,0.22119257,0.22616170,0.23554218,0.25065645,0.26749818,0.27895626,0.28005877,0.27192476,0.26100015,0.25415195,0.25396616,0.25828223,0.26351342,0.26754303,0.26935669,0.26713944,0.25835479,0.24223606,0.22156653,0.20132362,0.18553409,0.17553392,0.17075254,0.17026488,0.17321678,0.17832374,0.18383481,0.18834810,0.19148209,0.19361378,0.19517595,0.19644752,0.19784685
0.29145741,0.30033635,0.30055506,0.28856828,0.27061058,0.25633465,0.24940518,0.24597186,0.24119372,0.23385222,0.22486250,0.21511969,0.20607969,0.19995943,0.19774994,0.19803157,0.19857266,0.19840916,0.19790010,0.19754752,0.19762359,0.19869277,0.20151191,0.20583017,0.20959473,0.21005823,0.20602957,0.19889753,0.19133352,0.18517229,0.18058433,0.17684195,0.17341620,0.17048268,0.16886204,0.16949391,0.17242131,0.17596030,0.17726874,0.17442040,0.16821636,0.16184020,0.15862565,0.16015429,0.16630540,0.17658553,0.19086311,0.20870698,0.22830120,0.24633103,0.25915537
0.10365045,0.11950108,0.13451510,0.14229337,0.14097395,0.13543004,0.13056963,0.12586257,0.11915067,0.11227206,0.10919261,0.11082397,0.11517417,0.12118977,0.12909026,0.13733684,0.14231986,0.14202142,0.13858184,0.13648728,0.13878502,0.14514184,0.15268633,0.15823694,0.16029652,0.15967578,0.15835298,0.15748745,0.15637485,0.15329853,0.14737507,0.13960324,0.13223270,0.12718065,0.12496906,0.12499224,0.12659418,0.12972022,0.13450845,0.14046743,0.14640221,0.15134506,0.15544881,0.15969712,0.16458348,0.16912696,0.17132161,0.16967415,0.16445061,0.15760858,0.15157870
0.19901243,0.18814973,0.18339257,0.18310183,0.18698352,0.19315116,0.19727175,0.19534222,0.18676746,0.17474886,0.16452779,0.16149586,0.16973574,0.19044289,0.22060783,0.25338681,0.28067027,0.29637543,0.29841243,0.28869445,0.27209671,0.25522625,0.24485538,0.24569802,0.25830217,0.27867235,0.30036691,0.31780749,0.32844485,0.33245556,0.33080912,0.32375466,0.31102260,0.29326554,0.27320156,0.25533969,0.24438032,0.24324224,0.25170464,0.26622551,0.28107895,0.29057550,0.29161178,0.28529908,0.27650947,0.27120190,0.27288161,0.28038763,0.28855860,0.29147022,0.28617017
0.19017835,0.20125330,0.20140600,0.19337071,0.18282766,0.17437066,0.17017745,0.17019427,0.17229459,0.17341912,0.17217979,0.17064152,0.17307843,0.18261568,0.19856428,0.21628470,0.22957925,0.23427443,0.23068550,0.22291022,0.21538859,0.20993430,0.20593126,0.20268136,0.20053711,0.19952088,0.19780275,0.19270931,0.18350392,0.17264108,0.16387165,0.15922815,0.15797992,0.15810955,0.15813585,0.15736077,0.15501146,0.15005168,0.14224738,0.13321246,0.12601126,0.12348117,0.12674718,0.13501588,0.14636777,0.15857524,0.16951447,0.17753443,0.18210549,0.18433422,0.18657395
0.03781151,0.04171865,0.04588601,0.04971597,0.05423050,0.06027641,0.06589758,0.06687863,0.06109248,0.05142620,0.04343430,0.04110233,0.04550672,0.05556980,0.06811476,0.07828083,0.08229375,0.08036765,0.07607950,0.07295932,0.07235154,0.07410988,0.07787010,0.08293059,0.08762770,0.08986103,0.08850568,0.08407933,0.07801220,0.07153834,0.06536122,0.05998427,0.05582269,0.05284410,0.05040007,0.04770930,0.04447154,0.04083875,0.03686586,0.03230735,0.02711464,0.02194563,0.01791282,0.01579645,0.01566328,0.01732726,0.02106444,0.02771875,0.03802277,0.05172877,0.06726515
0.10916610,0.09971765,0.09129981,0.08543861,0.08233663,0.08230194,0.08626063,0.09414828,0.10351150,0.11085456,0.11453298,0.11569526,0.11629177,0.11694899,0.11729678,0.11768055,0.11938118,0.12288755,0.12674812,0.12880795,0.12831737,0.12616759,0.12305045,0.11815946,0.11035774,0.10046560,0.09171780,0.08751586,0.08874470,0.09338382,0.09857272,0.10281292,0.10626084,0.10938303,0.11182703,0.11270388,0.11172228,0.10981104,0.10862660,0.10952560,0.11290236,0.11819117,0.12420871,0.12949576,0.13266293,0.13286032,0.13023223,0.12599666,0.12197213,0.11981425,0.12044778
0.16015050,0.14984254,0.14404325,0.14200276,0.14317656,0.14660661,0.15070006,0.15658455,0.16946326,0.19295484,0.22305899,0.25128835,0.27358733,0.29262192,0.31058059,0.32333081,0.32411269,0.31100289,0.28822630,0.26145621,0.23499031,0.21353762,0.20311961,0.20720652,0.22237212,0.23971413,0.25129833,0.25494535,0.25330698,0.24984341,0.24639553,0.24350502,0.24140809,0.24031280,0.24055493,0.24306209,0.24912582,0.25881442,0.26948552,0.27661794,0.27693854,0.27105504,0.26300292,0.25722022,0.25592896,0.25902641,0.26564944,0.27504317,0.28576918,0.29467744,0.29756311
0.14990218,0.15352153,0.15149124,0.15117324,0.16042497,0.17318413,0.17658063,0.16758150,0.15407221,0.14368082,0.13872763,0.13867014,0.14075207,0.13960793,0.13095127,0.11547064,0.09720999,0.07974499,0.06582905,0.05886843,0.06191088,0.07509189,0.09503963,0.11637751,0.13344793,0.14209901,0.14180538,0.13633762,0.13121894,0.12958533,0.13023215,0.12948188,0.12473119,0.11639494,0.10708937,0.09951352,0.09507151,0.09388736,0.09542474,0.09886600,0.10325414,0.10776751,0.11204226,0.11613672,0.12014911,0.12398158,0.12750626,0.13081621,0.13423849,0.13828488,0.14379955
0.20589631,0.21364017,0.21430028,0.21057577,0.20554532,0.19993152,0.19401123,0.18957627,0.18894092,0.19233662,0.19649762,0.19602905,0.18702610,0.17040172,0.15210095,0.13973517,0.13814321,0.14706706,0.16219860,0.17834895,0.19222554,0.20289734,0.21014511,0.21292708,0.20996482,0.20183265,0.19185324,0.18427336,0.18135714,0.18229882,0.18472490,0.18677835,0.18762144,0.18641887,0.18157002,0.17145400,0.15628284,0.13960533,0.12806687,0.12883043,0.14543903,0.17451381,0.20616343,0.22895150,0.23658085,0.23137094,0.22168024,0.21532626,0.21435164,0.21503399,0.21228065
0.20234364,0.21472477,0.21532714,0.20980700,0.20379772,0.19904727,0.19756034,0.20379678,0.21897797,0.23551949,0.24112431,0.22926910,0.20457257,0.17824363,0.15986597,0.15340941,0.15846281,0.17266971,0.19277687,0.21495995,0.23543962,0.25095789,0.25864080,0.25605078,0.24233846,0.21975813,0.19365673,0.17016555,0.15309171,0.14238381,0.13515625,0.12815641,0.11974726,0.11034908,0.10164991,0.09551906,0.09326495,0.09531506,0.10114593,0.10938336,0.11811637,0.12541338,0.12986764,0.13092561,0.12886325,0.12448591,0.11877265,0.11266232,0.10702439,0.10270773,0.10053084
0.11783411,0.12646394,0.12495570,0.11711688,0.10711563,0.09561438,0.08172786,0.06631770,0.05189212,0.04026254,0.03154708,0.02507882,0.02024432,0.01644703,0.01314933,0.01040018,0.00895598,0.00949037,0.01176213,0.01475409,0.01755838,0.01998201,0.02239493,0.02524454,0.02877332,0.03298906,0.03768625,0.04248065,0.04693270,0.05069135,0.05350296,0.05511437,0.05528798,0.05401459,0.05169761,0.04902455,0.04656361,0.04445099,0.04247006,0.04043084,0.03847471,0.03703777,0.03655103,0.03716227,0.03867283,0.04065893,0.04264133,0.04422955,0.04525243,0.04586784,0.04656494
0.19466872,0.21456785,0.23099883,0.23892023,0.23895040,0.23465643,0.22702180,0.21494374,0.19943772,0.18424961,0.17241328,0.16404587,0.15767614,0.15236953,0.14806928,0.14472276,0.14175408,0.13818445,0.13303114,0.12596411,0.11805335,0.11179945,0.10991555,0.11359191,0.12162501,0.13099178,0.13825896,0.14093078,0.13830069,0.13164721,0.12355038,0.11637942,0.11077221,0.10531654,0.09787108,0.08755327,0.07576957,0.06547791,0.05936555,0.05838870,0.06158877,0.06698319,0.07269924,0.07772235,0.08214992,0.08707077,0.09408942,0.10449192,0.11832941,0.13399778,0.14876078
0.16523871,0.15817439,0.15289372,0.15625267,0.16792691,0.18010653,0.18684879,0.18959771,0.19249989,0.19608633,0.19803799,0.19792260,0.19813195,0.20040320,0.20347245,0.20465745,0.20274323,0.19900760,0.19618212,0.19672067,0.20136867,0.20873255,0.21632036,0.22233866,0.22653331,0.22938840,0.23104202,0.23146951,0.23145462,0.23253979,0.23553628,0.23939965,0.24216006,0.24309831,0.24366793,0.24599026,0.25052389,0.25544819,0.25840035,0.25871400,0.25790390,0.25801413,0.25948014,0.26043614,0.25799530,0.25044439,0.23876897,0.22653680,0.21823186,0.21698521,0.22295695
0.15989358,0.16906786,0.17707191,0.18360928,0.18861467,0.19622884,0.21140235,0.23192959,0.24931521,0.25787474,0.25857937,0.25396192,0.24408480,0.22940158,0.21419090,0.20396432,0.20018120,0.19943117,0.19736828,0.19167044,0.18142724,0.16613249,0.14672963,0.12645922,0.10908180,0.09642691,0.08852071,0.08560815,0.08864994,0.09750728,0.10966357,0.12156055,0.13105333,0.13834388,0.14496468,0.15233571,0.16098746,0.17040405,0.17937574,0.18696544,0.19349756,0.20031988,0.20807156,0.21509209,0.21791311,0.21369135,0.20228540,0.18603907,0.16778024,0.14921580,0.13105733
0.08299360,0.08811411,0.09699044,0.10780296,0.11461580,0.11455105,0.11299389,0.11725100,0.12802546,0.14020417,0.14848786,0.14953785,0.14218797,0.12888909,0.11529885,0.10640811,0.10367551,0.10583065,0.11047101,0.11473286,0.11687639,0.11820451,0.12159324,0.12712940,0.13079766,0.12870131,0.12140717,0.11288453,0.10608702,0.10097744,0.09629454,0.09153778,0.08693106,0.08274170,0.07946255,0.07810961,0.07957366,0.08365420,0.08894741,0.09355637,0.09587513,0.09522551,0.09235435,0.08924553,0.08788693,0.08899145,0.09216999,0.09735774,0.10543293,0.11678266,0.12940573
0.14547965,0.18277404,0.22221282,0.24643148,0.25607447,0.26178115,0.26749473,0.26937629,0.26604934,0.26188366,0.26121927,0.26408184,0.26729139,0.26705734,0.26101332,0.25010317,0.23877963,0.23193509,0.23094462,0.23286669,0.23335826,0.23014018,0.22415525,0.21825662,0.21500566,0.21520395,0.21793642,0.22171778,0.22555984,0.22922400,0.23301031,0.23762575,0.24388483,0.25184669,0.26003958,0.26597268,0.26790746,0.26627908,0.26341727,0.26202155,0.26386065,0.26937792,0.27777043,0.28715719,0.29508823,0.29952286,0.29966371,0.29597095,0.28956762,0.28183147,0.27439843
0.13840036,0.15228888,0.16884057,0.18216395,0.18859164,0.19120261,0.19660955,0.20830547,0.22362142,0.23593056,0.23954909,0.23408774,0.22500254,0.21901914,0.21810364,0.21825919,0.21463039,0.20714403,0.20047649,0.19899195,0.20259638,0.20732321,0.20887274,0.20526319,0.19720858,0.18742937,0.17995854,0.17912794,0.18777711,0.20536234,0.22738233,0.24696203,0.25806237,0.25859556,0.25147085,0.24266830,0.23747408,0.23756120,0.24107147,0.24532317,0.24943942,0.25439729,0.26065314,0.26597790,0.26593645,0.25681243,0.23840302,0.21429430,0.18960891,0.16833572,0.15227724
0.14944293,0.17050283,0.18687711,0.19582515,0.19640334,0.18857897,0.17562061,0.16498343,0.16345747,0.17095958,0.18040399,0.18402972,0.17939907,0.16973257,0.15992957,0.15303781,0.14962607,0.14888453,0.14948372,0.14981256,0.14833759,0.14429245,0.13800561,0.13035738,0.12185751,0.11230990,0.10139219,0.08950452,0.07800274,0.06858401,0.06238926,0.05958023,0.05966199,0.06215162,0.06691634,0.07383573,0.08210522,0.08991135,0.09496239,0.09562158,0.09182401,0.08510283,0.07777371,0.07194223,0.06896155,0.06941387,0.07323967,0.07971908,0.08742813,0.09450732,0.09932070
0.17059728,0.18825213,0.21029773,0.23216175,0.24437012,0.24025862,0.22339702,0.20445793,0.19287759,0.19155511,0.19654413,0.20073743,0.19905049,0.19130737,0.18093713,0.17135728,0.16367478,0.15739850,0.15234609,0.14933757,0.14984878,0.15562413,0.16762287,0.18424187,0.20106094,0.21319893,0.21789496,0.21503944,0.20645303,0.19532297,0.18543085,0.17974694,0.17931842,0.18310618,0.18834766,0.19149652,0.19029453,0.18586641,0.18229701,0.18326985,0.18887635,0.19574833,0.20005321,0.20025189,0.19752326,0.19429101,0.19244247,0.19239184,0.19333452,0.19433436,0.19530741
0.08390959,0.08419695,0.08235154,0.07930867,0.07661601,0.07551559,0.07623325,0.07780693,0.07845296,0.07634601,0.07066930,0.06242031,0.05413120,0.04833529,0.04595375,0.04608869,0.04730330,0.04894400,0.05125361,0.05454551,0.05859253,0.06277095,0.06650514,0.06945217,0.07145087,0.07252357,0.07290641,0.07286644,0.07236159,0.07096128,0.06827275,0.06455006,0.06088667,0.05874595,0.05917497,0.06227808,0.06725230,0.07285008,0.07791327,0.08169734,0.08392215,0.08467002,0.08430110,0.08345004,0.08299046,0.08378351,0.08619587,0.08967724,0.09281384,0.09400204,0.09237337
0.24311641,0.24410702,0.23868740,0.22514712,0.20800300,0.19608350,0.19493917,0.20146653,0.20745053,0.20810147,0.20589083,0.20642592,0.21221291,0.22091880,0.22862271,0.23387756,0.23887783,0.24730390,0.26115525,0.27930249,0.29848606,0.31505381,0.32559678,0.32689401,0.31699559,0.29756780,0.27492743,0.25744742,0.25056758,0.25349972,0.26047241,0.26528694,0.26529295,0.26198320,0.25861133,0.25733759,0.25800289,0.25884377,0.25810865,0.25536145,0.25182609,0.24975686,0.25122392,0.25689788,0.26541676,0.27368480,0.27802746,0.27570341,0.26607900,0.25091788,0.23365636
0.08275130,0.08419733,0.08013588,0.07123819,0.06119596,0.05336125,0.04867497,0.04635288,0.04541523,0.04526053,0.04555394,0.04620413,0.04726041,0.04845167,0.04890759,0.04762655,0.04426964,0.03942776,0.03423546,0.02989387,0.02740256,0.02727573,0.02917591,0.03189514,0.03399215,0.03466358,0.03407237,0.03289622,0.03163831,0.03035856,0.02891440,0.02729102,0.02565983,0.02420300,0.02296485,0.02187534,0.02087543,0.02000736,0.01941274,0.01927275,0.01975309,0.02099824,0.02317578,0.02651204,0.03123084,0.03736745,0.04456276,0.05202260,0.05874085,0.06387758,0.06704436
0.03364747,0.03684733,0.03956940,0.04043164,0.04021332,0.04098693,0.04428057,0.04953730,0.05420863,0.05594345,0.05479120,0.05271590,0.05102982,0.04910636,0.04576350,0.04111703,0.03663656,0.03385792,0.03339025,0.03469454,0.03627719,0.03634579,0.03395231,0.02976901,0.02558878,0.02298830,0.02252766,0.02404105,0.02721901,0.03164825,0.03655348,0.04098239,0.04446050,0.04735042,0.05038790,0.05378826,0.05678773,0.05805443,0.05662277,0.05261439,0.04722939,0.04205058,0.03817940,0.03580129,0.03440891,0.03338896,0.03245042,0.03162715,0.03103395,0.03072666,0.03078320
0.08880345,0.09498284,0.10273109,0.10576817,0.09903402,0.08501216,0.07244063,0.06896966,0.07615482,0.09027278,0.10617107,0.12073008,0.13392497,0.14685663,0.15883682,0.16703208,0.16906335,0.16516238,0.15758997,0.14888024,0.14108237,0.13563819,0.13277302,0.13110172,0.12868311,0.12477010,0.12032109,0.11689467,0.11540671,0.11585590,0.11762218,0.11966186,0.12077100,0.12029181,0.11883738,0.11818719,0.12022727,0.12577166,0.13417166,0.14386276,0.15327969,0.16143592,0.16784522,0.17203548,0.17328558,0.17104565,0.16579677,0.15949394,0.15493705,0.15436518,0.15833724
0.24382181,0.27067832,0.29963701,0.32012008,0.33011159,0.33509948,0.34077241,0.34942637,0.36022301,0.36856195,0.36676351,0.34963796,0.31971782,0.28535723,0.25498562,0.23481501,0.22899080,0.23701502,0.25109822,0.26052408,0.26085001,0.25700678,0.25620726,0.25975298,0.26337489,0.26391948,0.26314744,0.26505123,0.27134501,0.28006604,0.28718089,0.28880662,0.28314895,0.27196560,0.26026466,0.25340463,0.25355681,0.25879744,0.26551404,0.27139255,0.27625106,0.28094222,0.28632214,0.29301813,0.30098419,0.30840667,0.31138215,0.30579052,0.29036502,0.26811848,0.24461736
0.21170229,0.19486547,0.18252197,0.17695665,0.17744762,0.18087031,0.18265900,0.17990676,0.17435704,0.17169513,0.17749510,0.19320200,0.21474010,0.23459371,0.24650980,0.24954770,0.24774930,0.24582478,0.24568166,0.24703697,0.24966940,0.25328067,0.25553317,0.25238797,0.24187370,0.22721144,0.21530541,0.21187211,0.21795744,0.23038725,0.24445306,0.25603599,0.26246610,0.26298053,0.25900399,0.25357513,0.24990454,0.25020788,0.25562892,0.26655519,0.28214498,0.29930855,0.31286575,0.31792909,0.31314736,0.30200956,0.29078086,0.28458498,0.28471333,0.28895753,0.29406160
0.21765949,0.20991810,0.19975749,0.18749575,0.17572792,0.16822563,0.16970445,0.18259465,0.20393591,0.22683743,0.24371355,0.24863994,0.24005630,0.22211423,0.20158201,0.18341843,0.17015218,0.16354251,0.16437776,0.17156249,0.18308405,0.19702828,0.21105627,0.22272272,0.23120335,0.23748207,0.24313931,0.25056754,0.26314150,0.28241264,0.30546615,0.32672216,0.34126259,0.34525539,0.33584561,0.31368983,0.28449239,0.25568511,0.23198618,0.21507875,0.20592732,0.20536232,0.21278090,0.22551982,0.23958156,0.25096797,0.25724420,0.25844120,0.25608965,0.25127946,0.24423111
0.22474812,0.22382289,0.21416164,0.19768546,0.18042162,0.16987046,0.16977810,0.17785501,0.18848521,0.19690423,0.20104367,0.20097115,0.19785662,0.19332303,0.18890472,0.18560384,0.18383404,0.18362441,0.18471094,0.18645283,0.18773918,0.18703412,0.18282686,0.17469928,0.16444143,0.15587857,0.15278000,0.15618471,0.16349783,0.17032375,0.17351116,0.17287720,0.17044328,0.16821728,0.16654538,0.16423827,0.16004310,0.15399055,0.14741587,0.14170215,0.13695080,0.13185573,0.12497641,0.11634461,0.10803671,0.10322289,0.10441208,0.11210814,0.12461742,0.13888743,0.15173080
0.27295743,0.27802512,0.26322748,0.23675600,0.21300471,0.19799222,0.18896202,0.18265592,0.17891389,0.17878703,0.18285642,0.19037295,0.19827711,0.20254612,0.20223918,0.20123932,0.20455111,0.21323500,0.22358203,0.23045808,0.23063399,0.22362590,0.21078191,0.19415369,0.17596930,0.15879226,0.14565157,0.13912117,0.13955825,0.14430044,0.14910104,0.15070002,0.14828122,0.14307245,0.13724202,0.13314972,0.13276745,0.13691743,0.14488508,0.15506352,0.16610151,0.17732054,0.18813127,0.19750522,0.20433937,0.20811588,0.20871325,0.20543630,0.19666301,0.18104169,0.15932735
0.08584582,0.07719761,0.06934569,0.06455598,0.06315541,0.06499446,0.07019455,0.07815960,0.08709293,0.09490083,0.10045910,0.10430497,0.10800313,0.11217493,0.11532431,0.11559755,0.11367833,0.11270579,0.11486662,0.11899968,0.12208319,0.12223691,0.11961745,0.11524641,0.11017640,0.10559331,0.10248539,0.10066480,0.09869820,0.09534487,0.09088609,0.08682825,0.08469826,0.08558047,0.09045256,0.09996708,0.11336357,0.12807282,0.14127646,0.15226874,0.16307192,0.17635974,0.19257145,0.20893043,0.22113186,0.22602246,0.22310809,0.21420954,0.20215236,0.18961800,0.17853840
0.16002350,0.17660082,0.18747526,0.18537398,0.18097067,0.18436537,0.19616113,0.21236179,0.22700159,0.23413923,0.23311065,0.22871720,0.22476968,0.22113673,0.21725630,0.21447217,0.21396021,0.21469096,0.21417489,0.21086438,0.20665147,0.20676202,0.21495607,0.22842830,0.23967638,0.24409313,0.24412702,0.24587662,0.25333181,0.26594145,0.27972994,0.28986256,0.29321516,0.28952529,0.28036013,0.26739713,0.25214947,0.23696877,0.22532264,0.22035374,0.22280186,0.23015092,0.23801966,0.24304539,0.24499650,0.24623046,0.24905505,0.25358568,0.25798164,0.26040990,0.26061798
0.22567024,0.22566906,0.21337969,0.19864999,0.18711878,0.18371674,0.19233002,0.21074159,0.23201873,0.25196994,0.27089715,0.28779150,0.29779754,0.29756184,0.29002616,0.28173669,0.27717023,0.27719626,0.28105721,0.28712208,0.29204101,0.29165034,0.28415469,0.27222508,0.26171682,0.25837658,0.26504028,0.28040201,0.29954580,0.31638520,0.32707141,0.33184100,0.33344787,0.33353669,0.33052898,0.32102471,0.30314497,0.27867601,0.25258171,0.23091578,0.21874894,0.21868819,0.22989406,0.24792892,0.26610498,0.27818541,0.28101009,0.27539992,0.26493903,0.25374222,0.24472224
0.27992995,0.26693752,0.25777538,0.26255035,0.27490149,0.28200183,0.28109988,0.27867032,0.27769275,0.27405145,0.26465151,0.25249084,0.24247039,0.23653370,0.23465940,0.23758238,0.24605762,0.25850733,0.27126328,0.28128173,0.28805119,0.29297729,0.29733713,0.30091487,0.30269281,0.30301352,0.30459811,0.31036325,0.31978561,0.32829929,0.33140425,0.32934418,0.32686253,0.32808365,0.33236268,0.33568012,0.33542668,0.33264453,0.32936781,0.32481892,0.31538417,0.29856673,0.27649381,0.25521411,0.24058686,0.23467974,0.23541999,0.23890624,0.24197641,0.24341739,0.24382041
0.07684037,0.07238092,0.06637844,0.06176528,0.05933114,0.05841150,0.05904529,0.06166213,0.06543656,0.06854755,0.06983483,0.06911866,0.06622870,0.06095685,0.05406345,0.04742150,0.04294207,0.04182472,0.04460479,0.05092994,0.05897912,0.06586113,0.06927125,0.06881669,0.06586945,0.06267197,0.06165632,0.06465966,0.07165555,0.08011116,0.08637082,0.08836212,0.08704672,0.08512341,0.08438977,0.08440539,0.08342734,0.08024960,0.07513387,0.06940670,0.06456832,0.06172753,0.06143085,0.06358164,0.06736839,0.07140229,0.07419557,0.07481349,0.07333083,0.07078725,0.06862631
0.20049380,0.20059399,0.18283339,0.16549006,0.16769202,0.18768990,0.20686753,0.21244338,0.20684630,0.19731876,0.18680637,0.17537739,0.16329066,0.15129502,0.14087296,0.13401313,0.13146124,0.13170269,0.13159535,0.12762408,0.11825187,0.10634387,0.09751904,0.09486983,0.09721857,0.10339364,0.11509872,0.13320180,0.15350704,0.16939651,0.17820720,0.18294939,0.18798241,0.19456869,0.20044229,0.20215009,0.19759065,0.18759698,0.17578646,0.16630373,0.16111751,0.15951601,0.16000591,0.16192664,0.16488489,0.16739443,0.16715733,0.16298939,0.15609038,0.14917780,0.14450675
0.14498754,0.15915255,0.17301921,0.18208136,0.18423292,0.18006610,0.17154780,0.16192625,0.15533018,0.15472031,0.16060354,0.17182699,0.18608755,0.19917988,0.20567180,0.20212238,0.18954992,0.17226720,0.15470938,0.13962470,0.12849624,0.12264875,0.12347179,0.13133054,0.14406290,0.15692916,0.16499095,0.16620383,0.16230052,0.15693522,0.15351560,0.15457071,0.16160759,0.17390980,0.18740405,0.19610478,0.19597943,0.18772970,0.17569940,0.16423879,0.15526910,0.14883137,0.14494729,0.14431656,0.14747085,0.15386252,0.16194994,0.16985074,0.17571300,0.17779934,0.17487825
0.09849016,0.09899908,0.08558202,0.06810776,0.05688409,0.05382016,0.05638963,0.06192133,0.06735066,0.07005796,0.06911922,0.06462226,0.05762081,0.05032988,0.04424520,0.03906777,0.03434766,0.03042051,0.02796360,0.02863942,0.03477492,0.04603886,0.05819088,0.06718407,0.07243810,0.07456322,0.07286546,0.06744187,0.06129342,0.05767793,0.05661092,0.05591870,0.05476032,0.05433445,0.05558585,0.05772941,0.05914484,0.05885057,0.05696389,0.05433175,0.05197154,0.05054832,0.05006302,0.04994260,0.04941664,0.04792359,0.04547387,0.04286490,0.04139422,0.04197710,0.04434780
0.11592125,0.13096189,0.14526182,0.15214767,0.15561305,0.15995759,0.16457306,0.16701680,0.16729149,0.17009807,0.18142646,0.19922793,0.21061636,0.20416262,0.18282263,0.15966497,0.14364303,0.13492882,0.13120116,0.13137957,0.13311311,0.13222142,0.12664014,0.11846436,0.11121904,0.10678361,0.10519346,0.10561999,0.10684389,0.10789152,0.10888322,0.11086456,0.11483284,0.12143656,0.13104499,0.14254081,0.15170926,0.15264415,0.14282768,0.12712644,0.11563014,0.11649032,0.13029602,0.15070840,0.16974708,0.18263674,0.18917613,0.19233608,0.19605828,0.20325379,0.21435987
0.05966966,0.05874859,0.05623557,0.05322027,0.05105724,0.05134508,0.05506577,0.06148535,0.06861028,0.07504741,0.08093415,0.08677511,0.09195071,0.09508683,0.09587409,0.09598579,0.09790333,0.10289923,0.11011047,0.11722496,0.12185595,0.12259041,0.11940471,0.11355875,0.10706524,0.10188268,0.09921091,0.09928897,0.10171764,0.10590221,0.11118529,0.11663464,0.12086617,0.12231985,0.12001510,0.11431025,0.10702109,0.10064034,0.09710528,0.09699048,0.09970276,0.10440480,0.11074777,0.11870113,0.12768728,0.13599027,0.14123581,0.14175007,0.13772674,0.13121784,0.12495003
0.10519664,0.10050511,0.10670123,0.11539680,0.11845662,0.11589795,0.11264011,0.11148741,0.11123048,0.10933692,0.10442007,0.09683787,0.08830837,0.08096639,0.07617234,0.07404639,0.07407055,0.07581597,0.07903905,0.08351644,0.08905568,0.09536768,0.10165054,0.10662171,0.10951724,0.11114390,0.11355846,0.11842023,0.12568539,0.13390808,0.14153094,0.14763198,0.15163797,0.15292221,0.15114117,0.14692801,0.14193173,0.13797002,0.13615210,0.13681276,0.14005669,0.14599561,0.15423732,0.16323486,0.17044972,0.17351487,0.17155806,0.16565012,0.15812585,0.15144536,0.14745275
0.14946124,0.13448790,0.12251120,0.11615527,0.11286257,0.11022918,0.10961465,0.11328057,0.12045235,0.12802411,0.13386735,0.13794650,0.14117247,0.14502070,0.15216581,0.16561318,0.18586589,0.20908858,0.22871205,0.23922270,0.23883791,0.22940510,0.21464393,0.19870494,0.18569304,0.17926246,0.18136047,0.19061496,0.20206958,0.20934154,0.20807066,0.19800094,0.18208336,0.16374838,0.14503463,0.12693698,0.11078796,0.09865153,0.09230670,0.09222937,0.09780813,0.10829592,0.12305887,0.14073153,0.15852567,0.17302894,0.18216245,0.18648779,0.18850763,0.19052633,0.19296522
0.14504303,0.14783994,0.15416861,0.16433979,0.17855015,0.19234774,0.19813516,0.19209648,0.17793585,0.16338854,0.15417294,0.15105780,0.15070241,0.14817957,0.13988643,0.12576185,0.10908116,0.09365398,0.08119697,0.07158752,0.06503999,0.06288769,0.06586325,0.07237229,0.07930713,0.08461096,0.08865765,0.09310435,0.09878457,0.10487314,0.10975262,0.11233676,0.11271688,0.11202831,0.11190172,0.11367533,0.11753838,0.12212347,0.12505243,0.12422332,0.11890843,0.10988823,0.09874422,0.08708560,0.07625113,0.06733310,0.06108593,0.05765870,0.05654523,0.05704924,0.05900072
0.11324349,0.10146471,0.09770763,0.10209686,0.11088730,0.12003697,0.12797061,0.13437159,0.13776493,0.13617037,0.12990739,0.12211507,0.11602957,0.11271713,0.11176180,0.11288025,0.11569791,0.11848843,0.11858751,0.11466093,0.10810573,0.10181233,0.09772974,0.09576254,0.09456001,0.09276951,0.08957893,0.08474360,0.07866988,0.07244013,0.06738049,0.06440098,0.06381188,0.06578013,0.07070437,0.07879319,0.08912417,0.09925800,0.10611034,0.10761965,0.10399892,0.09770437,0.09224543,0.09066683,0.09449791,0.10346405,0.11581660,0.12900184,0.14044392,0.14827180,0.15182379
0.27694132,0.26485210,0.25295605,0.24464597,0.24151683,0.24246386,0.24474691,0.24449014,0.23740458,0.22160082,0.20071254,0.18336984,0.17842791,0.18984883,0.21500614,0.24650177,0.27541419,0.29461521,0.30151726,0.29893476,0.29284035,0.28815705,0.28594971,0.28428320,0.28137192,0.27756230,0.27445612,0.27280989,0.27186913,0.27068279,0.26948387,0.26925471,0.26986031,0.26895031,0.26323392,0.25139602,0.23618009,0.22362501,0.21965627,0.22632347,0.24031329,0.25476840,0.26315544,0.26261068,0.25472559,0.24362740,0.23302963,0.22438488,0.21716694,0.21060975,0.20525442
0.18875887,0.19599435,0.20247354,0.20396837,0.19979730,0.19270296,0.18519261,0.17765480,0.17026665,0.16491948,0.16398681,0.16795699,0.17543659,0.18520606,0.19722652,0.21149575,0.22673880,0.24068728,0.25132331,0.25769839,0.26017647,0.26055908,0.26166132,0.26561540,0.27173330,0.27617702,0.27450394,0.26520310,0.25101118,0.23680024,0.22604863,0.21896353,0.21340908,0.20721171,0.19969629,0.19162351,0.18425639,0.17861492,0.17527300,0.17441167,0.17584668,0.17905328,0.18329003,0.18775941,0.19168297,0.19434307,0.19528041,0.19466959,0.19356436,0.19362708,0.19632844
0.06759232,0.06359151,0.06026886,0.05789832,0.05613901,0.05529155,0.05748326,0.06486019,0.07622776,0.08717580,0.09388986,0.09561919,0.09384474,0.09085651,0.08887867,0.08846311,0.08729815,0.08209939,0.07217200,0.06021817,0.04966389,0.04223727,0.03802949,0.03654752,0.03740679,0.04114314,0.04962119,0.06420409,0.08257992,0.09852056,0.10639192,0.10600287,0.10223267,0.10005842,0.10088600,0.10360823,0.10758751,0.11325234,0.12025298,0.12649097,0.12956025,0.12857058,0.12409467,0.11682377,0.10708574,0.09576110,0.08498832,0.07734359,0.07423811,0.07523940,0.07884829
0.15211393,0.14323054,0.13680040,0.13599956,0.14066314,0.14923205,0.16039436,0.17221274,0.18139474,0.18506305,0.18283305,0.17608075,0.16566638,0.15197259,0.13749141,0.12766708,0.12737019,0.13645410,0.14994652,0.16324042,0.17652531,0.19335308,0.21495613,0.23677466,0.25118468,0.25375430,0.24687193,0.23753782,0.23179067,0.23082795,0.23152002,0.22983396,0.22376459,0.21379904,0.20157256,0.18860587,0.17620983,0.16611897,0.16073165,0.16238621,0.17211477,0.18882091,0.20950039,0.23036550,0.24817982,0.26110794,0.26882310,0.27210736,0.27238080,0.27142879,0.27126047
0.11777757,0.10782258,0.10475453,0.10673880,0.11322696,0.12226739,0.12944254,0.13246725,0.13404389,0.13768049,0.14247521,0.14417604,0.14050393,0.13353043,0.12697113,0.12281201,0.12091270,0.12027622,0.11957359,0.11732503,0.11293553,0.10761309,0.10357653,0.10222118,0.10337080,0.10620618,0.11032021,0.11552853,0.12100791,0.12526019,0.12717544,0.12691144,0.12552316,0.12382880,0.12176687,0.11872786,0.11432842,0.10896198,0.10384945,0.10057858,0.10035039,0.10344061,0.10925855,0.11674301,0.12451566,0.13078351,0.13363832,0.13203801,0.12671258,0.11996606,0.11435778
0.15058438,0.15073279,0.15097067,0.15129498,0.15229819,0.15552130,0.16108451,0.16570187,0.16494314,0.15750658,0.14624170,0.13540082,0.12805818,0.12578359,0.12918090,0.13801189,0.15122715,0.16714672,0.18353226,0.19785164,0.20814087,0.21379835,0.21545875,0.21450263,0.21325849,0.21528240,0.22397627,0.23965511,0.25782818,0.27105660,0.27336149,0.26370089,0.24606213,0.22666613,0.21062650,0.20010137,0.19454852,0.19235151,0.19239870,0.19445438,0.19828597,0.20264733,0.20527455,0.20396148,0.19772817,0.18715051,0.17383847,0.15971628,0.14660232,0.13608082,0.12946626
0.18633976,0.16901362,0.15218909,0.14244735,0.14018607,0.14145662,0.14160819,0.13810932,0.13172501,0.12542417,0.12214133,0.12396410,0.13253362,0.14800797,0.16724207,0.18507442,0.19860315,0.20895780,0.21794564,0.22429774,0.22471704,0.21809027,0.20738982,0.19746881,0.19168185,0.19025438,0.19078623,0.19014843,0.18685716,0.18230953,0.17954108,0.18059339,0.18535752,0.19287240,0.20268439,0.21389617,0.22324229,0.22570221,0.21834344,0.20365710,0.18844928,0.17894476,0.17672915,0.17899368,0.18195534,0.18362468,0.18376791,0.18231503,0.17864458,0.17241331,0.16451838
0.13722714,0.12877951,0.11552303,0.10570803,0.10401256,0.10477376,0.10208414,0.09530890,0.08153946,0.06191405,0.05283083,0.06880726,0.10044958,0.12788190,0.14528120,0.15731841,0.16445446,0.16484157,0.16074151,0.15467413,0.14634065,0.13641014,0.12687790,0.11743909,0.10749082,0.10079399,0.10269112,0.11350062,0.12874162,0.14463764,0.15972864,0.17217714,0.17933264,0.18042036,0.17734917,0.17220161,0.16519950,0.15555209,0.14332453,0.12984691,0.11667860,0.10465340,0.09389286,0.08448092,0.07701258,0.07254649,0.07208672,0.07598881,0.08352363,0.09273886,0.10092452
0.15966885,0.13519578,0.10835576,0.08838032,0.07777525,0.07246494,0.06777515,0.06415966,0.06722134,0.08157859,0.10463950,0.12724664,0.14083230,0.14360291,0.14021447,0.13705248,0.13851838,0.14625107,0.15952653,0.17557391,0.19044226,0.20077631,0.20542890,0.20580819,0.20498078,0.20608577,0.21055220,0.21698159,0.22184159,0.22194500,0.21671484,0.20801780,0.19775191,0.18583009,0.17073636,0.15191648,0.13129991,0.11238089,0.09797559,0.08891674,0.08457252,0.08409070,0.08688607,0.09215820,0.09842054,0.10386526,0.10732617,0.10894199,0.10996409,0.11194642,0.11595569
0.16311983,0.15622930,0.15291520,0.15309254,0.15236968,0.15512285,0.16984271,0.19416088,0.21665587,0.23067428,0.23742568,0.23942250,0.23841294,0.23694592,0.23665174,0.23621293,0.23336983,0.22797840,0.22242255,0.21958972,0.22003594,0.22099885,0.21955529,0.21684816,0.21714950,0.22213115,0.22800597,0.22935533,0.22453538,0.21668551,0.21063879,0.20944867,0.21268514,0.21697370,0.21848421,0.21546970,0.20844462,0.19835812,0.18568285,0.17151505,0.15830752,0.14837371,0.14200633,0.13794234,0.13549920,0.13528543,0.13758251,0.14089315,0.14282201,0.14216731,0.13963392
0.11089238,0.10468999,0.10552848,0.11136687,0.12297856,0.14441883,0.17696657,0.21486356,0.24835899,0.26969798,0.27645622,0.27141964,0.25954566,0.24335575,0.22178595,0.19572124,0.17352043,0.16658613,0.17748835,0.19520145,0.20474781,0.20057256,0.18890197,0.17879863,0.17407812,0.17371433,0.17635799,0.18182165,0.18934621,0.19695210,0.20293318,0.20659431,0.20697824,0.20210679,0.19077978,0.17493968,0.15916972,0.14730348,0.13978307,0.13453684,0.13005226,0.12712634,0.12775505,0.13291452,0.14174557,0.15257540,0.16416997,0.17582047,0.18659083,0.19504824,0.20007327
0.10338668,0.11142815,0.12560033,0.13132806,0.12942647,0.12438913,0.11737617,0.10979612,0.10340508,0.09828790,0.09439528,0.09223936,0.09161779,0.09241381,0.09547559,0.10074378,0.10666707,0.11284446,0.12085938,0.13158800,0.14383017,0.15590057,0.16631411,0.17263850,0.17208083,0.16439540,0.15302389,0.14242256,0.13473089,0.12933963,0.12483057,0.12038556,0.11554196,0.10980260,0.10356528,0.09957606,0.10274822,0.11747557,0.14408257,0.17720444,0.20772309,0.22742365,0.23344278,0.22933382,0.22187047,0.21622170,0.21360220,0.21296861,0.21412769,0.21841374,0.22630673
0.14634340,0.15283645,0.15839994,0.16154918,0.16801278,0.18264621,0.20838328,0.24972206,0.30162884,0.34353130,0.35898443,0.35273304,0.33881673,0.32136226,0.29645055,0.26614860,0.23981948,0.22276656,0.21240996,0.20526640,0.19876089,0.18693221,0.16545493,0.14280408,0.13669662,0.15565907,0.18975583,0.22142721,0.24084715,0.24922114,0.25161856,0.25063079,0.24653861,0.24042741,0.23455793,0.22994394,0.22560192,0.22064596,0.21555267,0.21105026,0.20755022,0.20611657,0.20781501,0.21086473,0.21027475,0.20231987,0.18888344,0.17609492,0.16898522,0.16823132,0.17123032
0.13623561,0.13418486,0.12616945,0.11141501,0.09351393,0.07695107,0.06412344,0.05588882,0.05309941,0.05600254,0.06272653,0.07000845,0.07604253,0.08205311,0.09068247,0.10318326,0.11844991,0.13434046,0.14931736,0.16279330,0.17440310,0.18333585,0.18842648,0.18895720,0.18562632,0.18086219,0.17785244,0.17863534,0.18269550,0.18740241,0.19007412,0.18992834,0.18833936,0.18747907,0.18878398,0.19243747,0.19775662,0.20360931,0.20844602,0.21038083,0.20784206,0.20055537,0.18998964,0.17869075,0.16888258,0.16136210,0.15545048,0.14989797,0.14397556,0.13800215,0.13307968
0.13061913,0.11110995,0.09243926,0.08283525,0.08743934,0.10450598,0.12564091,0.14111922,0.14683541,0.14593423,0.14377183,0.14299659,0.14366234,0.14510834,0.14563493,0.14244622,0.13496295,0.12762924,0.12656290,0.13272262,0.14032491,0.14303431,0.14037783,0.13698142,0.13673048,0.13946388,0.14304097,0.14656402,0.15047218,0.15450352,0.15709767,0.15702318,0.15475063,0.15174748,0.14881135,0.14557531,0.14152020,0.13698824,0.13300159,0.13029395,0.12875208,0.12780751,0.12729266,0.12794717,0.13114562,0.13798131,0.14825810,0.16010834,0.17069952,0.17776003,0.18089788
0.27080466,0.26571124,0.24429957,0.22342826,0.20914929,0.19830718,0.18979602,0.18430823,0.18033206,0.17566491,0.16968697,0.16413314,0.16320279,0.17040513,0.18424323,0.19907205,0.20972723,0.21390912,0.21220034,0.20782047,0.20487894,0.20535222,0.20790473,0.20920523,0.20632623,0.19972291,0.19449001,0.19662756,0.20732617,0.22241532,0.23688092,0.24759502,0.25263578,0.25157217,0.24674957,0.24163378,0.23784731,0.23593487,0.23795530,0.24603185,0.25866125,0.27150648,0.28144461,0.28659633,0.28327079,0.26837836,0.24688228,0.23207100,0.23383112,0.24808974,0.26133025
0.25190614,0.26050870,0.26775509,0.27182808,0.27390213,0.27756341,0.28612587,0.29975554,0.31424524,0.32260424,0.31910039,0.30315892,0.27997880,0.25745276,0.24228628,0.23815291,0.24575326,0.26300029,0.28504695,0.30553127,0.31931257,0.32465521,0.32285638,0.31599524,0.30540056,0.29222680,0.27886691,0.26905976,0.26619345,0.27125902,0.28212026,0.29450995,0.30401919,0.30807890,0.30710987,0.30423216,0.30344027,0.30713416,0.31464075,0.32288048,0.32869296,0.33092701,0.33061134,0.32924415,0.32688346,0.32178290,0.31182804,0.29643654,0.27730751,0.25753562,0.23999133
0.05961660,0.05255456,0.04610655,0.04183661,0.04040259,0.04153985,0.04430626,0.04718256,0.04851179,0.04745770,0.04466506,0.04178794,0.04021793,0.04022068,0.04121258,0.04270178,0.04483683,0.04804778,0.05222509,0.05630330,0.05871357,0.05840196,0.05563869,0.05199785,0.04950269,0.04952351,0.05214728,0.05634127,0.06065022,0.06386415,0.06526614,0.06450021,0.06138707,0.05594480,0.04857668,0.04017760,0.03196881,0.02510970,0.02032186,0.01773905,0.01701688,0.01756841,0.01876493,0.02003880,0.02093296,0.02116248,0.02069018,0.01975141,0.01876788,0.01816797,0.01821161
0.12713377,0.12689007,0.12405666,0.12424012,0.12914889,0.13544976,0.14018771,0.14234618,0.14067764,0.13450254,0.12633971,0.12091316,0.12115648,0.12567874,0.12929826,0.12602664,0.11345384,0.09535932,0.07914250,0.07000663,0.06806719,0.07072894,0.07625342,0.08456210,0.09617170,0.11156124,0.13061736,0.15124805,0.16888577,0.17893681,0.18042409,0.17663785,0.17174656,0.16717368,0.16169684,0.15461263,0.14787225,0.14472266,0.14656514,0.15149748,0.15589041,0.15723058,0.15559599,0.15284605,0.15075190,0.14985282,0.14970476,0.14979631,0.15005054,0.15057124,0.15115839
0.12113600,0.12764910,0.14473029,0.16621046,0.18356748,0.19003594,0.18368277,0.16961400,0.15631073,0.14766599,0.14120636,0.13449930,0.12896402,0.12596455,0.12315350,0.11685956,0.10579374,0.09168372,0.07908459,0.07495306,0.08415420,0.10264346,0.11771669,0.11847787,0.10583380,0.09068748,0.08339014,0.08674997,0.09779648,0.11249118,0.12739215,0.13941055,0.14694188,0.15135341,0.15581695,0.16222119,0.16997953,0.17795085,0.18640114,0.19622697,0.20679193,0.21567409,0.22093287,0.22313661,0.22471611,0.22742386,0.23064639,0.23208375,0.22984305,0.22402353,0.21678630
0.28926861,0.27635227,0.25995196,0.24981002,0.24678930,0.24599175,0.24285768,0.23576914,0.22498864,0.21094624,0.19379151,0.17432588,0.15520069,0.14058349,0.13358999,0.13353755,0.13616309,0.13711886,0.13532534,0.13290652,0.13236375,0.13439950,0.13825679,0.14316343,0.14874884,0.15443649,0.15938925,0.16351160,0.16811162,0.17491034,0.18410776,0.19354813,0.20001031,0.20153051,0.19880979,0.19481583,0.19321044,0.19671116,0.20597863,0.21915787,0.23226041,0.24059783,0.24090530,0.23302043,0.21996438,0.20631372,0.19600927,0.19105894,0.19169234,0.19730705,0.20712413
0.08209060,0.08264861,0.08520061,0.08823860,0.09185734,0.09648810,0.10103515,0.10356315,0.10318634,0.10032284,0.09554126,0.08921884,0.08255614,0.07828977,0.07959024,0.08761478,0.09997847,0.11215725,0.12103567,0.12697769,0.13185593,0.13524674,0.13376173,0.12500431,0.11170640,0.10082120,0.09803587,0.10336519,0.11199810,0.11868095,0.12084703,0.11832365,0.11160261,0.10133156,0.08906017,0.07738755,0.06870559,0.06380919,0.06190074,0.06183274,0.06310025,0.06565184,0.06911437,0.07261390,0.07547961,0.07796249,0.08103730,0.08536212,0.09037916,0.09442283,0.09576480
0.22046922,0.20962678,0.18842522,0.16707679,0.15507715,0.15458488,0.16477243,0.18426854,0.20746726,0.22663393,0.23800724,0.24167400,0.23829972,0.22914138,0.21681686,0.20444235,0.19495655,0.19045421,0.19080272,0.19351940,0.19539466,0.19379051,0.18747809,0.17790236,0.16912538,0.16520968,0.16790640,0.17713113,0.19209020,0.21067971,0.22905874,0.24366490,0.25347245,0.25915749,0.26045225,0.25584231,0.24521988,0.23168866,0.21995114,0.21329822,0.21243489,0.21631367,0.22300571,0.23008194,0.23565859,0.24000662,0.24565021,0.25496295,0.26745478,0.27973751,0.28821270
0.12314731,0.10707464,0.09734942,0.09780555,0.10729559,0.12010815,0.12904168,0.12961650,0.12325765,0.11711823,0.11951960,0.13347499,0.15365273,0.17019795,0.17658795,0.17447966,0.17132079,0.17356119,0.18204927,0.19307676,0.20266034,0.20939302,0.21399585,0.21745154,0.22021581,0.22276808,0.22598796,0.23047590,0.23566264,0.23998950,0.24212848,0.24189098,0.23977997,0.23569530,0.22830195,0.21591170,0.19816136,0.17696020,0.15588608,0.13860430,0.12756470,0.12369300,0.12678140,0.13586137,0.14926746,0.16471275,0.17975897,0.19256375,0.20236127,0.20930099,0.21386635
0.07801734,0.09083108,0.09703282,0.09531900,0.08887722,0.08389365,0.08427080,0.09018276,0.10239219,0.11961983,0.13269991,0.13274872,0.12257630,0.11076006,0.10058316,0.09165904,0.08478436,0.08039930,0.07765272,0.07640492,0.07723596,0.08025404,0.08469672,0.08838338,0.08859481,0.08494185,0.07986814,0.07561760,0.07229515,0.06890850,0.06476974,0.05999879,0.05577602,0.05419870,0.05752691,0.06718963,0.08258099,0.10026673,0.11530034,0.12451341,0.12856427,0.13042676,0.13217404,0.13354701,0.13317903,0.13049070,0.12631007,0.12211794,0.11901374,0.11730285,0.11681294
0.07138920,0.09864884,0.12299018,0.13745634,0.14040345,0.13509138,0.12494923,0.11124708,0.09607812,0.08396296,0.07829811,0.07823752,0.08029585,0.08155681,0.08099567,0.07930252,0.07794506,0.07750777,0.07681977,0.07428572,0.06988982,0.06541320,0.06298390,0.06378334,0.06760743,0.07291743,0.07747605,0.07971402,0.07988340,0.07975693,0.08101273,0.08377925,0.08654207,0.08730363,0.08496531,0.07994911,0.07378253,0.06813427,0.06405211,0.06177649,0.06095897,0.06097339,0.06122316,0.06144084,0.06182003,0.06278838,0.06453121,0.06667092,0.06840269,0.06898222,0.06818361
0.14132280,0.15032017,0.16296206,0.17936934,0.19520834,0.20391058,0.20288870,0.19586558,0.18882039,0.18464914,0.18208027,0.17873327,0.17397126,0.16879009,0.16432777,0.16162878,0.16229799,0.16791558,0.17838037,0.19156460,0.20488888,0.21672891,0.22653324,0.23509317,0.24547140,0.26201596,0.28594233,0.31140522,0.32783512,0.32804738,0.31423785,0.29536798,0.27873863,0.26469578,0.24931063,0.23096372,0.21342715,0.20296458,0.20335111,0.21366566,0.22977456,0.24703655,0.26198659,0.27281750,0.27942778,0.28325105,0.28661061,0.29173295,0.29998710,0.31162197,0.32573382
0.16593180,0.15777031,0.14936631,0.14347587,0.14042964,0.13755562,0.13144204,0.12180786,0.11214474,0.10637853,0.10574177,0.10874375,0.11316942,0.11793923,0.12368350,0.13166539,0.14169636,0.15104705,0.15594498,0.15455146,0.14843193,0.14110970,0.13552495,0.13309752,0.13466485,0.14111850,0.15227754,0.16537177,0.17560671,0.17904661,0.17522843,0.16702489,0.15813208,0.15073965,0.14519142,0.14113717,0.13856615,0.13791756,0.13963678,0.14375577,0.14964452,0.15592975,0.16076660,0.16257266,0.16086967,0.15661847,0.15178169,0.14844305,0.14803525,0.15098469,0.15677190
0.23818121,0.25173316,0.26360616,0.26652818,0.25953503,0.24786329,0.23826474,0.23494659,0.23846232,0.24646012,0.25517454,0.26119629,0.26279261,0.26025442,0.25530725,0.24962913,0.24302656,0.23307994,0.21744291,0.19682777,0.17531672,0.15777579,0.14761714,0.14684263,0.15649189,0.17549822,0.19960835,0.22320353,0.24304651,0.25967347,0.27463803,0.28705498,0.29374787,0.29263020,0.28499450,0.27407877,0.26197190,0.24854615,0.23317135,0.21669078,0.20139803,0.18950648,0.18211566,0.17951415,0.18186028,0.18914530,0.20061011,0.21455011,0.22884616,0.24162705,0.25145279
0.23696627,0.25654549,0.26853435,0.26238196,0.24170585,0.21965523,0.20610567,0.20309394,0.21078275,0.23082987,0.26041631,0.28743960,0.29807756,0.29010719,0.27563966,0.26973612,0.27794020,0.29442324,0.30916697,0.31604928,0.31669343,0.31846861,0.32752375,0.34236448,0.35508852,0.35973884,0.35810899,0.35609163,0.35571048,0.35283426,0.34218697,0.32241490,0.29627316,0.26863676,0.24596296,0.23550682,0.24138875,0.26022359,0.28228057,0.29867770,0.30756986,0.31301461,0.31861865,0.32357110,0.32485228,0.32178969,0.31711246,0.31370114,0.31135006,0.30720003,0.29888668
0.08789781,0.09405668,0.10228928,0.10767650,0.10647529,0.09963310,0.09236643,0.09009646,0.09622695,0.11365995,0.14490068,0.18758475,0.23107974,0.26108007,0.26949431,0.25966053,0.24195495,0.22527719,0.21285308,0.20430541,0.19921308,0.19777956,0.19926847,0.20139338,0.20162550,0.19862527,0.19248222,0.18450423,0.17733537,0.17451805,0.17861532,0.18924557,0.20334391,0.21756860,0.23004484,0.23956572,0.24391496,0.24028147,0.22791473,0.20997447,0.19218994,0.17954927,0.17420156,0.17592891,0.18363176,0.19584202,0.21028183,0.22392192,0.23414005,0.23992378,0.24189785
0.18098733,0.17659457,0.17270908,0.17202452,0.17327911,0.17366716,0.17243890,0.17170129,0.17505993,0.18549749,0.20259101,0.22070279,0.23121681,0.22838824,0.21349164,0.19309966,0.17378175,0.15891899,0.14968634,0.14705195,0.15152064,0.16139550,0.17261331,0.18114460,0.18575656,0.18852309,0.19279526,0.20054535,0.21115119,0.22226628,0.23186676,0.23982300,0.24770507,0.25684574,0.26617605,0.27179213,0.26898189,0.25539978,0.23301291,0.20735164,0.18467755,0.16910822,0.16142731,0.15980393,0.16137747,0.16353576,0.16444788,0.16311517,0.15932135,0.15356640,0.14685153
0.20528792,0.20050005,0.20061243,0.20848487,0.22533181,0.24494695,0.25569704,0.25035730,0.23193767,0.20948052,0.19103214,0.18170160,0.18504174,0.20239582,0.23073859,0.26337190,0.29383520,0.31884690,0.33773548,0.35025574,0.35563495,0.35325740,0.34374707,0.32957486,0.31477223,0.30333406,0.29680224,0.29306226,0.28810663,0.27970718,0.26959241,0.26194922,0.25977330,0.26262193,0.26755425,0.27177201,0.27431928,0.27585743,0.27755872,0.28037474,0.28479640,0.29060830,0.29669768,0.30153517,0.30438792,0.30620982,0.30900812,0.31382645,0.31903647,0.32069147,0.31502256
0.25492096,0.25428139,0.23324068,0.20278128,0.17825107,0.16426859,0.15772061,0.15381290,0.14839557,0.14245395,0.14201419,0.14973874,0.16197545,0.17547538,0.18993138,0.20327341,0.21134650,0.21299171,0.21104332,0.20905858,0.20978893,0.21420507,0.21918679,0.21913983,0.21269311,0.20518917,0.20217339,0.20277700,0.20163058,0.19521388,0.18431347,0.17200006,0.16144108,0.15499419,0.15383709,0.15855672,0.17038123,0.19055534,0.21735821,0.24470523,0.26548578,0.27673282,0.28104112,0.28313631,0.28568154,0.28797577,0.28737645,0.28149550,0.26997937,0.25514319,0.24064486
0.32899445,0.32655950,0.33787311,0.35557286,0.37050336,0.37543581,0.36641345,0.34446787,0.31647692,0.29214395,0.27874922,0.27850798,0.28953380,0.30715079,0.32441738,0.33441623,0.33461171,0.32870328,0.32283227,0.32002547,0.31922693,0.31912569,0.32074245,0.32506207,0.32935249,0.32789302,0.31703363,0.29882022,0.27911534,0.26258302,0.24998775,0.23991745,0.23204271,0.22809396,0.22998078,0.23753827,0.24820658,0.25860964,0.26637761,0.27088298,0.27281224,0.27327222,0.27310046,0.27267578,0.27217468,0.27194451,0.27255950,0.27437911,0.27695725,0.27896554,0.27896472
0.15249382,0.16054501,0.16465451,0.16934228,0.17981613,0.19629406,0.21367929,0.22462659,0.22166611,0.20104998,0.16827826,0.13644977,0.11581454,0.10692704,0.10455117,0.10443344,0.10536486,0.10806265,0.11338636,0.12078128,0.12909912,0.13841092,0.14791427,0.15255551,0.14660148,0.13117340,0.11334357,0.09694004,0.07939619,0.05911268,0.04069404,0.02998742,0.02742623,0.02900719,0.03137424,0.03348546,0.03511138,0.03634275,0.03818566,0.04207529,0.04884569,0.05873373,0.07167112,0.08664940,0.10125364,0.11281926,0.12012053,0.12349961,0.12357252,0.12041739,0.11400256
0.08750422,0.09537581,0.10299236,0.10828098,0.11123480,0.11435471,0.12031894,0.12870460,0.13526231,0.13533163,0.12869536,0.12090673,0.11903460,0.12555495,0.13651713,0.14584088,0.15097811,0.15385224,0.15670997,0.15845029,0.15593738,0.14831776,0.13873441,0.13137976,0.12762984,0.12573217,0.12384038,0.12240820,0.12341372,0.12794399,0.13509548,0.14289471,0.14955670,0.15371143,0.15409329,0.14981854,0.14120489,0.13002593,0.11861362,0.10855379,0.10016028,0.09303420,0.08695152,0.08220095,0.07922587,0.07809414,0.07833492,0.07923476,0.08029963,0.08153143,0.08335617
0.04149247,0.03935052,0.04022433,0.04479642,0.05352935,0.06500347,0.07524062,0.07996136,0.07789444,0.07150095,0.06453271,0.05937971,0.05663634,0.05619639,0.05785410,0.06091450,0.06397824,0.06569465,0.06577937,0.06513770,0.06504236,0.06644992,0.07020166,0.07747773,0.08930504,0.10507357,0.12158199,0.13407911,0.13889459,0.13557487,0.12681975,0.11648887,0.10740433,0.10036509,0.09449221,0.08822602,0.08039011,0.07100292,0.06148230,0.05395865,0.05001878,0.04986794,0.05270109,0.05794219,0.06606290,0.07803494,0.09385903,0.11161742,0.12805013,0.14021345,0.14681832
0.18097840,0.16018033,0.14929604,0.15009732,0.15686118,0.16101314,0.15818538,0.15162190,0.14860968,0.15359791,0.16483377,0.17711399,0.18684524,0.19396314,0.19932800,0.20119810,0.19530014,0.17913039,0.15627976,0.13580215,0.12624407,0.12956243,0.14074237,0.15341101,0.16574367,0.18087173,0.20187829,0.22694861,0.24966303,0.26385176,0.26801694,0.26536357,0.26019966,0.25467020,0.24861519,0.24174301,0.23525572,0.23124632,0.23080365,0.23296790,0.23556865,0.23704030,0.23752151,0.23841124,0.24097927,0.24527595,0.25010318,0.25386286,0.25553148,0.25511365,0.25341951
0.11596484,0.11058244,0.10963375,0.11615625,0.12774521,0.14029587,0.15021530,0.15367603,0.14745253,0.13218188,0.11333503,0.09755681,0.08829271,0.08515090,0.08626241,0.08994918,0.09448721,0.09783330,0.09856757,0.09690849,0.09438283,0.09258801,0.09248491,0.09460175,0.09924556,0.10608670,0.11367678,0.11981860,0.12278216,0.12235611,0.11980116,0.11677047,0.11412053,0.11150906,0.10793825,0.10267684,0.09584735,0.08838721,0.08162265,0.07686840,0.07522080,0.07739861,0.08347624,0.09263353,0.10324215,0.11342429,0.12180080,0.12793814,0.13225458,0.13561063,0.13900383
0.24956617,0.25876862,0.25327715,0.24020048,0.22534686,0.21087115,0.19898754,0.19324719,0.19512792,0.20153828,0.20724748,0.20967134,0.21094717,0.21538630,0.22485425,0.23646649,0.24490494,0.24722333,0.24533675,0.24365475,0.24444190,0.24574805,0.24364200,0.23588879,0.22337223,0.20870874,0.19434709,0.18203055,0.17325964,0.16939550,0.17099117,0.17709048,0.18522423,0.19213131,0.19487423,0.19206384,0.18477199,0.17641138,0.17112854,0.17133791,0.17602296,0.18117651,0.18222365,0.17675996,0.16577361,0.15276345,0.14165407,0.13496252,0.13311079,0.13484047,0.13815402
0.09314377,0.10315449,0.11724746,0.13090422,0.14010436,0.14358673,0.14148369,0.13388216,0.12211448,0.11006751,0.10226770,0.10067870,0.10434214,0.11183506,0.12276726,0.13667182,0.15174267,0.16567835,0.17735100,0.18689737,0.19452327,0.20029639,0.20539274,0.21254576,0.22408424,0.23927212,0.25411001,0.26422352,0.26803595,0.26720646,0.26433678,0.26055403,0.25509816,0.24661753,0.23445528,0.21894074,0.20111019,0.18258389,0.16554207,0.15223940,0.14402192,0.14062712,0.14052562,0.14212180,0.14480230,0.14899627,0.15536362,0.16394715,0.17395897,0.18414662,0.19322005
0.16451289,0.18614067,0.20230406,0.20642005,0.20055466,0.19361739,0.19073191,0.18829601,0.18070197,0.16871461,0.15938986,0.15909882,0.16764943,0.17877506,0.18629859,0.19015013,0.19583964,0.20766604,0.22362892,0.23812060,0.24839478,0.25621073,0.26322848,0.26720536,0.26425310,0.25390855,0.24051584,0.22963171,0.22386345,0.22207247,0.22157344,0.22058549,0.21915537,0.21850732,0.21956898,0.22169632,0.22266125,0.22018835,0.21392956,0.20620450,0.20091491,0.20162055,0.21015731,0.22627144,0.24786930,0.27151205,0.29319250,0.30937107,0.31783592,0.31794878,0.31039977
0.13670114,0.12172932,0.11156281,0.11285655,0.13012400,0.15263309,0.16491829,0.16596554,0.16319346,0.16060930,0.15847439,0.15469552,0.14682726,0.13626898,0.12750618,0.12298592,0.12237777,0.12511385,0.12942373,0.13147903,0.12907751,0.12388338,0.11908720,0.11707748,0.11874098,0.12352383,0.13036670,0.13801216,0.14464626,0.14901868,0.15161340,0.15389536,0.15748512,0.16329887,0.16918184,0.16988731,0.16237031,0.15003181,0.13963919,0.13515961,0.13578536,0.13849559,0.14113080,0.14352519,0.14661446,0.15085938,0.15569740,0.16022286,0.16373875,0.16554801,0.16482584
0.15804293,0.15095593,0.15238135,0.15873479,0.16401765,0.16378736,0.15782936,0.14912187,0.14072501,0.13384137,0.12803463,0.12227294,0.11557567,0.10718003,0.09662354,0.08406570,0.07085729,0.05972897,0.05373727,0.05419903,0.05935370,0.06529080,0.06854391,0.06810932,0.06541053,0.06279020,0.06203441,0.06367599,0.06691874,0.07003738,0.07134589,0.07038103,0.06834235,0.06723666,0.06848039,0.07238796,0.07902564,0.08929529,0.10470568,0.12566203,0.14983052,0.17236088,0.18818765,0.19478683,0.19335443,0.18768066,0.18176755,0.17797813,0.17677013,0.17767394,0.18032672
0.21511317,0.22157719,0.21160647,0.18731465,0.15850197,0.13292482,0.11587166,0.11999845,0.14335152,0.16509283,0.17597581,0.17900338,0.17382295,0.16120365,0.14526459,0.12951607,0.11700166,0.10802790,0.09977169,0.08973993,0.07798985,0.07050074,0.07570082,0.09211926,0.10910285,0.12075362,0.12860058,0.13462813,0.13990424,0.14493244,0.14831779,0.14895720,0.14824782,0.14842723,0.15157260,0.15971035,0.17341160,0.19120268,0.21007250,0.22532003,0.23282884,0.23290404,0.22827869,0.21857755,0.20085774,0.17376933,0.13786796,0.09677297,0.06191625,0.04854485,0.06019237
0.17366442,0.18801956,0.19351404,0.19500877,0.19561651,0.19485533,0.19285723,0.19201360,0.19329864,0.19416259,0.19172956,0.18586127,0.17763315,0.16708351,0.15486898,0.14510675,0.14414352,0.15591901,0.17898042,0.20731236,0.23309230,0.24973046,0.25479542,0.25111051,0.24389787,0.23568952,0.22428068,0.20614310,0.18119761,0.15337056,0.12702842,0.10443711,0.08715527,0.07830605,0.08140554,0.09646379,0.11840529,0.14058084,0.16009275,0.17934348,0.20230756,0.22955354,0.25688954,0.27836696,0.29023015,0.29233778,0.28675227,0.27574611,0.26114222,0.24485230,0.22922017
0.11271788,0.12292853,0.13207199,0.13474061,0.12868612,0.11666005,0.10357128,0.09292488,0.08562969,0.08049976,0.07572866,0.07140254,0.07087936,0.07823081,0.09374657,0.11317964,0.13204657,0.14939977,0.16636512,0.18222273,0.19391436,0.19947936,0.20034767,0.19939798,0.19763867,0.19379575,0.18679764,0.17760925,0.16839161,0.16059428,0.15441717,0.14979919,0.14722507,0.14727977,0.14960675,0.15251751,0.15367598,0.15129790,0.14503317,0.13601616,0.12608770,0.11671288,0.10837321,0.10086614,0.09413781,0.08876540,0.08559809,0.08498784,0.08646933,0.08919552,0.09255768
0.09181176,0.09751958,0.10853646,0.12160032,0.13302758,0.14024351,0.14196039,0.13832218,0.13135305,0.12424447,0.11942267,0.11757292,0.11853338,0.12207357,0.12697863,0.13005218,0.12747258,0.11790861,0.10421447,0.09182927,0.08528890,0.08566711,0.09048907,0.09570321,0.09822369,0.09746478,0.09499419,0.09277206,0.09153514,0.09060582,0.08893943,0.08615975,0.08273437,0.07954062,0.07745125,0.07706453,0.07835830,0.08040624,0.08163936,0.08070152,0.07719661,0.07165235,0.06494999,0.05811359,0.05277621,0.05147777,0.05673891,0.06910953,0.08582416,0.10161156,0.11145116
0.04750600,0.04701540,0.04833046,0.05027570,0.05248854,0.05509020,0.05761081,0.05936460,0.06048757,0.06185401,0.06446559,0.06932749,0.07689439,0.08574276,0.09255951,0.09453952,0.09162142,0.08581778,0.07885540,0.07133402,0.06390313,0.05805194,0.05510452,0.05482189,0.05550294,0.05546092,0.05424212,0.05255316,0.05133456,0.05102460,0.05154051,0.05271745,0.05462406,0.05741853,0.06089221,0.06415837,0.06585837,0.06484939,0.06091527,0.05494664,0.04840489,0.04248201,0.03766778,0.03407120,0.03207681,0.03252160,0.03604938,0.04221336,0.04928109,0.05508371,0.05825324
0.26622947,0.27872498,0.27859439,0.26492702,0.24274295,0.21506394,0.18190862,0.14594567,0.11483608,0.09670230,0.09465762,0.10548586,0.12164575,0.13437798,0.13727118,0.12904189,0.11336727,0.09594184,0.08171524,0.07412006,0.07497697,0.08366744,0.09679079,0.11006771,0.12141554,0.13210204,0.14479499,0.16067563,0.17835395,0.19492241,0.20748812,0.21395583,0.21328228,0.20576588,0.19320085,0.17838700,0.16408576,0.15213201,0.14322050,0.13722836,0.13363441,0.13182405,0.13132453,0.13197207,0.13389029,0.13726173,0.14209650,0.14821305,0.15539495,0.16348498,0.17227687
0.11888936,0.11211634,0.10820496,0.10791671,0.11081281,0.11396383,0.11373673,0.10861380,0.09986398,0.08983875,0.08023764,0.07194406,0.06572380,0.06230110,0.06159388,0.06223334,0.06227199,0.06063176,0.05800465,0.05644067,0.05802453,0.06365398,0.07266245,0.08343261,0.09467595,0.10666437,0.12145124,0.14151110,0.16744801,0.19656484,0.22378892,0.24455139,0.25736031,0.26391926,0.26681326,0.26698064,0.26327516,0.25434915,0.24091854,0.22625346,0.21450849,0.20842236,0.20821589,0.21218245,0.21800471,0.22360583,0.22728003,0.22774159,0.22462459,0.21910536,0.21377031
0.11442557,0.10402234,0.10222143,0.10937348,0.12449732,0.14427465,0.16304349,0.17599515,0.18211938,0.18316552,0.18051957,0.17447688,0.16625872,0.15891907,0.15511514,0.15444699,0.15384991,0.15062261,0.14462341,0.13762182,0.13125203,0.12607075,0.12226329,0.12056808,0.12219979,0.12803584,0.13803323,0.15126110,0.16619219,0.18089777,0.19323060,0.20122308,0.20364679,0.20043035,0.19271134,0.18252620,0.17224994,0.16389768,0.15846328,0.15558711,0.15380790,0.15136858,0.14720803,0.14166227,0.13657659,0.13480026,0.13921458,0.15155360,0.17141618,0.19598014,0.22078222
0.13942959,0.13537288,0.11819160,0.09776102,0.08139939,0.07032010,0.06360856,0.06144383,0.06410254,0.07035838,0.07790448,0.08436783,0.08766219,0.08661736,0.08213091,0.07709990,0.07429467,0.07416643,0.07496621,0.07482228,0.07335688,0.07147393,0.07020854,0.07007295,0.07112210,0.07309927,0.07545775,0.07766317,0.07982788,0.08294839,0.08811193,0.09516145,0.10216500,0.10648260,0.10669705,0.10375010,0.10028414,0.09878038,0.10004808,0.10311434,0.10623649,0.10794940,0.10740555,0.10418015,0.09816396,0.08979104,0.08022860,0.07106345,0.06355488,0.05806118,0.05416413
0.14738659,0.14202396,0.14191522,0.14994942,0.16385822,0.17740965,0.18569630,0.18897768,0.19103395,0.19466718,0.19971472,0.20458921,0.20794354,0.20842212,0.20416436,0.19380249,0.17786309,0.15870288,0.13926919,0.12228665,0.11014934,0.10451334,0.10554716,0.11213329,0.12339444,0.13982912,0.16236006,0.19014114,0.21972794,0.24674907,0.26832828,0.28381130,0.29353302,0.29752860,0.29568459,0.28871172,0.27831827,0.26616181,0.25280961,0.23794180,0.22152430,0.20460794,0.18898740,0.17630382,0.16762430,0.16369058,0.16510385,0.17188425,0.18283286,0.19561889,0.20781519
0.27674484,0.27699439,0.27495958,0.27836147,0.28855135,0.30027635,0.30620600,0.30169118,0.28677081,0.26510102,0.24146551,0.21977036,0.20220195,0.18924904,0.18026617,0.17421519,0.16996198,0.16602196,0.16063804,0.15283114,0.14354171,0.13539484,0.13104524,0.13162671,0.13652096,0.14413002,0.15263084,0.16031736,0.16586831,0.16881758,0.17000424,0.17150264,0.17568195,0.18359322,0.19366289,0.20200763,0.20477015,0.20103982,0.19391862,0.18853209,0.18841844,0.19321353,0.19936080,0.20291419,0.20196437,0.19703725,0.18981621,0.18171082,0.17338071,0.16518809,0.15786969
0.19986384,0.21202745,0.23194925,0.25110276,0.26345699,0.27054064,0.27778191,0.28687322,0.29448531,0.29787479,0.29859076,0.29967446,0.30115953,0.29969365,0.29168589,0.27589378,0.25398978,0.23039690,0.21163698,0.20391776,0.20939806,0.22427971,0.24106274,0.25326099,0.25851512,0.25812432,0.25469499,0.25055429,0.24750708,0.24674965,0.24835986,0.25120113,0.25389976,0.25600699,0.25787304,0.25920266,0.25802212,0.25159896,0.23878014,0.22157638,0.20444929,0.19193461,0.18662899,0.18886050,0.19754483,0.21081712,0.22583976,0.23859625,0.24480303,0.24190674,0.23074221
0.13366026,0.12388590,0.10748058,0.08833981,0.07242158,0.06606665,0.07157897,0.08437141,0.09685637,0.10545583,0.11221169,0.12011464,0.12927100,0.13773690,0.14366473,0.14561500,0.14243367,0.13429847,0.12343814,0.11301515,0.10543132,0.10182206,0.10239795,0.10650270,0.11258336,0.11878879,0.12376819,0.12679269,0.12746890,0.12591868,0.12318476,0.12075763,0.11925758,0.11785882,0.11543555,0.11217422,0.10959856,0.10882870,0.10907911,0.10814708,0.10437351,0.09807218,0.09126436,0.08638511,0.08528373,0.08896091,0.09751424,0.10986587,0.12361140,0.13559564,0.14320638
0.24712284,0.26086683,0.29151744,0.32369837,0.33983254,0.33656101,0.32781563,0.32924492,0.34317387,0.36027917,0.37067017,0.36955293,0.35645378,0.33491908,0.31223203,0.29478752,0.28270932,0.27128351,0.25780418,0.24473499,0.23613290,0.23399102,0.23950782,0.25526273,0.28281476,0.31817385,0.35208306,0.37612960,0.38802821,0.39058180,0.38665479,0.37653168,0.36004085,0.33986803,0.32166286,0.31064711,0.30805755,0.31048145,0.31231176,0.30927243,0.30070015,0.28947514,0.28003313,0.27589364,0.27813938,0.28539099,0.29479969,0.30323153,0.30819131,0.30845514,0.30434831
0.11878878,0.11667170,0.12056054,0.12723225,0.12936757,0.12194041,0.10801779,0.09583645,0.09025389,0.08901644,0.08741918,0.08436811,0.08273457,0.08535096,0.09266786,0.10417699,0.12025109,0.14129818,0.16547398,0.18827473,0.20490442,0.21305970,0.21362214,0.20920783,0.20231628,0.19433384,0.18531290,0.17413914,0.15925010,0.14003478,0.11811278,0.09720601,0.08133371,0.07269558,0.07098110,0.07442373,0.08125776,0.09014673,0.09959335,0.10754328,0.11200398,0.11211477,0.10845148,0.10219648,0.09410817,0.08443072,0.07376329,0.06376809,0.05674581,0.05436202,0.05675469
0.05383609,0.05308266,0.05323332,0.05472675,0.05780497,0.06149333,0.06327362,0.06168390,0.05846495,0.05628572,0.05582056,0.05736372,0.06328839,0.07525591,0.08990866,0.10109719,0.10658796,0.10958266,0.11329298,0.11705958,0.11893574,0.11942549,0.12054339,0.12253122,0.12359626,0.12252675,0.11992184,0.11669722,0.11259729,0.10664999,0.09839745,0.08833971,0.07781159,0.06891936,0.06404580,0.06448366,0.06931250,0.07604711,0.08272094,0.08928483,0.09692521,0.10622310,0.11615287,0.12474679,0.13052033,0.13333684,0.13424966,0.13472486,0.13582322,0.13772004,0.13977079
0.24614726,0.24945831,0.25719258,0.26511140,0.26607301,0.25916633,0.24863561,0.23870320,0.23152543,0.22970551,0.23473801,0.24366659,0.25239471,0.25773070,0.25834050,0.25840233,0.26308801,0.27253699,0.28455666,0.29413205,0.29584038,0.29499001,0.29920042,0.29942161,0.28381451,0.26047103,0.24360052,0.23382466,0.22737930,0.22673352,0.23443503,0.24897012,0.26654657,0.28076089,0.28538806,0.27975896,0.26737211,0.25145510,0.23518030,0.22245815,0.21584538,0.21540978,0.21930647,0.22434747,0.22787308,0.23000514,0.23265020,0.23662668,0.24108810,0.24471223,0.24625475
0.14125372,0.13019879,0.11187346,0.09636889,0.09287651,0.10253714,0.11918119,0.13438675,0.14165048,0.13873957,0.12879746,0.11884808,0.11503503,0.11794604,0.12254726,0.12283137,0.11654124,0.10594964,0.09522442,0.08770537,0.08510792,0.08799789,0.09608785,0.10805733,0.12167546,0.13477557,0.14659834,0.15836370,0.17233728,0.18987115,0.20991462,0.22929115,0.24459700,0.25413697,0.25829253,0.25821007,0.25425291,0.24575963,0.23226901,0.21494275,0.19679454,0.18148045,0.17161875,0.16782947,0.16893735,0.17290277,0.17775062,0.18207684,0.18515856,0.18688675,0.18765895
0.19665178,0.21568960,0.24302134,0.26529826,0.27869015,0.28432918,0.28521330,0.28526334,0.28360422,0.27713171,0.26660811,0.25551489,0.24708267,0.24318150,0.24383277,0.24709041,0.24878456,0.24406807,0.23235021,0.21987008,0.21382242,0.21470498,0.21729170,0.21624138,0.20859559,0.19605481,0.18606057,0.18494679,0.19086843,0.19794154,0.20359820,0.20812794,0.21168336,0.21478422,0.21866710,0.22406890,0.23101854,0.23867057,0.24444766,0.24522273,0.24028206,0.23217911,0.22465334,0.22021990,0.21914969,0.22004165,0.22137955,0.22250245,0.22309761,0.22235055,0.21907029
0.16116897,0.16133788,0.14877931,0.13033796,0.11689028,0.11086882,0.10903699,0.10994260,0.11389852,0.12049316,0.12838552,0.13512420,0.13775754,0.13499374,0.12695217,0.11333950,0.09594216,0.08227711,0.08126666,0.09438146,0.11503021,0.13652676,0.15624563,0.17209373,0.18036685,0.17954729,0.17329276,0.16745651,0.16537464,0.16687143,0.17020137,0.17357990,0.17551865,0.17476619,0.17018573,0.16103170,0.14802798,0.13403900,0.12272101,0.11625231,0.11510897,0.12014114,0.13354078,0.15654457,0.18644173,0.21678227,0.24075033,0.25414917,0.25580502,0.24664163,0.22923954
0.09037904,0.08600728,0.08329388,0.08256699,0.08484202,0.09356635,0.11096061,0.13313678,0.15222643,0.16314048,0.16570585,0.16135256,0.15142353,0.13888930,0.12850886,0.12397402,0.12600406,0.13296805,0.14160209,0.14751121,0.14779720,0.14453865,0.14404406,0.15105732,0.16426663,0.17847423,0.19043329,0.20122751,0.21320711,0.22612688,0.23692807,0.24246923,0.24173607,0.23590008,0.22721692,0.21805205,0.21030844,0.20517277,0.20324969,0.20485182,0.20985129,0.21704757,0.22399659,0.22814257,0.22863016,0.22704720,0.22611597,0.22735866,0.22984247,0.23109723,0.22928092
0.14807720,0.14443220,0.15524344,0.17215174,0.18288396,0.18743236,0.19345930,0.20154751,0.20631011,0.20636732,0.20455179,0.20206725,0.19747174,0.18949942,0.17907818,0.16896533,0.16079198,0.15290337,0.14283998,0.13079703,0.11870529,0.10827682,0.10254059,0.10600588,0.11907259,0.13428274,0.14227704,0.14074861,0.13479033,0.12980903,0.12728280,0.12662970,0.12764400,0.13018253,0.13347653,0.13670157,0.13924641,0.14016431,0.13857023,0.13524654,0.13315208,0.13563650,0.14415198,0.15753602,0.17281548,0.18649668,0.19595275,0.20057612,0.20172515,0.20116289,0.19948194
0.29408798,0.31908956,0.34213930,0.35068372,0.34489637,0.33370397,0.32515096,0.32100651,0.31785295,0.31237762,0.30600014,0.30405012,0.31035803,0.32326968,0.33677477,0.34489991,0.34582815,0.34323448,0.34320148,0.34802881,0.35282900,0.34977995,0.33635435,0.31820306,0.30334333,0.29470011,0.28923523,0.28310028,0.27571312,0.26887845,0.26388135,0.26070983,0.25935688,0.26040793,0.26390094,0.26816943,0.27028812,0.26770688,0.25963320,0.24740869,0.23399959,0.22288772,0.21669158,0.21618949,0.22042208,0.22773094,0.23669588,0.24609844,0.25419607,0.25843994,0.25634725
0.14645016,0.14052433,0.14007027,0.14558259,0.15600436,0.16795714,0.17626608,0.17785765,0.17392650,0.16764120,0.16142629,0.15682750,0.15515249,0.15718916,0.16272183,0.17041479,0.17799313,0.18317691,0.18512483,0.18472196,0.18321893,0.18116995,0.17904262,0.17814664,0.18018264,0.18591592,0.19444488,0.20345033,0.21015974,0.21293239,0.21264169,0.21215751,0.21372797,0.21687729,0.21935250,0.21998390,0.21987150,0.22057052,0.22185531,0.22193611,0.21962559,0.21568315,0.21208616,0.21063197,0.21245660,0.21815752,0.22736178,0.23788414,0.24588304,0.24762578,0.24159937
0.07316727,0.07142553,0.06965295,0.07067116,0.07313927,0.07353791,0.07063457,0.06681860,0.06545161,0.06815504,0.07471326,0.08419698,0.09511041,0.10496112,0.11102259,0.11226949,0.11043821,0.10883088,0.10987141,0.11356958,0.11794196,0.12067678,0.12065590,0.11846946,0.11587531,0.11468299,0.11574710,0.11864903,0.12218301,0.12518774,0.12707647,0.12781017,0.12760839,0.12681434,0.12596061,0.12572609,0.12658112,0.12834584,0.13010629,0.13066094,0.12918846,0.12563959,0.12063217,0.11505576,0.10974947,0.10541158,0.10261325,0.10172979,0.10279054,0.10543107,0.10908817
0.15772359,0.14805772,0.14571124,0.14818799,0.15191717,0.15539184,0.16019066,0.16880471,0.18143536,0.19491318,0.20458243,0.20713710,0.20199132,0.19067717,0.17552162,0.15890314,0.14331979,0.13162085,0.12662725,0.12990664,0.14039173,0.15419053,0.16643612,0.17428770,0.17870962,0.18324381,0.19057872,0.19989631,0.20739230,0.20940010,0.20513506,0.19663105,0.18630553,0.17479513,0.16113168,0.14480844,0.12749420,0.11274593,0.10415186,0.10367832,0.11142403,0.12640359,0.14714758,0.17153912,0.19649500,0.21844685,0.23471250,0.24473303,0.25000733,0.25260109,0.25336971
0.34351655,0.34505344,0.34009038,0.32617131,0.30996508,0.29862768,0.29001987,0.27561833,0.25316515,0.23297873,0.22921837,0.24557622,0.27126085,0.29089747,0.29695879,0.29276797,0.28613866,0.28261661,0.28421673,0.29133422,0.30312274,0.31618552,0.32510716,0.32610293,0.32047742,0.31397757,0.31225033,0.31650611,0.32302738,0.32643253,0.32367071,0.31586266,0.30724822,0.30241746,0.30363530,0.30968091,0.31670210,0.32044918,0.31841634,0.31055014,0.29835202,0.28347271,0.26711075,0.25051670,0.23572431,0.22546778,0.22217917,0.22694139,0.23927852,0.25777007,0.28068951
0.17258491,0.17819740,0.16504666,0.15010170,0.15203284,0.16720224,0.18300347,0.19633447,0.20353981,0.20086087,0.18623906,0.15632823,0.12802839,0.12922885,0.15019047,0.15862596,0.15314454,0.15114555,0.15529713,0.16256607,0.17357743,0.18556645,0.19588130,0.20488814,0.21071672,0.21235070,0.21351807,0.21732002,0.22426733,0.23471512,0.24676478,0.25634242,0.26233062,0.26656132,0.26981353,0.27217711,0.27438778,0.27635838,0.27748880,0.27829913,0.27897253,0.27821191,0.27553112,0.27162109,0.26536294,0.25447913,0.24026044,0.22777065,0.21993233,0.21417357,0.20607283
0.15627527,0.15003504,0.15335306,0.16544603,0.18165455,0.19746648,0.20824435,0.21122907,0.20897590,0.20654526,0.20679097,0.21098371,0.22067120,0.23593196,0.25328219,0.26668398,0.27139049,0.26900861,0.26872129,0.27968293,0.30075368,0.32088096,0.33100415,0.33274704,0.33411739,0.33959867,0.34658970,0.34971040,0.34626735,0.33792095,0.32853627,0.32075879,0.31435480,0.30781275,0.30124526,0.29694780,0.29681269,0.29970489,0.30180896,0.29949929,0.29208601,0.28256584,0.27612549,0.27710294,0.28595912,0.29841601,0.30783385,0.30925525,0.30197867,0.28894573,0.27411634
0.21025980,0.22207455,0.22968722,0.23962278,0.25139443,0.25699936,0.25271842,0.24088460,0.22207415,0.19729976,0.17615712,0.17147266,0.18527559,0.20719304,0.22613908,0.23811838,0.24398777,0.24556277,0.24476827,0.24294381,0.23971729,0.23405714,0.22660702,0.21986105,0.21621136,0.21671207,0.22122518,0.22847574,0.23595806,0.24087200,0.24168006,0.23859182,0.23268669,0.22497360,0.21610832,0.20636300,0.19568593,0.18419531,0.17281092,0.16309850,0.15623933,0.15224697,0.15024026,0.14921840,0.14839166,0.14706653,0.14473060,0.14141411,0.13770836,0.13418764,0.13086897
0.25180466,0.25715071,0.26180426,0.26181051,0.25357701,0.23913814,0.22273807,0.20603163,0.18867887,0.17196231,0.15983857,0.15590069,0.16011850,0.16959187,0.18170812,0.19454594,0.20463330,0.20767052,0.20318772,0.19642151,0.19341723,0.19496786,0.19666212,0.19405506,0.18636589,0.17572705,0.16465968,0.15473086,0.14641507,0.13917458,0.13175949,0.12302012,0.11284066,0.10255704,0.09456971,0.09116625,0.09299477,0.09829626,0.10388392,0.10733806,0.10846263,0.10867769,0.10918956,0.10990680,0.10991090,0.10850194,0.10559799,0.10147096,0.09659402,0.09184527,0.08850162
0.15171990,0.14518873,0.13452941,0.11555707,0.09688962,0.09645588,0.12081235,0.15590545,0.18417985,0.20140566,0.21173348,0.21658719,0.21522279,0.20977435,0.20393898,0.19887884,0.19283077,0.18373926,0.17163071,0.15881449,0.14761200,0.13813950,0.12913824,0.12028747,0.11199319,0.10319121,0.09152650,0.07661889,0.06219202,0.05435925,0.05802378,0.07428757,0.09973159,0.12772116,0.15185000,0.16965800,0.18312940,0.19510947,0.20548396,0.21141225,0.21098809,0.20564475,0.19849057,0.19084893,0.18123077,0.16794600,0.15257903,0.14082396,0.13972802,0.15335463,0.17994391
0.05912859,0.05915303,0.05852411,0.05883851,0.06347146,0.07256785,0.08299907,0.09231751,0.10072180,0.10900143,0.11609089,0.11965389,0.11869560,0.11483765,0.11084626,0.10816342,0.10594645,0.10223163,0.09576400,0.08681689,0.07668340,0.06672782,0.05787562,0.05066971,0.04552712,0.04287686,0.04306407,0.04603208,0.05096651,0.05628167,0.06021515,0.06177054,0.06130300,0.06024546,0.06019966,0.06212350,0.06613545,0.07183642,0.07870338,0.08628428,0.09424751,0.10239157,0.11055470,0.11834238,0.12483242,0.12861703,0.12835858,0.12356738,0.11501920,0.10445174,0.09373785
0.12570659,0.11812955,0.11291064,0.10933774,0.10564649,0.10108697,0.09643828,0.09262510,0.08990151,0.08870094,0.09025996,0.09533220,0.10237772,0.10790661,0.10917529,0.10646903,0.10261101,0.10048868,0.10133057,0.10511531,0.11190918,0.12227674,0.13653207,0.15408249,0.17369694,0.19414382,0.21428510,0.23269831,0.24767662,0.25791150,0.26311651,0.26383202,0.26074289,0.25454153,0.24661422,0.23948940,0.23585335,0.23645326,0.23876189,0.23800211,0.23007424,0.21411594,0.19270128,0.16978355,0.14834390,0.12962063,0.11405531,0.10252139,0.09643417,0.09670395,0.10269335
0.19962629,0.19104106,0.17207058,0.14807353,0.12572126,0.10964875,0.10133773,0.09969752,0.10211046,0.10536091,0.10664481,0.10473209,0.10058005,0.09667097,0.09556638,0.09902894,0.10807989,0.12280677,0.14114436,0.15803977,0.16717766,0.16499805,0.15370327,0.14026862,0.13219415,0.13372473,0.14525965,0.16514966,0.19116502,0.22036825,0.24864102,0.27156124,0.28645626,0.29376574,0.29634213,0.29731336,0.29837641,0.29970254,0.30098045,0.30225960,0.30383839,0.30560548,0.30675092,0.30626176,0.30375948,0.29988309,0.29583174,0.29241881,0.28941301,0.28573107,0.28038940
0.16759568,0.17281466,0.17634942,0.18025231,0.18518625,0.18919316,0.19018710,0.18743541,0.18148078,0.17413584,0.16765508,0.16264429,0.15790255,0.15385366,0.15481887,0.16500568,0.18169389,0.19471013,0.19460577,0.18109013,0.16261369,0.14823712,0.14089318,0.13793558,0.13612485,0.13476318,0.13481260,0.13674133,0.13996237,0.14367157,0.14733386,0.15030966,0.15164467,0.15075812,0.14840458,0.14675294,0.14823120,0.15387748,0.16230015,0.16993940,0.17260633,0.16758852,0.15518228,0.13866997,0.12264790,0.11073088,0.10410362,0.10170179,0.10154861,0.10204410,0.10236806
0.09702131,0.10241308,0.11396914,0.12663856,0.13624685,0.14086673,0.14095879,0.13829035,0.13441179,0.12965735,0.12335320,0.11519701,0.10663105,0.10054710,0.09905828,0.10133551,0.10386710,0.10311402,0.09806185,0.09048345,0.08321893,0.07840052,0.07684279,0.07829897,0.08185199,0.08626162,0.09037331,0.09340406,0.09484522,0.09419085,0.09100876,0.08544551,0.07860783,0.07228415,0.06816561,0.06721734,0.06957241,0.07471612,0.08158114,0.08857590,0.09388929,0.09618043,0.09525346,0.09216825,0.08865074,0.08621328,0.08555339,0.08650535,0.08842299,0.09069394,0.09312763
0.12234416,0.12061600,0.11619187,0.10988197,0.10233454,0.09418598,0.08593794,0.07774554,0.07147145,0.07202379,0.08308185,0.10115755,0.11702375,0.12410423,0.12357045,0.12090381,0.11990759,0.12111530,0.12373555,0.12676339,0.12861305,0.12750916,0.12298192,0.11659126,0.11102780,0.10878849,0.11164081,0.12063716,0.13579389,0.15531561,0.17523570,0.19038438,0.19658594,0.19281965,0.18187268,0.16904920,0.15982623,0.15777854,0.16352376,0.17475788,0.18725794,0.19667085,0.20049040,0.19915140,0.19541487,0.19232178,0.19109101,0.19042492,0.18764047,0.18072544,0.16985006
0.12242640,0.10826658,0.09731398,0.08986625,0.08632811,0.08844620,0.09726517,0.10986232,0.11907274,0.11852746,0.11022251,0.10617812,0.11876228,0.14809843,0.18163784,0.20672006,0.22015360,0.22486624,0.22258945,0.21371110,0.20053121,0.18530321,0.16646541,0.14204105,0.11719363,0.10374963,0.10976590,0.13175093,0.15883416,0.18255184,0.20072876,0.21420920,0.22385745,0.23121605,0.23880943,0.24740228,0.25400781,0.25471757,0.24966396,0.24381130,0.24222556,0.24522677,0.24863578,0.24812982,0.24263256,0.23387008,0.22381426,0.21313174,0.20153007,0.18872816,0.17494735
0.16608368,0.16486535,0.16018183,0.15418173,0.14887445,0.14587260,0.14606566,0.14973442,0.15704556,0.16752938,0.17840333,0.18429110,0.18038237,0.16687492,0.14996674,0.13767726,0.13422172,0.13809821,0.14488629,0.15106591,0.15516647,0.15645008,0.15395966,0.14732847,0.13784970,0.12794149,0.11947684,0.11305068,0.10895364,0.10826121,0.11222945,0.12041885,0.12978746,0.13611977,0.13666160,0.13162976,0.12355693,0.11551525,0.10984548,0.10786131,0.10982143,0.11462978,0.11971952,0.12189964,0.11905732,0.11153531,0.10203300,0.09407294,0.09023759,0.09140581,0.09720185
0.07400918,0.07783777,0.07814528,0.07752590,0.07658085,0.07516731,0.07494596,0.07858987,0.08747093,0.10123154,0.11869556,0.13781791,0.15495969,0.16560119,0.16677120,0.15902240,0.14611323,0.13285362,0.12294376,0.11804385,0.11800406,0.12154465,0.12688925,0.13228639,0.13647115,0.13894181,0.13986021,0.13965562,0.13872402,0.13749753,0.13665811,0.13700359,0.13885870,0.14155425,0.14359013,0.14348235,0.14065158,0.13573542,0.13028032,0.12618151,0.12512005,0.12796336,0.13417617,0.14165192,0.14741673,0.14906936,0.14608449,0.14002925,0.13353471,0.12883489,0.12693352
0.20738188,0.21731724,0.21039481,0.19718707,0.19059872,0.19428671,0.20474868,0.21629748,0.22387754,0.22510156,0.21843386,0.20006843,0.16848586,0.13243070,0.10744686,0.10211758,0.11179934,0.12635367,0.13945443,0.14955958,0.15660724,0.16086850,0.16339387,0.16533547,0.16661819,0.16572577,0.16102143,0.15273513,0.14387022,0.13856070,0.13898433,0.14402841,0.15088636,0.15710897,0.16081031,0.16013492,0.15404383,0.14370422,0.13216501,0.12224761,0.11505249,0.11048540,0.10854647,0.10963879,0.11390858,0.12072447,0.12873243,0.13612056,0.14094064,0.14169316,0.13801340
0.14601072,0.14276192,0.13492247,0.12433156,0.11717385,0.11842468,0.12660036,0.13596961,0.14298624,0.14849880,0.15402979,0.15823020,0.15807979,0.15251196,0.14373275,0.13522391,0.12913224,0.12542849,0.12279891,0.11996591,0.11651551,0.11303864,0.11073445,0.11072269,0.11337296,0.11798194,0.12303798,0.12700240,0.12907951,0.12930744,0.12787844,0.12446017,0.11839719,0.10969806,0.09971318,0.09064232,0.08429190,0.08131769,0.08156549,0.08484884,0.09112723,0.09995351,0.11005694,0.11978834,0.12808896,0.13497010,0.14099690,0.14634263,0.15040096,0.15230620,0.15178032
0.20224468,0.21218301,0.21561349,0.21827233,0.22227722,0.22340840,0.21770887,0.20763379,0.20146651,0.20721755,0.22589436,0.25026875,0.27075771,0.28211210,0.28448593,0.28050282,0.27370686,0.26901360,0.27148258,0.28234757,0.29639299,0.30502648,0.30360139,0.29606857,0.29183837,0.29757267,0.31162637,0.32558314,0.33041862,0.32189752,0.30206077,0.27704271,0.25335650,0.23520462,0.22423776,0.22077156,0.22414957,0.23170699,0.23856176,0.24015029,0.23585067,0.22978151,0.22727302,0.23006876,0.23476516,0.23577056,0.22984662,0.21834675,0.20587547,0.19710939,0.19428686
0.14793046,0.14314204,0.14204560,0.14536681,0.15754611,0.18169938,0.21191248,0.23621876,0.24852354,0.25292394,0.25701274,0.26579845,0.28000451,0.29447474,0.29965047,0.28952401,0.26722461,0.24004822,0.21174088,0.18281239,0.15505341,0.13098033,0.11012696,0.08986990,0.06985809,0.05307603,0.04254132,0.03871075,0.03994352,0.04398058,0.04902925,0.05465382,0.06174301,0.07096688,0.08170144,0.09334485,0.10689855,0.12328308,0.13967734,0.14933568,0.14670633,0.13258416,0.11343086,0.09586572,0.08248586,0.07247375,0.06453072,0.05825766,0.05353442,0.04996190,0.04717301
0.22624933,0.24515561,0.26834779,0.28726259,0.29561033,0.29391825,0.28756260,0.28213651,0.28085177,0.28347441,0.28683353,0.28857594,0.29054549,0.29578484,0.30222282,0.30291139,0.29391746,0.27930898,0.26666086,0.25975808,0.25759198,0.25856777,0.26262956,0.26928371,0.27592858,0.27926818,0.27756698,0.27115515,0.26181947,0.25252663,0.24686699,0.24714538,0.25233642,0.25834668,0.26084109,0.25805555,0.25119460,0.24273433,0.23475025,0.22855587,0.22512745,0.22525500,0.22921427,0.23652605,0.24618170,0.25708661,0.26825837,0.27864584,0.28683805,0.29103944,0.28950776
0.15295195,0.15731902,0.15897979,0.15804169,0.15843697,0.16623484,0.18115951,0.19254862,0.19172772,0.18375244,0.17924221,0.17959133,0.17647688,0.16202227,0.13593722,0.10598720,0.08297501,0.07294632,0.07429429,0.08299436,0.09748415,0.11654316,0.13602030,0.15097044,0.15959384,0.16345865,0.16530075,0.16746508,0.17074931,0.17371362,0.17418619,0.17189771,0.16873688,0.16657686,0.16608946,0.16726383,0.16909786,0.16865469,0.16298507,0.15376925,0.14878455,0.15651088,0.17865152,0.20841464,0.23584636,0.25416752,0.26163984,0.25948900,0.24972027,0.23472479,0.21759528
0.22897590,0.21526527,0.20227055,0.19812865,0.20099904,0.20551453,0.20264307,0.18236318,0.15071206,0.13113264,0.13610373,0.15161835,0.15956010,0.16014659,0.16319421,0.17105771,0.17949107,0.18608579,0.19059118,0.19214882,0.19038675,0.18631689,0.18093683,0.17538967,0.17201986,0.17232336,0.17418910,0.17370200,0.16951780,0.16365316,0.15846578,0.15468645,0.15218354,0.15100727,0.15145059,0.15399162,0.15903418,0.16575904,0.17140456,0.17288820,0.16958377,0.16387121,0.15865497,0.15485338,0.15151258,0.14764261,0.14325792,0.13892194,0.13501498,0.13158852,0.12850350
0.18806873,0.17923580,0.17515754,0.17467575,0.17608003,0.17883572,0.18327730,0.18891262,0.19361810,0.19512117,0.19332739,0.19056262,0.18897477,0.18788077,0.18422430,0.17577915,0.16361223,0.15140631,0.14291954,0.14046356,0.14524376,0.15786381,0.17757278,0.20118259,0.22361517,0.24032644,0.24959328,0.25264542,0.25182799,0.24879475,0.24425310,0.23884906,0.23368146,0.22970375,0.22676800,0.22353827,0.21854439,0.21142869,0.20325231,0.19565917,0.18972008,0.18543050,0.18211213,0.17916603,0.17646361,0.17415307,0.17224031,0.17044144,0.16845589,0.16636473,0.16473227
0.11791146,0.13203186,0.14590759,0.15645517,0.16285810,0.16801287,0.17528965,0.18318575,0.18853417,0.19102342,0.18948093,0.18158073,0.16958399,0.15544459,0.13273231,0.09896077,0.07134697,0.07144641,0.09715945,0.12723259,0.14998262,0.17116405,0.19622305,0.22044873,0.23728478,0.24530794,0.24611949,0.24295526,0.24123542,0.24388968,0.24563569,0.23705411,0.21571347,0.19033729,0.17314087,0.16979641,0.17672296,0.18574513,0.19047490,0.18990154,0.18770963,0.18851695,0.19416467,0.20275469,0.21034597,0.21324776,0.20948711,0.19936926,0.18520081,0.17011080,0.15661940
0.19818013,0.20032616,0.20747491,0.21798924,0.22292976,0.21708584,0.20030905,0.17911922,0.15839532,0.14029236,0.12670086,0.11964029,0.12387833,0.13030254,0.12889696,0.13056128,0.14378270,0.16340000,0.18394371,0.20549222,0.22860527,0.24771987,0.25763604,0.25868543,0.25540814,0.25425631,0.25586049,0.25775989,0.25876587,0.25504189,0.24681346,0.23666188,0.22142394,0.20270363,0.18261177,0.15843451,0.14889285,0.17898933,0.22925851,0.26051271,0.26820556,0.26571978,0.25613858,0.24434129,0.23899181,0.24061391,0.24573743,0.25071689,0.24993886,0.24258180,0.23446519
0.36353688,0.35613896,0.34330752,0.33423960,0.32986946,0.32660053,0.32318361,0.32053600,0.31946680,0.32124246,0.32716095,0.33625253,0.34538689,0.35094831,0.34906300,0.33797915,0.32395735,0.32056751,0.33566474,0.36042929,0.37693997,0.37642218,0.36574894,0.35681948,0.35490523,0.35805103,0.36226933,0.36393478,0.36029451,0.35165810,0.34240672,0.33703903,0.33501877,0.33122664,0.32165154,0.30731750,0.29261629,0.28145281,0.27569114,0.27571916,0.28054551,0.28729436,0.29209723,0.29258564,0.28951341,0.28565629,0.28315402,0.28188560,0.27997529,0.27547035,0.26778083
0.30593983,0.32329860,0.31017520,0.27515826,0.24708567,0.23977711,0.24495790,0.25282845,0.26015598,0.26470428,0.26452205,0.25942150,0.24962213,0.23602492,0.22103849,0.20679583,0.19401718,0.18286656,0.17343989,0.16659479,0.16489236,0.17002591,0.17906436,0.18663368,0.19097132,0.19445384,0.19841254,0.20131373,0.20250084,0.20424204,0.20890976,0.21650095,0.22587591,0.23630061,0.24636123,0.25286354,0.25277039,0.24627429,0.23706926,0.22956781,0.22636141,0.22802462,0.23403251,0.24288837,0.25171936,0.25691361,0.25597181,0.24882253,0.23718274,0.22271616,0.20596865
0.32452991,0.33189412,0.33999334,0.34640469,0.34714052,0.33877322,0.32626978,0.30966283,0.27923036,0.23420561,0.18972802,0.16280194,0.16001461,0.17736878,0.20573730,0.23567431,0.26144428,0.28235859,0.29964884,0.31451119,0.32837772,0.34000569,0.34453710,0.34017645,0.33199761,0.32652846,0.32698210,0.33325470,0.34159875,0.34654090,0.34750156,0.35049183,0.35997892,0.37223889,0.37921328,0.37619749,0.36372437,0.34421883,0.31980191,0.29345932,0.27006636,0.25433567,0.24784182,0.24871307,0.25351041,0.25859973,0.26097160,0.25971318,0.25680371,0.25545089,0.25742530
0.21354955,0.21483733,0.20834303,0.19672090,0.18346332,0.17338901,0.17201099,0.17921200,0.18728142,0.18703559,0.17369583,0.14904871,0.12154499,0.10179126,0.09414016,0.09416063,0.09595151,0.09858733,0.10323513,0.10829014,0.11164940,0.11518695,0.12257588,0.13389432,0.14608068,0.15795666,0.17119775,0.18607665,0.19906857,0.20571489,0.20462499,0.19846553,0.19222701,0.19056709,0.19532563,0.20456535,0.21413952,0.22049879,0.22230228,0.22022111,0.21609063,0.21195461,0.20873052,0.20518950,0.19864713,0.18715018,0.17104443,0.15251256,0.13400646,0.11728810,0.10347155
0.17350788,0.17263346,0.17989692,0.19519134,0.21493727,0.23402820,0.24835682,0.25642547,0.25920835,0.25887126,0.25742409,0.25587399,0.25409717,0.25145588,0.24762596,0.24273750,0.23660442,0.22797289,0.21497820,0.19695410,0.17632188,0.15872634,0.15052617,0.15482158,0.16889963,0.18548216,0.19729056,0.20154076,0.20092296,0.20064420,0.20432031,0.21191823,0.22062126,0.22708760,0.22921970,0.22680668,0.22139607,0.21567240,0.21228690,0.21242075,0.21502268,0.21754663,0.21785976,0.21586367,0.21349920,0.21316704,0.21591374,0.22081276,0.22585425,0.22944905,0.23135812
0.15289177,0.14951208,0.14834560,0.15056320,0.15804245,0.17074562,0.18594829,0.20008580,0.21088393,0.21759076,0.21990617,0.21773765,0.21231489,0.20683220,0.20493389,0.20794008,0.21352748,0.21737240,0.21637414,0.21066481,0.20298577,0.19646531,0.19287805,0.19247374,0.19484882,0.19968999,0.20677787,0.21550739,0.22453479,0.23192526,0.23575044,0.23480351,0.22904627,0.21955343,0.20801128,0.19610048,0.18513009,0.17603038,0.16947914,0.16585875,0.16500740,0.16606097,0.16770865,0.16883278,0.16909936,0.16902242,0.16942619,0.17073028,0.17263212,0.17441901,0.17560592
0.13229408,0.11917222,0.10559254,0.09528069,0.08907809,0.08591860,0.08502372,0.08648069,0.08994065,0.09390002,0.09720179,0.10082219,0.10693934,0.11600318,0.12577935,0.13379366,0.13974573,0.14465273,0.14838002,0.14932670,0.14647976,0.14058856,0.13288966,0.12358614,0.11241747,0.10035331,0.08979584,0.08281997,0.07957899,0.07860589,0.07834132,0.07812039,0.07801760,0.07837768,0.07978237,0.08317750,0.08949738,0.09879127,0.10960833,0.11932151,0.12530570,0.12621121,0.12252492,0.11611971,0.10914103,0.10295242,0.09775311,0.09298053,0.08807739,0.08302506,0.07832866
0.25498792,0.25971365,0.25596924,0.24926369,0.24489233,0.24263147,0.23770608,0.22862059,0.22043579,0.21825991,0.22067037,0.22228742,0.22056928,0.21688253,0.21217101,0.20547674,0.19767905,0.19389067,0.19972643,0.21548947,0.23515285,0.25097342,0.25869973,0.25922761,0.25695048,0.25702615,0.26284328,0.27425651,0.28754325,0.29761663,0.30118077,0.29832921,0.29136474,0.28222936,0.27112354,0.25748079,0.24199024,0.22731618,0.21651836,0.21057724,0.20752223,0.20428704,0.19976800,0.19619474,0.19731320,0.20484760,0.21642262,0.22688923,0.23196320,0.23111716,0.22750486
0.19571787,0.20444596,0.21520128,0.22760872,0.23663411,0.23418083,0.21727960,0.19263951,0.17141395,0.16065206,0.16028093,0.16588429,0.17217871,0.17497192,0.17252352,0.16604505,0.15831336,0.15180379,0.14869911,0.15185110,0.16352147,0.18208226,0.20117722,0.21391495,0.21824120,0.21754740,0.21603380,0.21436986,0.21028720,0.20258924,0.19348507,0.18683166,0.18470729,0.18601563,0.18794275,0.18810594,0.18533024,0.17923414,0.17012230,0.15970397,0.15144853,0.14925697,0.15488286,0.16622003,0.17820118,0.18582054,0.18689585,0.18249734,0.17512644,0.16658465,0.15735223
0.22358415,0.22945179,0.22637730,0.21827358,0.21092531,0.20934182,0.21379817,0.22016938,0.22498448,0.22789551,0.22979870,0.23224778,0.23806874,0.24785776,0.25565589,0.25269320,0.23638240,0.21187998,0.18437414,0.15458331,0.12376152,0.09848941,0.08606505,0.08657523,0.09296163,0.09867404,0.10282233,0.10803109,0.11604981,0.12662987,0.13886491,0.15185742,0.16461952,0.17665994,0.18857146,0.20094178,0.21244180,0.21989028,0.22092882,0.21649252,0.21036437,0.20654081,0.20729809,0.21330419,0.22443782,0.23965770,0.25621102,0.26977573,0.27618399,0.27355252,0.26312822
0.26675924,0.25357168,0.24149538,0.23426586,0.23224095,0.23262739,0.23145591,0.22628252,0.21785010,0.20949230,0.20484405,0.20566165,0.21110493,0.21853382,0.22508415,0.22920095,0.23136358,0.23345788,0.23708333,0.24215285,0.24717535,0.25108464,0.25474499,0.26031638,0.26877460,0.27799545,0.28362513,0.28243617,0.27539982,0.26771028,0.26551571,0.27183499,0.28468579,0.29853230,0.30762579,0.30876716,0.30200215,0.28956142,0.27438013,0.25920713,0.24634039,0.23745994,0.23326520,0.23318787,0.23563641,0.23882049,0.24163662,0.24395906,0.24613916,0.24817355,0.24928070
0.22761532,0.23272877,0.23499255,0.23486667,0.23509359,0.23488641,0.23465592,0.24169272,0.26280311,0.29382208,0.32284792,0.34201963,0.35166090,0.35563207,0.35768904,0.36087498,0.36567840,0.36844701,0.36439204,0.35239567,0.33518615,0.31531994,0.29322556,0.26946860,0.24704425,0.23036650,0.22264671,0.22462495,0.23489746,0.25054368,0.26776996,0.28294405,0.29357184,0.29842835,0.29711232,0.29003104,0.27897673,0.26729029,0.25884425,0.25637150,0.26033623,0.26896828,0.27919868,0.28793391,0.29321040,0.29479237,0.29386946,0.29205113,0.29049323,0.28987141,0.29092973
0.11672292,0.11087197,0.11108761,0.11793984,0.12875167,0.14051563,0.14907817,0.15147127,0.14879743,0.14290642,0.13500898,0.12886233,0.12944355,0.13788158,0.15004295,0.15893092,0.15892530,0.15008048,0.13772561,0.12730553,0.12112356,0.11914870,0.12028965,0.12335759,0.12850433,0.13706270,0.14939299,0.16398527,0.17863935,0.19142128,0.20132621,0.20960415,0.21940379,0.23199499,0.24371578,0.24846440,0.24331623,0.23064374,0.21504088,0.19959742,0.18551425,0.17420700,0.16861491,0.17202370,0.18542995,0.20579123,0.22680903,0.24189280,0.24728868,0.24343912,0.23414428
0.05400021,0.06309833,0.08648271,0.11669922,0.14310278,0.15952092,0.16776878,0.17486686,0.18845658,0.21090897,0.23485734,0.24862706,0.24794940,0.23833842,0.22725152,0.22003767,0.22049218,0.22627119,0.22586455,0.21038103,0.18798817,0.17696380,0.18364917,0.19607678,0.20080793,0.19742898,0.19325045,0.19137381,0.18970324,0.18751307,0.18718649,0.19042847,0.19632865,0.20268594,0.20678973,0.20560208,0.19792166,0.18676876,0.17783894,0.17516479,0.17955080,0.19108302,0.21065907,0.23726655,0.26499957,0.28530286,0.29314572,0.29036289,0.28270512,0.27446573,0.26647032
0.10755554,0.09945740,0.09994550,0.10546642,0.11169911,0.11767326,0.12399273,0.13013918,0.13586667,0.14370169,0.15685404,0.17421430,0.18984272,0.19842176,0.19925463,0.19379860,0.18174743,0.16231213,0.13839103,0.11653105,0.10221316,0.09685410,0.09955475,0.10946355,0.12496573,0.14199054,0.15531195,0.16192819,0.16246583,0.15942504,0.15491241,0.14999404,0.14501370,0.13975045,0.13380926,0.12766294,0.12313024,0.12203499,0.12419694,0.12735566,0.12958148,0.13157976,0.13623006,0.14590807,0.16057423,0.17838735,0.19753195,0.21688236,0.23505045,0.24957124,0.25778451
0.20302581,0.21363491,0.22431416,0.23128295,0.23101276,0.22043795,0.20071056,0.18022191,0.16928890,0.17033770,0.17600458,0.17804901,0.17587828,0.17512423,0.18007641,0.18959527,0.19927833,0.20540559,0.20693812,0.20565726,0.20516310,0.20865226,0.21660867,0.22669450,0.23604311,0.24316698,0.24738425,0.24731669,0.24133644,0.22988128,0.21654538,0.20604997,0.20101425,0.20089484,0.20386478,0.20916359,0.21732628,0.22838158,0.24027459,0.24928869,0.25212364,0.24785548,0.23831885,0.22680212,0.21609437,0.20719658,0.19941922,0.19157224,0.18319035,0.17482504,0.16734706
0.26971258,0.27068870,0.27227734,0.27202947,0.27021181,0.26969650,0.27475584,0.28812011,0.30732723,0.32468798,0.33301525,0.33219759,0.32925470,0.33126370,0.33859650,0.34531416,0.34544037,0.33816956,0.32759956,0.31882496,0.31474098,0.31540473,0.31883140,0.32201413,0.32231490,0.31932432,0.31588818,0.31673509,0.32510175,0.33996365,0.35632694,0.36844886,0.37335961,0.37199252,0.36742781,0.36204769,0.35590767,0.34731764,0.33487592,0.31932983,0.30396906,0.29328087,0.29061892,0.29619476,0.30658480,0.31617928,0.31991402,0.31582057,0.30595500,0.29518356,0.28855794
0.08007722,0.07993965,0.08049340,0.08099764,0.08139214,0.08160390,0.08117348,0.07988038,0.07845829,0.07831498,0.08057174,0.08553364,0.09284165,0.10159082,0.11014184,0.11633103,0.11855646,0.11696029,0.11346507,0.11051628,0.10967579,0.11116874,0.11436866,0.11845396,0.12273906,0.12677880,0.13044383,0.13387570,0.13717933,0.14003957,0.14167925,0.14133523,0.13894257,0.13549081,0.13274018,0.13241864,0.13533375,0.14089084,0.14732864,0.15262069,0.15556925,0.15640358,0.15643553,0.15696388,0.15820848,0.15908946,0.15805664,0.15437259,0.14889793,0.14379297,0.14133346
0.19042857,0.19541567,0.19447756,0.18689652,0.17638843,0.16789146,0.16287394,0.15921192,0.15552919,0.15379805,0.15686894,0.16453289,0.17294392,0.17759441,0.17662715,0.17199718,0.16805921,0.16853835,0.17391035,0.18133953,0.18725234,0.18997595,0.18998202,0.18819041,0.18472834,0.17925587,0.17175549,0.16266012,0.15278427,0.14385193,0.13893377,0.14134149,0.15211037,0.16829023,0.18401243,0.19373526,0.19506604,0.18921527,0.17942770,0.16910491,0.16077527,0.15582227,0.15447367,0.15600448,0.15936566,0.16401871,0.17027551,0.17870929,0.18907298,0.19971017,0.20806485
0.20226139,0.17821014,0.15339723,0.12819038,0.10888966,0.10348228,0.11293728,0.13102613,0.15224843,0.17525558,0.19735207,0.21041208,0.20661146,0.18736129,0.16354227,0.14639659,0.13948496,0.13907335,0.13980331,0.13857485,0.13442133,0.12712524,0.11694128,0.10502471,0.09339130,0.08432458,0.07969601,0.08026597,0.08498596,0.09088032,0.09414466,0.09217522,0.08528891,0.07694510,0.07222627,0.07533477,0.08735902,0.10548218,0.12417094,0.13781600,0.14335638,0.14138377,0.13527735,0.12924566,0.12663876,0.12925303,0.13737434,0.14996458,0.16482550,0.17905738,0.19000651
0.15067043,0.14656836,0.13824673,0.12593588,0.11199892,0.09785479,0.08610985,0.08352742,0.09710225,0.12599101,0.15979897,0.18643544,0.20113106,0.20786898,0.21375688,0.22293977,0.23451753,0.24428080,0.24809500,0.24481161,0.23696359,0.22870237,0.22255506,0.21763902,0.21063219,0.19851409,0.18108506,0.16182162,0.14660764,0.14080341,0.14614537,0.15953576,0.17479305,0.18618555,0.19113657,0.19043812,0.18662573,0.18235812,0.17972907,0.17996651,0.18287685,0.18652030,0.18809936,0.18591764,0.18078632,0.17539476,0.17208396,0.17115313,0.17135771,0.17200095,0.17432819
0.19766101,0.19473199,0.18250461,0.15691749,0.12522592,0.09775882,0.07928169,0.06868460,0.06351474,0.06320844,0.06927363,0.08299979,0.10215290,0.11999064,0.12895281,0.12616701,0.11522072,0.10291703,0.09512429,0.09520220,0.10406164,0.11972624,0.13708894,0.14989801,0.15440018,0.15146999,0.14530778,0.14018593,0.13807112,0.13833243,0.13878776,0.13703115,0.13160554,0.12275841,0.11233888,0.10274957,0.09567285,0.09153465,0.08993663,0.09039509,0.09264311,0.09642456,0.10126583,0.10659376,0.11206763,0.11773430,0.12381499,0.13029347,0.13664102,0.14190115,0.14511247
0.17933525,0.18266384,0.19660007,0.21875224,0.24174097,0.25962487,0.27162319,0.27969374,0.28517784,0.28941306,0.29535984,0.30529804,0.31671986,0.32291785,0.31895018,0.30608280,0.28956915,0.27312286,0.25694158,0.24068142,0.22647440,0.21786738,0.21620885,0.21884673,0.22088728,0.21848229,0.21095249,0.20091803,0.19299303,0.19163261,0.19878440,0.21263998,0.22868959,0.24260094,0.25262616,0.25950312,0.26421957,0.26609629,0.26319065,0.25453776,0.24186721,0.22901507,0.21953105,0.21460290,0.21293927,0.21238841,0.21169810,0.21104315,0.21125075,0.21270470,0.21489999
0.23904287,0.23189924,0.21271977,0.18418088,0.15676466,0.14040663,0.13914160,0.15168884,0.17370081,0.19914830,0.22156104,0.23553081,0.23798694,0.22917437,0.21318092,0.19701767,0.18773179,0.18898884,0.19953043,0.21449860,0.22834552,0.23718498,0.23946764,0.23545199,0.22661636,0.21555179,0.20583781,0.20111162,0.20338258,0.21175965,0.22284198,0.23272290,0.23904822,0.24146252,0.24034560,0.23543596,0.22594885,0.21207768,0.19618626,0.18228008,0.17412740,0.17368456,0.18093859,0.19470892,0.21319406,0.23381496,0.25307345,0.26725379,0.27379018,0.27227086,0.26433962
0.10463729,0.10649881,0.10312446,0.09440061,0.08281276,0.07192277,0.06529413,0.06452547,0.06810057,0.07346160,0.07897448,0.08306053,0.08409163,0.08248264,0.08042159,0.07881151,0.07704395,0.07570367,0.07609302,0.07693971,0.07529364,0.07138444,0.06908011,0.07035932,0.07242593,0.07187838,0.06919573,0.06722868,0.06720134,0.06830710,0.06996117,0.07211524,0.07362244,0.07227283,0.06700504,0.05908475,0.05077145,0.04362154,0.03835095,0.03542536,0.03502306,0.03680136,0.04036045,0.04578762,0.05316227,0.06152740,0.06894342,0.07388426,0.07633814,0.07733364,0.07768132
0.29150719,0.28011126,0.27923625,0.28772520,0.30073143,0.30976649,0.30766528,0.29708723,0.28502360,0.27189185,0.25445422,0.23451652,0.21794754,0.20963641,0.21291938,0.22800347,0.24738100,0.25798748,0.25193801,0.23271943,0.20916794,0.18649799,0.16509692,0.14467498,0.12590625,0.10902686,0.09372200,0.08051822,0.07069771,0.06484887,0.06253822,0.06318234,0.06637754,0.07163883,0.07857862,0.08721786,0.09768145,0.10972992,0.12258278,0.13451308,0.14243262,0.14295232,0.13490559,0.12067775,0.10447846,0.08937329,0.07620542,0.06486897,0.05579511,0.05004175,0.04835834
0.04925454,0.04632315,0.04699316,0.04883489,0.05063162,0.05288728,0.05528260,0.05686354,0.05724408,0.05703359,0.05759135,0.05990416,0.06372291,0.06822786,0.07355040,0.08093875,0.09104080,0.10225557,0.11028648,0.11007775,0.10065320,0.08729603,0.07658468,0.07106089,0.07032518,0.07387948,0.08067816,0.08842576,0.09491274,0.09899257,0.10028326,0.09896726,0.09571081,0.09110118,0.08531167,0.07868925,0.07237826,0.06783138,0.06596469,0.06746496,0.07328703,0.08319225,0.09381439,0.10011448,0.09960231,0.09415777,0.08756515,0.08251500,0.08007405,0.08037345,0.08283971
0.25010401,0.25985901,0.26206068,0.25840520,0.25161179,0.24354827,0.23644969,0.23370791,0.23893208,0.25384158,0.27547459,0.29514964,0.30267328,0.29414124,0.27568305,0.25846269,0.24977679,0.24886221,0.24988359,0.24744836,0.23982605,0.22911085,0.21962112,0.21541045,0.21792607,0.22550993,0.23522414,0.24504924,0.25423087,0.26210467,0.26764103,0.27060754,0.27263484,0.27625389,0.28243625,0.28910961,0.29223992,0.28862110,0.27820693,0.26452985,0.25318806,0.24926600,0.25485861,0.26794894,0.28347374,0.29616704,0.30338335,0.30594586,0.30659513,0.30754620,0.30918434
0.09341322,0.09841738,0.10830640,0.11936528,0.12705403,0.12985062,0.13043153,0.13305025,0.13943357,0.14680157,0.14972479,0.14427180,0.13109426,0.11510918,0.10219878,0.09552082,0.09403382,0.09398810,0.09201621,0.08757067,0.08317886,0.08257701,0.08811513,0.09913256,0.11225370,0.12331440,0.12966490,0.13143490,0.13103031,0.13123276,0.13313722,0.13526867,0.13447635,0.12804873,0.11566362,0.09986188,0.08470661,0.07351413,0.06715944,0.06402245,0.06147668,0.05778761,0.05311767,0.04908914,0.04740999,0.04863255,0.05185091,0.05536157,0.05766119,0.05807861,0.05677447
0.17034190,0.15206023,0.14009837,0.13390258,0.13243062,0.13351945,0.13281367,0.12731751,0.12008490,0.11830402,0.12582394,0.13928801,0.15196749,0.15960549,0.16194520,0.16053441,0.15693483,0.15271638,0.14965133,0.14907764,0.15112051,0.15464694,0.15794631,0.15956821,0.15876346,0.15534487,0.14934461,0.14106335,0.13153446,0.12268544,0.11666543,0.11481447,0.11723663,0.12323223,0.13191226,0.14235732,0.15346537,0.16399353,0.17285548,0.17929017,0.18274524,0.18280643,0.17945876,0.17341702,0.16601276,0.15858335,0.15191143,0.14622595,0.14163046,0.13836248,0.13655757
0.25299379,0.24693147,0.22778059,0.20516859,0.18826754,0.18027958,0.18045711,0.18465774,0.19078006,0.20061741,0.21192158,0.22011265,0.22696226,0.23527590,0.24281760,0.24877682,0.25349941,0.25264721,0.24544556,0.23901926,0.23261453,0.21528778,0.18948161,0.17493810,0.18019292,0.19137068,0.19546516,0.19535938,0.19743474,0.20098145,0.20409871,0.20822996,0.21365402,0.21765792,0.21841396,0.21643501,0.21261387,0.20770953,0.20288973,0.19897501,0.19600609,0.19414989,0.19371159,0.19410801,0.19446544,0.19550900,0.19951473,0.20822603,0.22179793,0.23940149,0.25938955
0.18543067,0.19338699,0.20098497,0.20481640,0.20232754,0.19388493,0.18235646,0.17048103,0.15926944,0.14930525,0.14262994,0.14165335,0.14546907,0.14828666,0.14332866,0.12925118,0.11238450,0.10189883,0.10239150,0.11097310,0.12101562,0.12817815,0.13309000,0.13936444,0.14993307,0.16495152,0.18196429,0.19720068,0.20707875,0.20968108,0.20577204,0.19848867,0.19143213,0.18632207,0.18207082,0.17609251,0.16674422,0.15483031,0.14298488,0.13360949,0.12718390,0.12226885,0.11697202,0.11047880,0.10341064,0.09697335,0.09192791,0.08841097,0.08664756,0.08762932,0.09281758
0.25106704,0.24060771,0.22627943,0.21566596,0.21109290,0.21185838,0.21915304,0.23452985,0.25479131,0.27213165,0.28021185,0.27873930,0.27207361,0.26478128,0.25887195,0.25413495,0.25025446,0.24870544,0.25250083,0.26321325,0.27765554,0.28807560,0.28682257,0.27172979,0.24748496,0.22225640,0.20309087,0.19360707,0.19427427,0.20335718,0.21734533,0.23140493,0.24065171,0.24190997,0.23483412,0.22170065,0.20613514,0.19155989,0.18008632,0.17226885,0.16772365,0.16610837,0.16765932,0.17281321,0.18129025,0.19160815,0.20166659,0.21003111,0.21683458,0.22350653,0.23154257
0.24115885,0.24357056,0.25224724,0.26333505,0.27363046,0.28100582,0.28686421,0.29583381,0.31005945,0.32558651,0.33678646,0.34229088,0.34393062,0.34185508,0.33415796,0.32064039,0.30400917,0.28746524,0.27360223,0.26572880,0.26729899,0.27818277,0.29269266,0.30304104,0.30501469,0.30025943,0.29408701,0.29192250,0.29678296,0.30792679,0.32089202,0.32979196,0.33104545,0.32546329,0.31662708,0.30730741,0.29765377,0.28662787,0.27456505,0.26399895,0.25821680,0.25921984,0.26666739,0.27800192,0.28927905,0.29649247,0.29719947,0.29163114,0.28226881,0.27191383,0.26173668
0.16805297,0.17584805,0.18684588,0.19960476,0.21151065,0.21975704,0.22184387,0.21581522,0.20295157,0.19074704,0.18855652,0.19730967,0.20705762,0.20797099,0.20081593,0.19345528,0.19027117,0.18918102,0.18660994,0.18057688,0.17010907,0.15671805,0.14679139,0.14773451,0.15957122,0.17341250,0.18068237,0.18195818,0.18442301,0.19218428,0.20212413,0.20899357,0.21142994,0.21144789,0.20985844,0.20444683,0.19256360,0.17404791,0.15124282,0.12716612,0.10436131,0.08493923,0.07067047,0.06256265,0.06043551,0.06295366,0.06800907,0.07333074,0.07739182,0.08029694,0.08380741
0.22076154,0.20796087,0.19008425,0.17677662,0.17830579,0.19688750,0.22361822,0.24692840,0.26060379,0.26412071,0.26194234,0.26033864,0.25918856,0.25178878,0.23582061,0.21701383,0.20183957,0.19582317,0.20572290,0.23052922,0.25253495,0.25039184,0.22146748,0.18268516,0.15100812,0.13120814,0.12072547,0.11718430,0.11904536,0.12430022,0.13137253,0.13976458,0.14923555,0.15956340,0.17104723,0.18390173,0.19686342,0.20719205,0.21237790,0.21164120,0.20599558,0.19748776,0.18849682,0.18106368,0.17601819,0.17249274,0.16877685,0.16426694,0.16058757,0.16022252,0.16367360
0.33306494,0.30093383,0.27820721,0.27475346,0.28735006,0.30629567,0.32477100,0.34125371,0.35580021,0.36650238,0.36951330,0.36174186,0.34387407,0.32148618,0.30288465,0.29470543,0.29863187,0.31168442,0.32889206,0.34524282,0.35592979,0.35681186,0.34651310,0.32847868,0.31010980,0.29876577,0.29775804,0.30545727,0.31747995,0.32936794,0.33772459,0.34006701,0.33478235,0.32168968,0.30248298,0.28038760,0.25932923,0.24331344,0.23606353,0.24029921,0.25641342,0.28137656,0.30912226,0.33273779,0.34728809,0.35149763,0.34738322,0.33844419,0.32784225,0.31759210,0.30874077
0.04425059,0.04948632,0.05810840,0.06933905,0.08059047,0.08345022,0.07479249,0.06542978,0.06651425,0.07705159,0.09027559,0.10089463,0.10446931,0.09946354,0.08980783,0.08036354,0.07235276,0.06522332,0.05924515,0.05514448,0.05375035,0.05604927,0.06220615,0.07105807,0.08101604,0.09084215,0.09977900,0.10734251,0.11233110,0.11224169,0.10537206,0.09382428,0.08283743,0.07665985,0.07601307,0.07913899,0.08354585,0.08675214,0.08737213,0.08652458,0.08739266,0.09288758,0.10409114,0.12051777,0.14043435,0.16050757,0.17651415,0.18576188,0.18884514,0.18865918,0.18798406
0.07312118,0.06684108,0.06275157,0.06256502,0.06818873,0.07795575,0.08701769,0.09218983,0.09495565,0.09938096,0.10834402,0.12179395,0.13691972,0.14917311,0.15431158,0.15084946,0.14087294,0.12846096,0.11738332,0.10976423,0.10568996,0.10330945,0.09974878,0.09288176,0.08273738,0.07126663,0.06076538,0.05246910,0.04635875,0.04191408,0.03887311,0.03735619,0.03743645,0.03874198,0.04057989,0.04247705,0.04455828,0.04737188,0.05137217,0.05653711,0.06231105,0.06773907,0.07170555,0.07332938,0.07240425,0.06951395,0.06561094,0.06138556,0.05701827,0.05250641,0.04813026
0.03792018,0.03901900,0.03973809,0.03991973,0.04079068,0.04312668,0.04573651,0.04661999,0.04502332,0.04162461,0.03732833,0.03290406,0.02956230,0.02874306,0.03088738,0.03487998,0.03896874,0.04194086,0.04335917,0.04325438,0.04209487,0.04079581,0.04014452,0.04004040,0.03957908,0.03803956,0.03561830,0.03308055,0.03089676,0.02897458,0.02718221,0.02586232,0.02571754,0.02733703,0.03095108,0.03648020,0.04349123,0.05094400,0.05715087,0.06034539,0.05961775,0.05548992,0.04965248,0.04408886,0.04023620,0.03863972,0.03907955,0.04088860,0.04326638,0.04556403,0.04752772
0.14535046,0.13652999,0.13566288,0.14399586,0.15856888,0.17303347,0.18110802,0.18001291,0.17136739,0.15935603,0.14810541,0.14007571,0.13562721,0.13319028,0.13009983,0.12428630,0.11591320,0.10747748,0.10213652,0.10168918,0.10571317,0.11209340,0.11828732,0.12270768,0.12567899,0.12924072,0.13548701,0.14443084,0.15323741,0.15775429,0.15521739,0.14592549,0.13267370,0.11872502,0.10611470,0.09538056,0.08637220,0.07902607,0.07338311,0.06905486,0.06490712,0.05951691,0.05223251,0.04405082,0.03752595,0.03557270,0.03985447,0.04980745,0.06294887,0.07624406,0.08762406
0.12826351,0.13348402,0.13031530,0.12004796,0.10719006,0.09664197,0.09302022,0.09884080,0.11120972,0.12306077,0.12990690,0.13379210,0.13916964,0.14664786,0.15271935,0.15469971,0.15396569,0.15422760,0.15781024,0.16399478,0.17033067,0.17504405,0.17822388,0.18100767,0.18419054,0.18824367,0.19451779,0.20510097,0.22012300,0.23523166,0.24308564,0.23861724,0.22316456,0.20329355,0.18559230,0.17254482,0.16274762,0.15401841,0.14576452,0.13885027,0.13408397,0.13124327,0.12934019,0.12753597,0.12582855,0.12500057,0.12581705,0.12801094,0.12995972,0.12958884,0.12593895
0.18330903,0.17715672,0.16681133,0.15936456,0.16219062,0.17589676,0.19756942,0.22118000,0.23974592,0.24955646,0.25102538,0.25003474,0.25222622,0.25834228,0.26705802,0.27604085,0.28265817,0.28499720,0.28282463,0.27826434,0.27252638,0.26532241,0.25656837,0.24397662,0.22814379,0.22007672,0.22789351,0.24187600,0.24801745,0.24534935,0.23957256,0.23313826,0.22699291,0.22158158,0.21577034,0.20995364,0.20696929,0.20837713,0.21267109,0.21655843,0.21750887,0.21600665,0.21352476,0.20854613,0.19820363,0.18307803,0.16705356,0.15356303,0.14390056,0.13768168,0.13363254
0.14430693,0.16487403,0.20357842,0.23743611,0.25895294,0.27726869,0.29252544,0.29848449,0.29850973,0.30170591,0.31270770,0.32987905,0.34674580,0.35670164,0.35901170,0.35669619,0.35000398,0.33689612,0.31824964,0.29945500,0.28807347,0.28942148,0.30135269,0.31402227,0.31775103,0.31102824,0.29985976,0.29100435,0.28711500,0.28650863,0.28552390,0.28155666,0.27520587,0.26983731,0.26877136,0.27259682,0.27881225,0.28379253,0.28536078,0.28402261,0.28215371,0.28224917,0.28588667,0.29365259,0.30495640,0.31738909,0.32686221,0.32953325,0.32439804,0.31415344,0.30334405
0.20175343,0.20619265,0.21559536,0.22414405,0.22976074,0.23417314,0.23732124,0.23613439,0.22903950,0.21811586,0.20609646,0.19420066,0.18383561,0.17751279,0.17608934,0.17679901,0.17600851,0.17308519,0.17003816,0.16837171,0.16857258,0.17262802,0.18438798,0.20549023,0.23160748,0.25436496,0.26740774,0.27017066,0.26607158,0.25830701,0.24805291,0.23581330,0.22293963,0.21115636,0.20109314,0.19196561,0.18282111,0.17391072,0.16690038,0.16402908,0.16707195,0.17659984,0.19153767,0.20910689,0.22545140,0.23694144,0.24152226,0.23930263,0.23214326,0.22272324,0.21371738
0.12386493,0.12636426,0.13418536,0.14748694,0.16426615,0.18139966,0.19723889,0.21076947,0.21995567,0.22392215,0.22450679,0.22294478,0.21801488,0.20987428,0.20172563,0.19476166,0.18578234,0.17350654,0.16319103,0.16038247,0.16305039,0.16504631,0.16601288,0.17290942,0.19126068,0.21838898,0.24606839,0.26704111,0.27793336,0.27867016,0.27174350,0.26136234,0.25111874,0.24174943,0.23163633,0.21932565,0.20484982,0.18885505,0.17184132,0.15525263,0.14283857,0.13961753,0.14847169,0.16737747,0.18995974,0.20900735,0.22013074,0.22303757,0.22018575,0.21455143,0.20837873
0.22141944,0.20089640,0.18892539,0.18478414,0.18545743,0.19049915,0.20079488,0.21502842,0.22985046,0.24252033,0.25152394,0.25515826,0.25153480,0.24075497,0.22618068,0.21246679,0.20194999,0.19301071,0.18206445,0.16728245,0.15059718,0.13636130,0.12823900,0.12725408,0.13222953,0.14129750,0.15261914,0.16410158,0.17330321,0.17818697,0.17797656,0.17313184,0.16459891,0.15334802,0.14067613,0.12864302,0.11979169,0.11614940,0.11828235,0.12504304,0.13398868,0.14210917,0.14665203,0.14595448,0.14000903,0.13037053,0.11937159,0.10919199,0.10143944,0.09731744,0.09779357
0.19937217,0.22154593,0.24123280,0.25430894,0.26038574,0.26137566,0.25911361,0.25371655,0.24443880,0.23202336,0.21858383,0.20462011,0.18798337,0.16694981,0.14328136,0.12165312,0.10709302,0.10309295,0.11020984,0.12491869,0.14064484,0.15162805,0.15641879,0.15765261,0.15893198,0.16216336,0.16686378,0.17074370,0.17115573,0.16726021,0.16118090,0.15616065,0.15303653,0.14915367,0.14138279,0.12991883,0.11883919,0.11366136,0.11899300,0.13732296,0.16745466,0.20272672,0.23215973,0.24606306,0.24218256,0.22648915,0.20775751,0.19144661,0.17842375,0.16812228,0.16127936
0.15567461,0.12996399,0.10879920,0.09503727,0.09019772,0.09477971,0.10742485,0.12479143,0.14244470,0.15645432,0.16500396,0.16862077,0.16889242,0.16741703,0.16572481,0.16480648,0.16380327,0.15974069,0.14945853,0.13204520,0.10962226,0.08646479,0.06754696,0.05685660,0.05574129,0.06251939,0.07411386,0.08820830,0.10357506,0.11848448,0.12962841,0.13338963,0.12842051,0.11702909,0.10424355,0.09551335,0.09454491,0.10202627,0.11544795,0.13015876,0.14140970,0.14636324,0.14487478,0.13879382,0.13065701,0.12274646,0.11665806,0.11296450,0.11093094,0.10883075,0.10516091
0.06041712,0.06783143,0.07732399,0.08587786,0.08958453,0.08693984,0.08059465,0.07604592,0.07918071,0.09375625,0.11874513,0.14739591,0.17042410,0.18183688,0.18239690,0.17781179,0.17400492,0.17400968,0.17813084,0.18527458,0.19345692,0.20029674,0.20470637,0.20823738,0.21372657,0.22231863,0.23249197,0.24202319,0.24987557,0.25579228,0.25917321,0.25935096,0.25633189,0.25008162,0.23928445,0.22218189,0.19932096,0.17482452,0.15416743,0.14070000,0.13450374,0.13408570,0.13829855,0.14643532,0.15716689,0.16812528,0.17664805,0.18075556,0.17953343,0.17301962,0.16204202
0.28853708,0.28512528,0.29008583,0.29895462,0.30602056,0.30815912,0.30509038,0.29714755,0.28452157,0.26913826,0.25586348,0.24994336,0.25240975,0.25836922,0.26051012,0.25482315,0.24343535,0.23246424,0.22728084,0.22918215,0.23550719,0.24222862,0.24659102,0.24801388,0.24717378,0.24454074,0.23981814,0.23272654,0.22423431,0.21683481,0.21330086,0.21478938,0.21987442,0.22537700,0.22839160,0.22801038,0.22562606,0.22386325,0.22507054,0.23029584,0.23904915,0.24962290,0.25965762,0.26682491,0.26957672,0.26777215,0.26285914,0.25740023,0.25407253,0.25458623,0.25902015
0.09625412,0.08689139,0.07498846,0.06597826,0.06201597,0.06205803,0.06540652,0.07253543,0.08260926,0.09276560,0.10040924,0.10455444,0.10481900,0.10100037,0.09422842,0.08713465,0.08222989,0.08090876,0.08392527,0.09113166,0.09996098,0.10571922,0.10518522,0.09980234,0.09417773,0.09135584,0.09043367,0.08884797,0.08581955,0.08281084,0.08142358,0.08215255,0.08527180,0.09170009,0.10189416,0.11394674,0.12355811,0.12649465,0.12136758,0.11038798,0.09792800,0.08843541,0.08497911,0.08856056,0.09795155,0.11020510,0.12199280,0.13119015,0.13761205,0.14236309,0.14645937
0.19635551,0.19295214,0.19359547,0.19707515,0.19636014,0.18689241,0.17141601,0.15631025,0.14637806,0.14318460,0.14767345,0.16279597,0.18866452,0.21409747,0.22106189,0.20361325,0.17722391,0.16301997,0.16648422,0.17736476,0.18640636,0.19403248,0.20328608,0.21228309,0.21720940,0.21874182,0.22162071,0.22905831,0.24021007,0.25278643,0.26566488,0.27781005,0.28601114,0.28592717,0.27654097,0.26315328,0.25467468,0.25683544,0.26759493,0.27918157,0.28475887,0.28359782,0.28073657,0.28239600,0.29136116,0.30536825,0.31877718,0.32605580,0.32507846,0.31833323,0.31110466
0.27394414,0.29765853,0.31453627,0.32642514,0.32863782,0.31725699,0.29999705,0.29026854,0.29377902,0.30421608,0.30917109,0.30002736,0.27964186,0.26078871,0.25496964,0.26305946,0.27758553,0.29136341,0.30116308,0.30529669,0.30254029,0.29482223,0.28826487,0.28898313,0.29754647,0.30810032,0.31295389,0.30812674,0.29530529,0.27957769,0.26573409,0.25612474,0.25076570,0.24831041,0.24659060,0.24292320,0.23503321,0.22243880,0.20704887,0.19221434,0.18102309,0.17526421,0.17548263,0.18131707,0.19143042,0.20344905,0.21472754,0.22375296,0.23087652,0.23741616,0.24383182
0.24667133,0.25389341,0.25544702,0.25674421,0.25920470,0.26138495,0.26189494,0.26008897,0.25564155,0.24924644,0.24331473,0.24045587,0.24079931,0.24160298,0.24018200,0.23706130,0.23576290,0.23931695,0.24706044,0.25488462,0.25859963,0.25718997,0.25307011,0.24940603,0.24724803,0.24515409,0.24133760,0.23580669,0.23009473,0.22491489,0.21854200,0.20820429,0.19360739,0.17912865,0.17200048,0.17739206,0.19429869,0.21569125,0.23288510,0.24073105,0.23985775,0.23483121,0.23024529,0.22785863,0.22646303,0.22381036,0.21863494,0.21129719,0.20301819,0.19473144,0.18656261
0.13491641,0.14452716,0.15238005,0.15807541,0.16483663,0.17467597,0.18570207,0.19489196,0.20203603,0.20939772,0.21794747,0.22551931,0.22914406,0.22819922,0.22447821,0.21966130,0.21363452,0.20533284,0.19449148,0.18217229,0.17002505,0.15964402,0.15256710,0.15017765,0.15296370,0.15978882,0.16817855,0.17558521,0.18051280,0.18258761,0.18182168,0.17804686,0.17109282,0.16137918,0.15021542,0.13948880,0.13098422,0.12574991,0.12373593,0.12376329,0.12388067,0.12212904,0.11749305,0.11054331,0.10331271,0.09839198,0.09775098,0.10195603,0.11013530,0.12053839,0.13124938
0.26160247,0.23666100,0.20221084,0.17326426,0.15707400,0.15263715,0.15691981,0.16579943,0.17689756,0.18907992,0.19971734,0.20372591,0.19806492,0.18755103,0.17925894,0.17566565,0.17601968,0.17768557,0.17767835,0.17541651,0.17270898,0.17251349,0.17824738,0.19123566,0.20611769,0.21307758,0.20898522,0.20025030,0.19254221,0.18553366,0.17713228,0.16633663,0.15362241,0.14128594,0.13208814,0.12774741,0.12873320,0.13404031,0.14165052,0.14998269,0.15850589,0.16736802,0.17655495,0.18470587,0.18930792,0.18863747,0.18266610,0.17220109,0.15852574,0.14381376,0.13078714
0.07557395,0.08231926,0.09057708,0.09483036,0.09725233,0.10264347,0.10754824,0.10602581,0.10069349,0.09896188,0.10396825,0.11461220,0.12830051,0.13938069,0.13994298,0.12645204,0.10387168,0.08144415,0.06544876,0.05655006,0.05242032,0.05117164,0.05227243,0.05536202,0.05936927,0.06325497,0.06720817,0.07245176,0.07989757,0.08951244,0.10081327,0.11301812,0.12444823,0.13274480,0.13644265,0.13599299,0.13285252,0.12805800,0.12216957,0.11608007,0.11107659,0.10817748,0.10796462,0.11099839,0.11776341,0.12795921,0.14019328,0.15265876,0.16408124,0.17407515,0.18288164
0.05157987,0.05453863,0.05636917,0.05619915,0.05388964,0.05059697,0.04825735,0.04760522,0.04778774,0.04823167,0.04925357,0.05061104,0.05103440,0.04949321,0.04599582,0.04126401,0.03638969,0.03260913,0.03075977,0.03094520,0.03289847,0.03637247,0.04089710,0.04545531,0.04893975,0.05109500,0.05270771,0.05454173,0.05618261,0.05631114,0.05417322,0.05038717,0.04613156,0.04198184,0.03794924,0.03433603,0.03195940,0.03156137,0.03346592,0.03779902,0.04445828,0.05261756,0.06073846,0.06752376,0.07267052,0.07634684,0.07818574,0.07742660,0.07424120,0.07051857,0.06895497
0.10173927,0.11090877,0.11717997,0.11944947,0.12014018,0.12215669,0.12562820,0.12813445,0.12772795,0.12493721,0.12169539,0.11897868,0.11605051,0.11181837,0.10633253,0.10078526,0.09658038,0.09502785,0.09780219,0.10668600,0.12186107,0.14039866,0.15731198,0.16903140,0.17613148,0.18241301,0.19110838,0.20197068,0.21192178,0.21808833,0.21982700,0.21798095,0.21286592,0.20358581,0.18933274,0.17094398,0.15089088,0.13184134,0.11547213,0.10264274,0.09428971,0.09159285,0.09494301,0.10277785,0.11170624,0.11816329,0.12038327,0.11917028,0.11697648,0.11612051,0.11745938
0.11803586,0.12296730,0.13066311,0.13885402,0.14498455,0.14748207,0.14625843,0.14225180,0.13618367,0.12769404,0.11613510,0.10230406,0.08882198,0.07844945,0.07231136,0.06986718,0.06996929,0.07137711,0.07267307,0.07266380,0.07124424,0.06945284,0.06830870,0.06775670,0.06700675,0.06575955,0.06476295,0.06510908,0.06717311,0.07025821,0.07303474,0.07420145,0.07299693,0.06951944,0.06473450,0.05998416,0.05622299,0.05366191,0.05223595,0.05242558,0.05546135,0.06250121,0.07343999,0.08644463,0.09867548,0.10765561,0.11234852,0.11340436,0.11266027,0.11226491,0.11375034
0.12481391,0.12090284,0.11485103,0.11077568,0.11225446,0.11997294,0.13090030,0.13990381,0.14266367,0.13785164,0.12743590,0.11546195,0.10631705,0.10318091,0.10696851,0.11608882,0.12732343,0.13752973,0.14508608,0.15002201,0.15289321,0.15364438,0.15167034,0.14699212,0.14123588,0.13722020,0.13729188,0.14174483,0.14857926,0.15469272,0.15750801,0.15594651,0.15040938,0.14219364,0.13292511,0.12423707,0.11757891,0.11402190,0.11410730,0.11785021,0.12487703,0.13452949,0.14582211,0.15736116,0.16747713,0.17470055,0.17839877,0.17916758,0.17865488,0.17884369,0.18117465
0.05382985,0.04496806,0.04573714,0.05106835,0.05829289,0.06596061,0.07103667,0.07308238,0.07400617,0.07368236,0.07098494,0.06697449,0.06330590,0.05964159,0.05579388,0.05528098,0.06310552,0.07866205,0.09370624,0.10002335,0.09728092,0.09097898,0.08505374,0.07966805,0.07443907,0.07024124,0.06807718,0.06830508,0.07077498,0.07448076,0.07751639,0.07830918,0.07662920,0.07309936,0.06842482,0.06356883,0.06013417,0.06002293,0.06464209,0.07407662,0.08646293,0.09841869,0.10703262,0.11181092,0.11431108,0.11589007,0.11645389,0.11553597,0.11376603,0.11263171,0.11318944
0.11453914,0.12111556,0.11425740,0.10275044,0.09367329,0.08979722,0.09147460,0.09654507,0.10149459,0.10408468,0.10446298,0.10402515,0.10294895,0.09958180,0.09357087,0.08820739,0.08782520,0.09404182,0.10561265,0.11998298,0.13336561,0.14109318,0.14043383,0.13315007,0.12415272,0.11771714,0.11553416,0.11741976,0.12222245,0.12799966,0.13260273,0.13462772,0.13347052,0.12867511,0.11997584,0.10813277,0.09524686,0.08390716,0.07593343,0.07180568,0.07115251,0.07372198,0.07984026,0.08994646,0.10374882,0.11968710,0.13487493,0.14566165,0.14911847,0.14491278,0.13589977
0.09415210,0.09621760,0.10755703,0.12138190,0.13322195,0.14016424,0.14025096,0.13500734,0.12970778,0.12900545,0.13322367,0.13939010,0.14437305,0.14633012,0.14465252,0.13991943,0.13353250,0.12671752,0.12028579,0.11569159,0.11529909,0.12039812,0.12929307,0.13867693,0.14722472,0.15677791,0.16919048,0.18262002,0.19206518,0.19380500,0.18872235,0.18101792,0.17420884,0.16886921,0.16384500,0.15866621,0.15426245,0.15173170,0.15107372,0.15123407,0.15095166,0.14928239,0.14562979,0.13993782,0.13323318,0.12776003,0.12600311,0.12906588,0.13578436,0.14346788,0.14970763
0.14753541,0.16750676,0.18071364,0.18252987,0.18011845,0.18298571,0.19259986,0.20261550,0.20701091,0.20531999,0.20041279,0.19386704,0.18487721,0.17270555,0.15896966,0.14762738,0.14323363,0.14869754,0.16345343,0.18310049,0.20122818,0.21253121,0.21502436,0.21000621,0.20050345,0.18978460,0.18053733,0.17426735,0.17080126,0.16854388,0.16577093,0.16198569,0.15801092,0.15475326,0.15202605,0.14868979,0.14385046,0.13778398,0.13178969,0.12746721,0.12632749,0.12983309,0.13914989,0.15423945,0.17303487,0.19186963,0.20734233,0.21832178,0.22641459,0.23444595,0.24420944
0.05180175,0.04934454,0.04861477,0.04938371,0.05016752,0.04969165,0.04802389,0.04604370,0.04440596,0.04362150,0.04465875,0.04833907,0.05387670,0.05888720,0.06149165,0.06200714,0.06197730,0.06186158,0.06053137,0.05724273,0.05342787,0.05188195,0.05419615,0.05933154,0.06474543,0.06862255,0.07092568,0.07271772,0.07509309,0.07895004,0.08529347,0.09496660,0.10764486,0.12125114,0.13283572,0.14041050,0.14406462,0.14532631,0.14548233,0.14449765,0.14138756,0.13540252,0.12681148,0.11679262,0.10690696,0.09876393,0.09388792,0.09339632,0.09742206,0.10478074,0.11339475
0.11256828,0.10625824,0.10704275,0.11564006,0.13318795,0.15732781,0.17987387,0.19397561,0.20202114,0.21081945,0.22193341,0.23230953,0.24107527,0.25020681,0.25983509,0.26655397,0.26691521,0.26145274,0.25423988,0.24822281,0.24185500,0.23074796,0.21182377,0.18595590,0.15804150,0.13489131,0.12201428,0.12176210,0.13369044,0.15474238,0.17858209,0.19737973,0.20667751,0.20793980,0.20534064,0.20127751,0.19608770,0.19031127,0.18473969,0.17856245,0.16957986,0.15688803,0.14233029,0.12883670,0.11794380,0.10918173,0.10130174,0.09376764,0.08744364,0.08414980,0.08528846
0.24725437,0.22553350,0.20864837,0.20229374,0.20629772,0.21729711,0.22987003,0.24080848,0.25347147,0.27400642,0.30246395,0.32954702,0.34341483,0.34005554,0.32606281,0.31057377,0.29669025,0.28264480,0.26796595,0.25390029,0.23937327,0.22164155,0.20137684,0.18347573,0.17218539,0.16816099,0.17058721,0.17905993,0.19201594,0.20559641,0.21608614,0.22279837,0.22743787,0.23110593,0.23276123,0.23035428,0.22289614,0.21153104,0.19886913,0.18718897,0.17743638,0.17055874,0.16969702,0.17954583,0.20185427,0.23131356,0.25702296,0.26923576,0.26543374,0.25061790,0.23266950
0.14865910,0.15203419,0.16611737,0.18242003,0.19730010,0.21115003,0.22097686,0.22173174,0.21270500,0.19724973,0.17888091,0.16169351,0.15153186,0.15260980,0.16428866,0.18274308,0.20317317,0.21897633,0.22272128,0.21222930,0.19510111,0.18423429,0.18766142,0.20281207,0.21989889,0.23009042,0.23127359,0.22766487,0.22470432,0.22416544,0.22388110,0.22168569,0.21857483,0.21720786,0.21775584,0.21650356,0.20929662,0.19613724,0.18197495,0.17300642,0.17224422,0.17816148,0.18679997,0.19488050,0.20143484,0.20730968,0.21352290,0.21988977,0.22481160,0.22624398,0.22313238
0.07446014,0.08399317,0.09057213,0.09489543,0.09799510,0.09989027,0.09968385,0.09635235,0.09001818,0.08296891,0.07904254,0.08124419,0.08958150,0.10125911,0.11307929,0.12375933,0.13419026,0.14581106,0.15887211,0.17204915,0.18338052,0.19144400,0.19585755,0.19707172,0.19600140,0.19385627,0.19200629,0.19158763,0.19297758,0.19566170,0.19878072,0.20194185,0.20551243,0.21009353,0.21574364,0.22182592,0.22769659,0.23351039,0.24022059,0.24865702,0.25855568,0.26854245,0.27716540,0.28401244,0.28980034,0.29525807,0.29978828,0.30119952,0.29696165,0.28616963,0.27076907
0.16600718,0.16843479,0.16322006,0.15346818,0.14333197,0.13599176,0.13256828,0.13132856,0.12896441,0.12415340,0.11936434,0.11808259,0.12075333,0.12457110,0.12695949,0.12796415,0.12893790,0.12996074,0.12946747,0.12616747,0.12063993,0.11491048,0.11081826,0.10894055,0.10880470,0.10976214,0.11154922,0.11414608,0.11727643,0.12013764,0.12162333,0.12080153,0.11724483,0.11107560,0.10289934,0.09377131,0.08508142,0.07817863,0.07383617,0.07194387,0.07171676,0.07229290,0.07328787,0.07496036,0.07797160,0.08295372,0.09010988,0.09898506,0.10850489,0.11732904,0.12440627
0.19167608,0.18552638,0.16998321,0.15793343,0.15442369,0.15701636,0.16542147,0.18423172,0.21550393,0.25349059,0.28821983,0.31103954,0.31605787,0.30092276,0.27022890,0.23681423,0.21584615,0.21541695,0.23206088,0.25419555,0.26927702,0.26945688,0.25384353,0.22781412,0.20028087,0.18007726,0.17284248,0.17931170,0.19534888,0.21394816,0.22889621,0.23829483,0.24532324,0.25531461,0.27134774,0.29187667,0.31200940,0.32698382,0.33509174,0.33832423,0.34074057,0.34565490,0.35317350,0.35961329,0.35951493,0.34924994,0.32978745,0.30656847,0.28662817,0.27518729,0.27399658
0.09354013,0.09518515,0.09384893,0.09194756,0.09096482,0.09033326,0.08864261,0.08559668,0.08202367,0.07862416,0.07589995,0.07500822,0.07745197,0.08365089,0.09236467,0.10153282,0.10925088,0.11416335,0.11575922,0.11469405,0.11249069,0.11052321,0.10919610,0.10804960,0.10649668,0.10443995,0.10238764,0.10113960,0.10131248,0.10305684,0.10618890,0.11052094,0.11589865,0.12182392,0.12714358,0.13027231,0.12979634,0.12497719,0.11605202,0.10457434,0.09363966,0.08725855,0.08853422,0.09764490,0.11138520,0.12497913,0.13484995,0.14012602,0.14189249,0.14130300,0.13849764
0.24619611,0.24393375,0.23890258,0.23750074,0.24335140,0.25599384,0.27121904,0.28288827,0.28706816,0.28511813,0.28158403,0.27924709,0.27740844,0.27423149,0.26860035,0.25982989,0.24834564,0.23800022,0.23539491,0.24389655,0.25822737,0.26712487,0.26268094,0.24684085,0.22881912,0.21732405,0.21575915,0.22316889,0.23702982,0.25403809,0.26966315,0.27916302,0.28003378,0.27323904,0.26186935,0.24901687,0.23722414,0.22933136,0.22851199,0.23641761,0.25107151,0.26698157,0.27789901,0.28012807,0.27396519,0.26271922,0.25064671,0.24135135,0.23712670,0.23883367,0.24592381
0.28279161,0.29086446,0.29521991,0.29479703,0.29292174,0.29466748,0.30109471,0.30712031,0.30654033,0.29832599,0.28679846,0.27657483,0.26894039,0.26277272,0.25718969,0.25252409,0.24956260,0.24872337,0.24982829,0.25201505,0.25363210,0.25269315,0.24830343,0.24227222,0.23907506,0.24304233,0.25432325,0.26734903,0.27415691,0.27043392,0.25898086,0.24729108,0.24142625,0.24169940,0.24353406,0.24186643,0.23482177,0.22414330,0.21326325,0.20532826,0.20231155,0.20476524,0.21161531,0.22022847,0.22725706,0.23005095,0.22771067,0.22110319,0.21209004,0.20276957,0.19519239
0.06261045,0.05266421,0.05056438,0.05488839,0.06393516,0.07597793,0.08931353,0.10274709,0.11568267,0.12732351,0.13599853,0.13974553,0.13769399,0.13073804,0.12081202,0.10956627,0.09763807,0.08492370,0.07140540,0.05784584,0.04585557,0.03721447,0.03285524,0.03232380,0.03427862,0.03765657,0.04239523,0.04896628,0.05719754,0.06565403,0.07230531,0.07587059,0.07653057,0.07535564,0.07309777,0.06957139,0.06417590,0.05695424,0.04911503,0.04254543,0.03881257,0.03853422,0.04152576,0.04737060,0.05576440,0.06634691,0.07831473,0.09032728,0.10091866,0.10914391,0.11497123
0.19696466,0.18288577,0.18082241,0.18640579,0.19098721,0.18847647,0.18013112,0.17170648,0.16706690,0.16637950,0.16896422,0.17461991,0.18221994,0.18998765,0.19805056,0.20853490,0.22188233,0.23457336,0.24190029,0.24219670,0.23722725,0.22923410,0.21928757,0.20868146,0.20043013,0.19811326,0.20317305,0.21361804,0.22514427,0.23320879,0.23446022,0.22736963,0.21263220,0.19332913,0.17421019,0.15989036,0.15288904,0.15295554,0.15822069,0.16707879,0.17898907,0.19350186,0.20874853,0.22131920,0.22803406,0.22805610,0.22334655,0.21712838,0.21195288,0.20907589,0.20916566
0.18260760,0.20101292,0.22322719,0.24672344,0.26558783,0.27410314,0.27213558,0.26513754,0.25888126,0.25556666,0.25479616,0.25597468,0.25815020,0.25858469,0.25369664,0.24230096,0.22735006,0.21397402,0.20587849,0.20345398,0.20457450,0.20673435,0.20898510,0.21275432,0.22087980,0.23498957,0.25309886,0.26996160,0.28053460,0.28366498,0.28257058,0.28179209,0.28366248,0.28729708,0.29009196,0.28944379,0.28318734,0.26949809,0.24766915,0.21959324,0.19021566,0.16578283,0.15081901,0.14605264,0.14867319,0.15438238,0.15964508,0.16300332,0.16531328,0.16918170,0.17772822
0.09537391,0.09728987,0.10086366,0.10308404,0.10233982,0.10046449,0.09933868,0.09858143,0.09783689,0.09786215,0.09868266,0.10013121,0.10354414,0.10918843,0.11342145,0.11195136,0.10431899,0.09280586,0.07967733,0.06787643,0.06133237,0.06157280,0.06565369,0.06919566,0.07013695,0.06878572,0.06603106,0.06247223,0.05802783,0.05186280,0.04380315,0.03596176,0.03165190,0.03243223,0.03740991,0.04557998,0.05723663,0.07215271,0.08745565,0.09866621,0.10287772,0.10049425,0.09423445,0.08709707,0.08106241,0.07679993,0.07397828,0.07183847,0.06963731,0.06676822,0.06300422
0.07721277,0.07511317,0.07325077,0.07219991,0.07107267,0.06969627,0.06908524,0.06977472,0.07060809,0.06949693,0.06503728,0.05743801,0.04854531,0.04128414,0.03841514,0.04083154,0.04670027,0.05263504,0.05619407,0.05745969,0.05832229,0.06044406,0.06400326,0.06812967,0.07208722,0.07583093,0.07965038,0.08363626,0.08758933,0.09123510,0.09430145,0.09640070,0.09705064,0.09601232,0.09366593,0.09100755,0.08920206,0.08904346,0.09069813,0.09378043,0.09754233,0.10101364,0.10315275,0.10313673,0.10073839,0.09653362,0.09172227,0.08762779,0.08519966,0.08482517,0.08648055
0.20507383,0.21211681,0.20251315,0.18264071,0.16515744,0.15654142,0.15825066,0.17043584,0.18922575,0.20700614,0.21757898,0.21802846,0.20836486,0.19268357,0.17749749,0.16703241,0.16231374,0.16331097,0.16880988,0.17718471,0.19038833,0.21216820,0.23808773,0.25334537,0.24726444,0.22641195,0.20740009,0.19948767,0.19967864,0.20187047,0.20349726,0.20312100,0.19790602,0.18632325,0.17049326,0.15417823,0.14054411,0.13276101,0.13381683,0.14312761,0.15480647,0.16234357,0.16552593,0.17106020,0.18560465,0.20901518,0.23473923,0.25561362,0.26825167,0.27266615,0.26972005
0.23085341,0.22069261,0.20803836,0.19759299,0.18615531,0.16953298,0.15184957,0.14318771,0.14731568,0.15708075,0.16400295,0.16761085,0.17252891,0.18039972,0.18822977,0.19240083,0.19123533,0.18478355,0.17459088,0.16352624,0.15439377,0.14850598,0.14587090,0.14611872,0.14864401,0.15237321,0.15608791,0.15878083,0.15937175,0.15658980,0.14985982,0.14024814,0.13010308,0.12190285,0.11786616,0.12024224,0.13059016,0.14772638,0.16665629,0.18067656,0.18552758,0.18197729,0.17460962,0.16820150,0.16489415,0.16393136,0.16322361,0.16101865,0.15674510,0.15109215,0.14560901
0.13886337,0.14282604,0.15653018,0.17296176,0.18246746,0.18077625,0.17078276,0.15782029,0.14565061,0.13681587,0.13401829,0.13922245,0.15186197,0.16887815,0.18660098,0.20257252,0.21604054,0.22701720,0.23459299,0.23604112,0.22818339,0.21040234,0.18642106,0.16268264,0.14456048,0.13377414,0.12882501,0.12716630,0.12680692,0.12659427,0.12599479,0.12505792,0.12434222,0.12448926,0.12577450,0.12812633,0.13146674,0.13577692,0.14074868,0.14561132,0.14963358,0.15289577,0.15635956,0.16086282,0.16586534,0.16922530,0.16842243,0.16229349,0.15185118,0.13957943,0.12791880
0.19308822,0.20541641,0.22434692,0.24269713,0.25082551,0.24725690,0.23747029,0.22391294,0.20348573,0.17589964,0.14920073,0.13373487,0.13301348,0.14289659,0.15758967,0.17323632,0.18659021,0.19421752,0.19513150,0.19283933,0.19285504,0.19793767,0.20612153,0.21281205,0.21396970,0.20781953,0.19527894,0.17990397,0.16679794,0.15995981,0.15959845,0.16195971,0.16220866,0.15795410,0.15049550,0.14323471,0.13914446,0.13933246,0.14310299,0.14866916,0.15384706,0.15677488,0.15674343,0.15466865,0.15258360,0.15225017,0.15389014,0.15609285,0.15701897,0.15594919,0.15398260
0.02770223,0.03245141,0.03564060,0.03567629,0.03296909,0.02901628,0.02487135,0.02093422,0.01778663,0.01640014,0.01735168,0.02025466,0.02411376,0.02793429,0.03087622,0.03225695,0.03193443,0.03075195,0.03028426,0.03187119,0.03581921,0.04148133,0.04796654,0.05468208,0.06128058,0.06726914,0.07179346,0.07385503,0.07283963,0.06902074,0.06369908,0.05882420,0.05625729,0.05708327,0.06133568,0.06817040,0.07622878,0.08395426,0.08988358,0.09305671,0.09348044,0.09227868,0.09119586,0.09159261,0.09358734,0.09602016,0.09732979,0.09670202,0.09460927,0.09234685,0.09098780
0.23397609,0.23266711,0.23893801,0.25408433,0.27379804,0.29088665,0.30020544,0.30021275,0.29031320,0.26926295,0.23790064,0.20233501,0.17226467,0.15539858,0.15379350,0.16498119,0.18503651,0.21003170,0.23610719,0.26021086,0.28129643,0.29990918,0.31599310,0.32757578,0.33228563,0.33010432,0.32412246,0.31847309,0.31581681,0.31675023,0.32076154,0.32671503,0.33226171,0.33377087,0.32817167,0.31560207,0.30017183,0.28763311,0.28180646,0.28285543,0.28859835,0.29708211,0.30770001,0.31998657,0.33175270,0.33885642,0.33719764,0.32534454,0.30563510,0.28297682,0.26242352
0.06738034,0.07401681,0.07718719,0.07964479,0.08408603,0.08809337,0.08802815,0.08426050,0.07933922,0.07377749,0.06649934,0.05775372,0.04942096,0.04321871,0.03974407,0.03860555,0.03870567,0.03883746,0.03859167,0.03863711,0.04004465,0.04343867,0.04857639,0.05434076,0.05921823,0.06228980,0.06404014,0.06609286,0.06998817,0.07606568,0.08325209,0.08970599,0.09385911,0.09533591,0.09514971,0.09482941,0.09501485,0.09475358,0.09221834,0.08621264,0.07712504,0.06666450,0.05688598,0.04941456,0.04521188,0.04457646,0.04705443,0.05137483,0.05575114,0.05860456,0.05929917
0.15909810,0.15372763,0.15248189,0.15530064,0.16111164,0.16645035,0.16633453,0.15753453,0.14183869,0.12629878,0.11913678,0.12363767,0.13522494,0.14504495,0.14725246,0.14327261,0.13952282,0.14178027,0.15174385,0.16748533,0.18525000,0.20045326,0.20861663,0.20741283,0.19857601,0.18733091,0.17929526,0.17753255,0.18198142,0.19066259,0.20065320,0.20829240,0.20989678,0.20368339,0.19143829,0.17783602,0.16739284,0.16153586,0.15830686,0.15473977,0.14961764,0.14436517,0.14181459,0.14428376,0.15241463,0.16510213,0.18001935,0.19430887,0.20539507,0.21186663,0.21403346
0.18309471,0.20315435,0.21869376,0.22871246,0.23474440,0.23800839,0.23820658,0.23555476,0.23231422,0.23109264,0.23316547,0.23985271,0.25336097,0.27324630,0.29295483,0.30339732,0.30106026,0.29081293,0.28008289,0.27199995,0.26513195,0.25810879,0.25233715,0.25016665,0.25163233,0.25344004,0.25083846,0.24074460,0.22395686,0.20483495,0.18854797,0.17813385,0.17380766,0.17447313,0.17907655,0.18621083,0.19309173,0.19602259,0.19255013,0.18333468,0.17198166,0.16309903,0.16014698,0.16421419,0.17387907,0.18597569,0.19708672,0.20519607,0.21046681,0.21450057,0.21867302
0.09776554,0.09422175,0.09010243,0.08712697,0.08763994,0.09364359,0.10494524,0.11823901,0.12906057,0.13550186,0.13965627,0.14477525,0.15142465,0.15732936,0.16074797,0.16268093,0.16511029,0.16782706,0.16791001,0.16223269,0.14995404,0.13276643,0.11357643,0.09531167,0.08034580,0.07008676,0.06467630,0.06322341,0.06452009,0.06754709,0.07135272,0.07473030,0.07635816,0.07542770,0.07215546,0.06769411,0.06354397,0.06089547,0.06020662,0.06110249,0.06262889,0.06383329,0.06441336,0.06497511,0.06662676,0.07015898,0.07543972,0.08147892,0.08704597,0.09130423,0.09402825
0.09610064,0.08581114,0.08245044,0.08279335,0.08342591,0.08227537,0.07814504,0.07316561,0.07059454,0.06879933,0.06434458,0.06012454,0.06193675,0.06807305,0.07040920,0.06532059,0.05770358,0.05529278,0.06309942,0.08139024,0.10499453,0.12530709,0.13551533,0.13412395,0.12390467,0.10956612,0.09647135,0.08863240,0.08623905,0.08627384,0.08617008,0.08567170,0.08496799,0.08307554,0.07944332,0.07596688,0.07571681,0.07972941,0.08603163,0.09191107,0.09649151,0.10102113,0.10730425,0.11621136,0.12730642,0.13931035,0.15069442,0.15998467,0.16587178,0.16754972,0.16539642
0.13875118,0.12744877,0.11939296,0.11734110,0.12276721,0.13551199,0.15381664,0.17461002,0.19427382,0.20977121,0.21944159,0.22302733,0.22127078,0.21551122,0.20718128,0.19710627,0.18518814,0.17112036,0.15565505,0.14100944,0.12976703,0.12340687,0.12214157,0.12621216,0.13696056,0.15612924,0.18384501,0.21731745,0.25164214,0.28201279,0.30541237,0.32067095,0.32756485,0.32641607,0.31872819,0.30791597,0.29877402,0.29541659,0.29893583,0.30654660,0.31304085,0.31374828,0.30715530,0.29559524,0.28371728,0.27583079,0.27380381,0.27667905,0.28198632,0.28768262,0.29338694
0.09070198,0.09292042,0.09595584,0.09719267,0.09628681,0.09594953,0.09780388,0.10022020,0.10199985,0.10508204,0.11131636,0.11900493,0.12482656,0.12733505,0.12690875,0.12435681,0.12165914,0.12223329,0.12763305,0.13453912,0.13752940,0.13518636,0.13174064,0.13217302,0.13709663,0.14318696,0.14741891,0.14961226,0.15134948,0.15383846,0.15723258,0.16116864,0.16518930,0.16876852,0.17142070,0.17290184,0.17309397,0.17163163,0.16784106,0.16123605,0.15210045,0.14156025,0.13110104,0.12197569,0.11489513,0.11005099,0.10731681,0.10647726,0.10737326,0.10989077,0.11384109
0.14713885,0.14573425,0.14582560,0.14718154,0.14618594,0.14070910,0.13326484,0.12776957,0.12506700,0.12402110,0.12600625,0.13505306,0.15225611,0.17190557,0.18533720,0.18875700,0.18635417,0.18571195,0.19094548,0.20026477,0.20896366,0.21385227,0.21543504,0.21722432,0.22340330,0.23612147,0.25373073,0.27136575,0.28404247,0.29011759,0.29207852,0.29386746,0.29734239,0.30134220,0.30403496,0.30572828,0.30888448,0.31515385,0.32252137,0.32573980,0.32007916,0.30524294,0.28610349,0.26968864,0.26091200,0.26024760,0.26463457,0.27030265,0.27509108,0.27876887,0.28171506
0.22745877,0.23955476,0.25866721,0.27589778,0.28311871,0.27956232,0.27099368,0.26222199,0.25271053,0.24031454,0.22601725,0.21202183,0.19725901,0.17868734,0.15674720,0.13617396,0.12100833,0.11197827,0.10996527,0.11871991,0.14084260,0.17202120,0.20227757,0.22362754,0.23496274,0.23913761,0.23747319,0.22902267,0.21440761,0.19802781,0.18535139,0.17864764,0.17606019,0.17440653,0.17203306,0.16902384,0.16576647,0.16240532,0.15979019,0.16016903,0.16603435,0.17778846,0.19248510,0.20508765,0.21141131,0.21050173,0.20486256,0.19879678,0.19635988,0.20014291,0.21098765
0.09106778,0.09940452,0.10709214,0.11424042,0.11888798,0.11980183,0.11853589,0.11721355,0.11542613,0.11077127,0.10195186,0.09033777,0.07892764,0.07080133,0.06837474,0.07297073,0.08439800,0.10095258,0.11979823,0.13729278,0.14958342,0.15408963,0.15112637,0.14388570,0.13646185,0.13193647,0.13230730,0.13930002,0.15373238,0.17332181,0.19179878,0.20167698,0.19915308,0.18687665,0.17205163,0.16164915,0.15880750,0.16272458,0.17089833,0.18105595,0.19145928,0.20038337,0.20615180,0.20802533,0.20703707,0.20580385,0.20724391,0.21298653,0.22240797,0.23278074,0.24043125
0.08223654,0.08394989,0.08509578,0.08772041,0.09317318,0.10135547,0.11073929,0.11928242,0.12589175,0.13092588,0.13500246,0.13764064,0.13753189,0.13392620,0.12724871,0.11850061,0.10872189,0.09924591,0.09193169,0.08858298,0.09008461,0.09617462,0.10577761,0.11721827,0.12831835,0.13701955,0.14251649,0.14583531,0.14905018,0.15376555,0.16025901,0.16779575,0.17529641,0.18145991,0.18455064,0.18274809,0.17527436,0.16336114,0.15000038,0.13854262,0.13127455,0.12896566,0.13130858,0.13744193,0.14604246,0.15526107,0.16305321,0.16794542,0.16965998,0.16904008,0.16735509
0.12126372,0.12768322,0.13446595,0.13761406,0.13527068,0.12928297,0.12262655,0.11729679,0.11530824,0.11931610,0.13013809,0.14453743,0.15721509,0.16490513,0.16760046,0.16636952,0.16158186,0.15356707,0.14376108,0.13438015,0.12744334,0.12455105,0.12689764,0.13442672,0.14489601,0.15462271,0.16082835,0.16331871,0.16386697,0.16427074,0.16520477,0.16652055,0.16785884,0.16861317,0.16772204,0.16422098,0.15835017,0.15195201,0.14742569,0.14604694,0.14717801,0.14899609,0.14992296,0.14947714,0.14808747,0.14645249,0.14522791,0.14517913,0.14730903,0.15253232,0.16104418
0.03217645,0.03648458,0.04456737,0.05422546,0.06287562,0.07017779,0.07797641,0.08834682,0.10314294,0.12144099,0.13825244,0.14824717,0.14840301,0.13938154,0.12736041,0.11894443,0.11397004,0.11036706,0.11068194,0.11436550,0.11241671,0.10000224,0.08534444,0.07805672,0.07788410,0.08051099,0.08532192,0.09284089,0.10145361,0.10956911,0.11646719,0.12028204,0.11861940,0.11104079,0.09889923,0.08394528,0.06863475,0.05609533,0.04815143,0.04443790,0.04427117,0.04829203,0.05773112,0.07290716,0.09246042,0.11302754,0.12984394,0.13918378,0.14090088,0.13807849,0.13417956
0.15687218,0.14800677,0.14555576,0.15160168,0.16364218,0.17785015,0.19179217,0.20284495,0.20631717,0.19819817,0.18026483,0.16083511,0.14914846,0.14890527,0.15738436,0.17009440,0.18510120,0.20252500,0.22096778,0.23614737,0.24391783,0.24426860,0.24157723,0.24064774,0.24265130,0.24485582,0.24381834,0.23856549,0.23117017,0.22510628,0.22326674,0.22672439,0.23417824,0.24207981,0.24589755,0.24242193,0.23171850,0.21705304,0.20266453,0.19123935,0.18320723,0.17814838,0.17654263,0.17990562,0.18915501,0.20292200,0.21760085,0.22924617,0.23572937,0.23745363,0.23633916
0.09435907,0.10266723,0.11267359,0.12428959,0.13648004,0.14588482,0.14946317,0.14769491,0.14353138,0.13898607,0.13464156,0.13182487,0.13248529,0.13597604,0.13791802,0.13406624,0.12489944,0.11534551,0.11024089,0.11085618,0.11544796,0.12180043,0.12861065,0.13518983,0.14084194,0.14471473,0.14591924,0.14377832,0.13832294,0.13073444,0.12309877,0.11743500,0.11477840,0.11496760,0.11693386,0.11897823,0.11908415,0.11569027,0.10875383,0.10013299,0.09260219,0.08813362,0.08692894,0.08798261,0.09043046,0.09427977,0.09998896,0.10767859,0.11701686,0.12784382,0.14060346
0.16465218,0.14871069,0.13712197,0.13011225,0.12417478,0.11945326,0.12091754,0.13213565,0.15057156,0.16997179,0.18617061,0.19923108,0.21009211,0.21706085,0.21742942,0.21217154,0.20716852,0.20873787,0.21809101,0.23024482,0.23826612,0.23925755,0.23718200,0.23967336,0.25094339,0.26730988,0.28010923,0.28309333,0.27657555,0.26487176,0.25139650,0.23714866,0.22273116,0.20994090,0.20094261,0.19670714,0.19664648,0.19933552,0.20338417,0.20802444,0.21305669,0.21784419,0.22022997,0.21716848,0.20728717,0.19284880,0.17856213,0.16808874,0.16178850,0.15775419,0.15445398
0.13619102,0.12828842,0.11621496,0.10338273,0.09292329,0.08734441,0.08718703,0.09084262,0.09617926,0.10168725,0.10600177,0.10766298,0.10636727,0.10391213,0.10296720,0.10494716,0.10953505,0.11589970,0.12340207,0.13091701,0.13647686,0.13868149,0.13852127,0.13902050,0.14242879,0.14774421,0.15129332,0.14991170,0.14362173,0.13539422,0.12853691,0.12423495,0.12112289,0.11673108,0.10936159,0.09914038,0.08787512,0.07803057,0.07145009,0.06853559,0.06836052,0.06957176,0.07133272,0.07356681,0.07643392,0.07966462,0.08241442,0.08372451,0.08312727,0.08091386,0.07796322
0.23607562,0.24599180,0.25904208,0.27515270,0.29132567,0.30486822,0.31536635,0.32249687,0.32408157,0.31832554,0.30735795,0.29723129,0.29443051,0.30232148,0.31929526,0.33876469,0.35202888,0.35392718,0.34693075,0.33853190,0.33348277,0.32924275,0.32012793,0.30540617,0.29160791,0.28613140,0.28949111,0.29489404,0.29519526,0.28938458,0.28228863,0.27910908,0.28117457,0.28647244,0.29277346,0.29921579,0.30518382,0.30877859,0.30724176,0.29906006,0.28556686,0.27053306,0.25825001,0.25169360,0.25180388,0.25776918,0.26766879,0.27904673,0.28935204,0.29628524,0.29806379
0.09145234,0.08511048,0.07467298,0.06194618,0.05092024,0.04497927,0.04468272,0.04750989,0.05029818,0.05219437,0.05413290,0.05566170,0.05439062,0.04911427,0.04171851,0.03521762,0.03111828,0.02927711,0.02914584,0.03017787,0.03153870,0.03231132,0.03212263,0.03135490,0.03080991,0.03128076,0.03320668,0.03637134,0.03996296,0.04338600,0.04732023,0.05363719,0.06353452,0.07539831,0.08490608,0.08793631,0.08376746,0.07550302,0.06749131,0.06243317,0.06061092,0.06100935,0.06246971,0.06393014,0.06438900,0.06330020,0.06103016,0.05862502,0.05697841,0.05625947,0.05609967
0.19645940,0.20114968,0.19733730,0.18556668,0.17160440,0.16115840,0.15627472,0.15530662,0.15474290,0.15174977,0.14631406,0.14137591,0.14067649,0.14599881,0.15600191,0.16751663,0.17771127,0.18468614,0.18684557,0.18388204,0.17920208,0.17913211,0.18705965,0.19863630,0.20491787,0.20080638,0.18924231,0.17709690,0.16869124,0.16399724,0.16129429,0.15957517,0.15880830,0.15974664,0.16406020,0.17346123,0.18767600,0.20354460,0.21671579,0.22417316,0.22495895,0.21913464,0.20719906,0.19087262,0.17360773,0.15923686,0.14969711,0.14419719,0.14063650,0.13765718,0.13535415
0.14347939,0.13680224,0.13215936,0.13295434,0.13962183,0.14861479,0.15500001,0.15625570,0.15358056,0.14994988,0.14731896,0.14543177,0.14263522,0.13758588,0.13057970,0.12368626,0.11954738,0.11963865,0.12338431,0.12890459,0.13469482,0.14069672,0.14792347,0.15720336,0.16822226,0.17948823,0.18901249,0.19522836,0.19780579,0.19802463,0.19828971,0.20072555,0.20561505,0.21093418,0.21360928,0.21170781,0.20585717,0.19872842,0.19301044,0.18951737,0.18686811,0.18282216,0.17609181,0.16727991,0.15846099,0.15195172,0.14919891,0.15035089,0.15447394,0.16004959,0.16545332
0.18810407,0.20252384,0.21120074,0.21475305,0.22044797,0.23355029,0.25158115,0.26776467,0.27760272,0.28043403,0.27662790,0.26623185,0.25039221,0.23183544,0.21288308,0.19408195,0.17574359,0.16004643,0.15030835,0.14812728,0.15217189,0.16014276,0.17121579,0.18588520,0.20373468,0.22226713,0.23833538,0.25035846,0.25868483,0.26389111,0.26525515,0.26126590,0.25156193,0.23809724,0.22424247,0.21270584,0.20423912,0.19815374,0.19388139,0.19196278,0.19358422,0.19922967,0.20779974,0.21705679,0.22503541,0.23121819,0.23650688,0.24206760,0.24807453,0.25342772,0.25666205
0.09685202,0.08066655,0.06945697,0.06972081,0.08193520,0.10111032,0.12105924,0.13794824,0.15090464,0.16071898,0.16860395,0.17586947,0.18398415,0.19406166,0.20574138,0.21676153,0.22433448,0.22735433,0.22699381,0.22478889,0.22042396,0.21210651,0.19941061,0.18533337,0.17499103,0.17210282,0.17669851,0.18585349,0.19603279,0.20463533,0.21014121,0.21204558,0.21130831,0.21044716,0.21219385,0.21731100,0.22359288,0.22728283,0.22583462,0.21963467,0.21137249,0.20397188,0.19906142,0.19700436,0.19781886,0.20169919,0.20868528,0.21814015,0.22883661,0.23963407,0.25000301
0.16498013,0.17386572,0.17521232,0.16662397,0.14782720,0.12439463,0.10941807,0.11333034,0.13150867,0.14832259,0.15398531,0.15216658,0.15149434,0.15606231,0.16545693,0.17779709,0.18911004,0.19335164,0.18694342,0.17238644,0.15579202,0.14234292,0.13532195,0.13662400,0.14428851,0.14996469,0.14302262,0.12006951,0.08983510,0.06708135,0.06124699,0.07074406,0.08678657,0.10111258,0.11041385,0.11576483,0.11991279,0.12509700,0.13191005,0.13899426,0.14377172,0.14407480,0.13955727,0.13172835,0.12273825,0.11416822,0.10678457,0.10104758,0.09754272,0.09689302,0.09935867
0.08551399,0.08047467,0.07823702,0.07793024,0.07908270,0.08101006,0.08202476,0.08009807,0.07448024,0.06646641,0.05859737,0.05324399,0.05171549,0.05414472,0.05985464,0.06793851,0.07775359,0.08891382,0.10071084,0.11158485,0.11942687,0.12274339,0.12182717,0.11901195,0.11780727,0.12139217,0.13111086,0.14552578,0.16055160,0.17097705,0.17294146,0.16603792,0.15361131,0.14094452,0.13257513,0.13057097,0.13465236,0.14346733,0.15556954,0.16932059,0.18225106,0.19104354,0.19268532,0.18613900,0.17325198,0.15812173,0.14527373,0.13781429,0.13660281,0.14066684,0.14827652
0.05052969,0.04915199,0.05057728,0.05455637,0.05965717,0.06355590,0.06442034,0.06212271,0.05820615,0.05455766,0.05192560,0.04969901,0.04711552,0.04446417,0.04287305,0.04299128,0.04414554,0.04486771,0.04410064,0.04186207,0.03899773,0.03656096,0.03537739,0.03588890,0.03815338,0.04194659,0.04691956,0.05269373,0.05885452,0.06497161,0.07072631,0.07597864,0.08056598,0.08397804,0.08537149,0.08414797,0.08066429,0.07632832,0.07282009,0.07102073,0.07054303,0.07020669,0.06897285,0.06656926,0.06348154,0.06058800,0.05886264,0.05924891,0.06250579,0.06891015,0.07800706
0.06335835,0.06768591,0.07138369,0.07389151,0.07606059,0.07939978,0.08477889,0.09204466,0.10046530,0.10902232,0.11627427,0.12038500,0.11971623,0.11365466,0.10310716,0.09041497,0.07872751,0.07098160,0.06882370,0.07203870,0.07886769,0.08696282,0.09427663,0.09943796,0.10177591,0.10134322,0.09892602,0.09576269,0.09299454,0.09130568,0.09106648,0.09264844,0.09628767,0.10144151,0.10639197,0.10885537,0.10739706,0.10252648,0.09649890,0.09196599,0.09056779,0.09244564,0.09672091,0.10223380,0.10791916,0.11281904,0.11612819,0.11747582,0.11720563,0.11628599,0.11580787
0.11533069,0.09996152,0.07920647,0.05915050,0.04428547,0.03567218,0.03247396,0.03425011,0.04074155,0.05008408,0.05907070,0.06590034,0.07178953,0.07924066,0.08932724,0.10119425,0.11341856,0.12467348,0.13311562,0.13633379,0.13281862,0.12343957,0.11119315,0.09961902,0.09156352,0.08890098,0.09238545,0.10109729,0.11222536,0.12207148,0.12785591,0.12890220,0.12637568,0.12213456,0.11778964,0.11439031,0.11235589,0.11130614,0.11001546,0.10689587,0.10092162,0.09236805,0.08280696,0.07439042,0.06894037,0.06734039,0.06938255,0.07396378,0.07949699,0.08443223,0.08772768
0.11612908,0.13032542,0.15384800,0.17955571,0.19859399,0.20655526,0.20615264,0.20313096,0.20062400,0.19892400,0.19931408,0.20446853,0.21371100,0.22064435,0.21872835,0.20904991,0.20010438,0.19890997,0.20368184,0.20630953,0.20120766,0.19068026,0.18225104,0.18219251,0.19161516,0.20699037,0.22283827,0.23422223,0.23838885,0.23549871,0.22820573,0.22027382,0.21513016,0.21502891,0.22059575,0.23037542,0.24086960,0.24794101,0.24930251,0.24622806,0.24269823,0.24230018,0.24533829,0.24857056,0.24775900,0.24092787,0.22986542,0.21901795,0.21287560,0.21369216,0.22071383
0.21553151,0.21903288,0.22839434,0.24309753,0.25666276,0.26319247,0.26285273,0.25968047,0.25577871,0.24983372,0.24062965,0.22976059,0.22041518,0.21495306,0.21435895,0.21880104,0.22721110,0.23635785,0.24157022,0.23940941,0.23003303,0.21719934,0.20620030,0.20146653,0.20502795,0.21594523,0.23063595,0.24424528,0.25280177,0.25502747,0.25252317,0.24815542,0.24391278,0.23988899,0.23501690,0.22868536,0.22173734,0.21602983,0.21302864,0.21267394,0.21340858,0.21322672,0.21082482,0.20604203,0.19954071,0.19231596,0.18555498,0.18075423,0.17954627,0.18291579,0.19021004
0.13301513,0.13477088,0.13683655,0.13900157,0.14098287,0.14305129,0.14600213,0.15000426,0.15364601,0.15475409,0.15243270,0.14829344,0.14572107,0.14767547,0.15451827,0.16356685,0.17108915,0.17524201,0.17722738,0.17975619,0.18489270,0.19356718,0.20626008,0.22269014,0.24026828,0.25375040,0.25784620,0.25105726,0.23715526,0.22284881,0.21377598,0.21205510,0.21658330,0.22479909,0.23411838,0.24242766,0.24810442,0.25010766,0.24821947,0.24324519,0.23699350,0.23192145,0.23042711,0.23402439,0.24287876,0.25604531,0.27218673,0.29007814,0.30839857,0.32508501,0.33712869
0.22905087,0.23637782,0.24562281,0.25238306,0.25761166,0.26372441,0.27092412,0.27631782,0.27562303,0.26734491,0.25572666,0.24757476,0.24537982,0.24514631,0.24169519,0.23462239,0.22821939,0.22705585,0.23312991,0.24631087,0.26514019,0.28626954,0.30444464,0.31484041,0.31606184,0.31055455,0.30184796,0.29155791,0.27916826,0.26442755,0.24949175,0.23843362,0.23447187,0.23735204,0.24305687,0.24609581,0.24276705,0.23323302,0.22114873,0.21122991,0.20645706,0.20671089,0.20949017,0.21189250,0.21237102,0.21127957,0.21025042,0.21110868,0.21498708,0.22191171,0.23084530
0.03997229,0.03809763,0.03649047,0.03505252,0.03414947,0.03369686,0.03381544,0.03579063,0.03951009,0.04324564,0.04662562,0.04942904,0.05060145,0.05177902,0.05575105,0.06237037,0.07366829,0.09511975,0.12152375,0.13480420,0.12843158,0.11922966,0.12280390,0.13274229,0.13546216,0.13078602,0.12679368,0.12607578,0.12650294,0.12736761,0.12792004,0.12536058,0.11857102,0.11013046,0.10271974,0.09673305,0.09222805,0.09017844,0.09094740,0.09362817,0.09745265,0.10252785,0.10908897,0.11695577,0.12538455,0.13250049,0.13535711,0.13181775,0.12252639,0.11042327,0.09845456
0.32267323,0.33037393,0.32090737,0.30237918,0.28747966,0.27992061,0.27372971,0.26398008,0.25300922,0.24561893,0.24254082,0.24076961,0.23795430,0.23446000,0.23232346,0.23360851,0.23898733,0.24692215,0.25497776,0.26271239,0.27213202,0.28378034,0.29303026,0.29243263,0.27877431,0.25702748,0.23652981,0.22351872,0.21754088,0.21404640,0.20908659,0.20158552,0.19268249,0.18425289,0.17789334,0.17422195,0.17252024,0.17132459,0.16983518,0.16879564,0.16982289,0.17394509,0.18104626,0.19070478,0.20307181,0.21835594,0.23531848,0.25066868,0.26051462,0.26284778,0.25885608
0.16074692,0.16247860,0.17093258,0.17996781,0.18117800,0.17226801,0.16006326,0.15416783,0.15817668,0.16754608,0.17486786,0.17587831,0.17104449,0.16356655,0.15708723,0.15436908,0.15632011,0.16131718,0.16570060,0.16560949,0.15900144,0.14658131,0.13138051,0.11751672,0.10870388,0.10696717,0.11208010,0.12204466,0.13426224,0.14652842,0.15730176,0.16552428,0.17061449,0.17273405,0.17278161,0.17169938,0.16950378,0.16498325,0.15653456,0.14355185,0.12722340,0.11010231,0.09488247,0.08340632,0.07655702,0.07479326,0.07854162,0.08792201,0.10202569,0.11848031,0.13387998
0.17670428,0.17030791,0.17551374,0.18660818,0.19707036,0.20253864,0.20273152,0.20090276,0.20053795,0.20256695,0.20622570,0.21167094,0.22001702,0.23071097,0.24059099,0.24665116,0.24897626,0.24987246,0.25046708,0.24939799,0.24523510,0.23941691,0.23607346,0.23897889,0.24878664,0.26274646,0.27647139,0.28617898,0.29036719,0.29042203,0.28972449,0.29141055,0.29617807,0.30195312,0.30577289,0.30612420,0.30352756,0.29901861,0.29239591,0.28228186,0.26802452,0.25144763,0.23654439,0.22723006,0.22509750,0.22899074,0.23642580,0.24530741,0.25446041,0.26292088,0.26917448
0.16162758,0.12575786,0.09914025,0.08620206,0.08533474,0.09376017,0.10990929,0.13125450,0.15279076,0.16981764,0.18170915,0.19161105,0.20242916,0.21392121,0.22355149,0.22893307,0.22871923,0.22191167,0.20772370,0.18677144,0.16207501,0.13840760,0.12048632,0.11155668,0.11302145,0.12453058,0.14400071,0.16787931,0.19211060,0.21343223,0.23004476,0.24125266,0.24674229,0.24643712,0.24103858,0.23243791,0.22324681,0.21564273,0.21048501,0.20743330,0.20587811,0.20582731,0.20806144,0.21357932,0.22287870,0.23556251,0.25035485,0.26532908,0.27820133,0.28673265,0.28931187
0.13325834,0.14509170,0.15592551,0.16375880,0.16631748,0.16206206,0.15241261,0.14177591,0.13415371,0.12964380,0.12472159,0.11606167,0.10395029,0.09211886,0.08469079,0.08346418,0.08766946,0.09545750,0.10502015,0.11450437,0.12174937,0.12497738,0.12401847,0.12065461,0.11755416,0.11684465,0.11961224,0.12631350,0.13700309,0.15077637,0.16515861,0.17656978,0.18192815,0.18020119,0.17269770,0.16204651,0.15083300,0.14083651,0.13305113,0.12808683,0.12652699,0.12903887,0.13614015,0.14761238,0.16184690,0.17573636,0.18559640,0.18886561,0.18554870,0.17833216,0.17119370
0.21502524,0.21990346,0.21650529,0.20772597,0.20330558,0.20830307,0.21791988,0.22591173,0.23170641,0.23569674,0.23388505,0.22278370,0.20601806,0.19131664,0.18308474,0.18118920,0.18449836,0.19174604,0.20025519,0.20738309,0.21307078,0.21854400,0.22271645,0.22220701,0.21531111,0.20423680,0.19280446,0.18313587,0.17515981,0.16823616,0.16218025,0.15691317,0.15171376,0.14490639,0.13453426,0.12035576,0.10595863,0.09821678,0.10300071,0.12038954,0.14427464,0.16717042,0.18553045,0.20049739,0.21421690,0.22637343,0.23446946,0.23663501,0.23326546,0.22589124,0.21515070
0.05045632,0.05069037,0.05531087,0.06505725,0.07870988,0.09122051,0.09678591,0.09423798,0.08812765,0.08404397,0.08376259,0.08527676,0.08628616,0.08637353,0.08618519,0.08593778,0.08537721,0.08460600,0.08428573,0.08512045,0.08751293,0.09167340,0.09775082,0.10585649,0.11624993,0.12951843,0.14610818,0.16522144,0.18425607,0.19987178,0.21011432,0.21568489,0.21913294,0.22279890,0.22744065,0.23250162,0.23719662,0.24103741,0.24349688,0.24372595,0.24112184,0.23633697,0.23152551,0.22922550,0.23064714,0.23483284,0.23945590,0.24261966,0.24421074,0.24579940,0.24927226
0.04958231,0.05643854,0.06336510,0.07065786,0.07854775,0.08588866,0.09031130,0.08998878,0.08549031,0.07964041,0.07530859,0.07342019,0.07298758,0.07245587,0.07071973,0.06749028,0.06354953,0.06063070,0.06030219,0.06259045,0.06603982,0.06940526,0.07293776,0.07754645,0.08287770,0.08688812,0.08766919,0.08545068,0.08248565,0.08104843,0.08179267,0.08391757,0.08634091,0.08826124,0.08880197,0.08685221,0.08188452,0.07500656,0.06883829,0.06589468,0.06675370,0.06961342,0.07158606,0.07059150,0.06640494,0.06034974,0.05423188,0.04942486,0.04653886,0.04552733,0.04591784
0.15427686,0.14613990,0.13808825,0.12995133,0.12418699,0.12409598,0.13100509,0.14210459,0.15184703,0.15620933,0.15502566,0.15033403,0.14396277,0.13695350,0.12940611,0.11971115,0.10529486,0.08577797,0.06504903,0.04896783,0.04090096,0.04009946,0.04412852,0.05182262,0.06363300,0.07996715,0.09980146,0.12047598,0.13826775,0.14954957,0.15246812,0.14820452,0.14053592,0.13376457,0.13069290,0.13214003,0.13778603,0.14702938,0.15911530,0.17290535,0.18687036,0.19931825,0.20860938,0.21345661,0.21356150,0.21030182,0.20664135,0.20583285,0.20965420,0.21758311,0.22760971
0.14755096,0.13834267,0.14686463,0.16593288,0.18666265,0.20086685,0.20394323,0.19774899,0.18859350,0.18130482,0.17643768,0.17304800,0.17169947,0.17355347,0.17807262,0.18308613,0.18656635,0.18764709,0.18683050,0.18630423,0.18937229,0.19799183,0.21060179,0.22345791,0.23463023,0.24591927,0.26011740,0.27679664,0.29157614,0.29950561,0.29863037,0.29043075,0.27790194,0.26400975,0.25141518,0.24217588,0.23669293,0.23314683,0.22880205,0.22240943,0.21533199,0.21015919,0.20820128,0.20835192,0.20825456,0.20638154,0.20300187,0.19943045,0.19664186,0.19460689,0.19265143
0.17469448,0.18340184,0.19436923,0.20130579,0.19926754,0.18313191,0.14805684,0.10769209,0.09310289,0.11588453,0.15372768,0.18345975,0.20413648,0.22152241,0.23436570,0.24199095,0.24816605,0.25443028,0.25949570,0.26360838,0.26688712,0.26678007,0.26162668,0.25334851,0.24435377,0.23540505,0.22807576,0.22613289,0.23277063,0.24765759,0.26689164,0.28493148,0.29708251,0.30141834,0.29870550,0.29073106,0.27949888,0.26797764,0.26012102,0.25885663,0.26394742,0.27200441,0.27859259,0.28090720,0.27958427,0.27846659,0.28198847,0.29184136,0.30566569,0.31877250,0.32715013
0.27768427,0.26368956,0.24146425,0.22564402,0.22278188,0.22867575,0.23797864,0.25069701,0.26746312,0.28221899,0.28551518,0.27575133,0.26169798,0.25160345,0.24459699,0.23560028,0.22401897,0.21378103,0.20843786,0.21038794,0.22212831,0.24315222,0.26604655,0.28007101,0.28037175,0.27202895,0.26426995,0.26206362,0.26384470,0.26542370,0.26388305,0.25785124,0.24623932,0.22869933,0.20753525,0.18800754,0.17548892,0.17171211,0.17377900,0.17694876,0.17847661,0.17902413,0.18094576,0.18576928,0.19334692,0.20286878,0.21403772,0.22699742,0.24126087,0.25495677,0.26530298
0.11175187,0.13911545,0.16914290,0.19131548,0.20449712,0.21072158,0.20797063,0.19593787,0.18034953,0.16632668,0.15458220,0.14543308,0.13982692,0.13732637,0.13825294,0.14487329,0.15618098,0.16534902,0.16648198,0.16113755,0.15555958,0.15402165,0.15677966,0.16216707,0.16840081,0.17402766,0.17791737,0.17916575,0.17735853,0.17327617,0.16878731,0.16530844,0.16253933,0.15916783,0.15465521,0.15012070,0.14775735,0.14931273,0.15422944,0.15872451,0.15752061,0.14775228,0.13153347,0.11440045,0.10125551,0.09392043,0.09190002,0.09423648,0.10013095,0.10852232,0.11802306
0.29425262,0.29884055,0.29708659,0.28684432,0.27490148,0.27098336,0.28045318,0.30158449,0.32757416,0.34969420,0.35992718,0.35415474,0.33518080,0.31198879,0.29407264,0.28545807,0.28388397,0.28478075,0.28493323,0.28289856,0.27819601,0.27178689,0.26673429,0.26653925,0.27187233,0.27939321,0.28446134,0.28505024,0.28285802,0.28091555,0.28061743,0.28095055,0.27974412,0.27495840,0.26503220,0.24905836,0.22758634,0.20343750,0.18123795,0.16546937,0.15841638,0.15960784,0.16700424,0.17873610,0.19400182,0.21270440,0.23444418,0.25775988,0.28010515,0.29851979,0.31064135
0.13717973,0.13850835,0.13429838,0.12474284,0.11054629,0.09401770,0.07804380,0.06550022,0.06007325,0.06427466,0.07554810,0.08770043,0.09749088,0.10709977,0.11936969,0.13345193,0.14615029,0.15528367,0.16078276,0.16422231,0.16792626,0.17284435,0.17643063,0.17390644,0.16272705,0.14543275,0.12781126,0.11485564,0.10848831,0.10773872,0.10978864,0.11122961,0.10973548,0.10535998,0.10016327,0.09641812,0.09517174,0.09626730,0.09914796,0.10327173,0.10798178,0.11248499,0.11626189,0.11953174,0.12326744,0.12865234,0.13628046,0.14559707,0.15501949,0.16277129,0.16785006
0.18229367,0.17785205,0.16625649,0.15385549,0.14451571,0.13648116,0.12840385,0.12334989,0.12442318,0.13007345,0.13646470,0.14219368,0.14831871,0.15549800,0.16366267,0.17377652,0.18764522,0.20576628,0.22661803,0.24799842,0.26770226,0.28262129,0.28870462,0.28337657,0.26834848,0.24971805,0.23493426,0.22891440,0.23180082,0.23949992,0.24668106,0.25044412,0.25193672,0.25437200,0.25909998,0.26356102,0.26328733,0.25599593,0.24370197,0.23099331,0.22155675,0.21639268,0.21481567,0.21632829,0.22104732,0.22850334,0.23657323,0.24201008,0.24220974,0.23664777,0.22691011
0.07023550,0.09598760,0.12301463,0.13750855,0.13730173,0.12977144,0.12256243,0.11892252,0.11896229,0.12154873,0.12461277,0.12549765,0.12227882,0.11485999,0.10481511,0.09449853,0.08627829,0.08201804,0.08279510,0.08899142,0.10036446,0.11552729,0.13139897,0.14393520,0.15015902,0.14976530,0.14487252,0.13841835,0.13276525,0.12930265,0.12852776,0.12984764,0.13126474,0.12986961,0.12345535,0.11210675,0.09822289,0.08491425,0.07433681,0.06724109,0.06342210,0.06218234,0.06283803,0.06570449,0.07283931,0.08701781,0.10896893,0.13536752,0.16004475,0.17774404,0.18701941
0.12359890,0.11168039,0.10273759,0.09860939,0.09964972,0.10515833,0.11415666,0.12517312,0.13549646,0.14172055,0.14144285,0.13452283,0.12392661,0.11637068,0.12041001,0.14063254,0.17251975,0.20437625,0.22566872,0.23367471,0.23244057,0.22682726,0.21880567,0.20881181,0.19860399,0.19141086,0.18952362,0.19244550,0.19729272,0.20050065,0.19944616,0.19354799,0.18454729,0.17543888,0.16849924,0.16416806,0.16190205,0.16183086,0.16507131,0.17228172,0.18223422,0.19214431,0.19952474,0.20386666,0.20680475,0.21074766,0.21695998,0.22436469,0.22996755,0.23080315,0.22608312
0.04803274,0.04116474,0.03793819,0.03860976,0.04335463,0.05184267,0.06144203,0.06773109,0.06805599,0.06391212,0.05886997,0.05500294,0.05256275,0.05202120,0.05409537,0.05773663,0.06022568,0.06002491,0.05808415,0.05556272,0.05164967,0.04496400,0.03649363,0.02990318,0.02890285,0.03486880,0.04661424,0.06134732,0.07562014,0.08642086,0.09246436,0.09461210,0.09471509,0.09396218,0.09242263,0.08991664,0.08676237,0.08339532,0.07953799,0.07422390,0.06687744,0.05834219,0.05076907,0.04642666,0.04643747,0.05034697,0.05663794,0.06364056,0.07021177,0.07592471,0.08091667
0.16197713,0.15497658,0.15476711,0.15924462,0.16524543,0.17316739,0.18607368,0.20277730,0.21738980,0.22486747,0.22443305,0.21980251,0.21532786,0.21116075,0.20445504,0.19375056,0.18005556,0.16543489,0.15122019,0.13764109,0.12595614,0.11832519,0.11460239,0.11413767,0.12069470,0.13910535,0.16771406,0.19925999,0.22643079,0.24349564,0.24810003,0.24346711,0.23263002,0.21217202,0.18141394,0.15549063,0.15618730,0.18797531,0.23269208,0.26870078,0.28701177,0.28932988,0.28076060,0.26783603,0.25682273,0.24970362,0.24435753,0.23966701,0.23726686,0.23743231,0.23657455
0.16097675,0.15968389,0.16041274,0.16784464,0.18415851,0.20764658,0.23280437,0.25339820,0.26713943,0.27679406,0.28559125,0.29220665,0.29178245,0.28191510,0.26621108,0.25115229,0.24018050,0.23177642,0.22310912,0.21452696,0.20985668,0.21256871,0.22216757,0.23438829,0.24452815,0.25036610,0.25230676,0.25170706,0.24986958,0.24849606,0.24998090,0.25597887,0.26516219,0.27279710,0.27335361,0.26423874,0.24745593,0.22799689,0.21080115,0.19893897,0.19376587,0.19565314,0.20389522,0.21613161,0.22871277,0.23849438,0.24472359,0.24920058,0.25442370,0.26136314,0.26882753
0.16443035,0.17515334,0.19112482,0.20756610,0.21822408,0.21949063,0.21640399,0.21942699,0.23363929,0.25284475,0.26528392,0.26492695,0.25589452,0.24592809,0.23860761,0.23302191,0.22746033,0.22122283,0.21495247,0.21035253,0.20799827,0.20552570,0.19976999,0.19011068,0.17792565,0.16374604,0.14725302,0.12997423,0.11655870,0.11323612,0.12478219,0.15101184,0.18481463,0.21497693,0.23308073,0.23812872,0.23444263,0.22640668,0.21642315,0.20660801,0.19970520,0.19729394,0.19824141,0.19992530,0.20064018,0.20037918,0.19988001,0.19978812,0.20066953,0.20302543,0.20688304
0.24092298,0.22471400,0.20234042,0.18353650,0.17347240,0.16974479,0.16951440,0.17461577,0.18721503,0.20361178,0.21609801,0.22047150,0.21906645,0.21626068,0.21346965,0.20957423,0.20421330,0.19864361,0.19436926,0.19339201,0.19994713,0.21907253,0.25068944,0.28535999,0.30851611,0.31112946,0.29675548,0.27777048,0.26455322,0.25806985,0.25189332,0.23993103,0.22172127,0.20145578,0.18368107,0.17058949,0.16238664,0.15858261,0.15812641,0.15883568,0.15783336,0.15331541,0.14603835,0.13892935,0.13509503,0.13602138,0.14133511,0.14982802,0.16040435,0.17210271,0.18354851
0.12228405,0.10833741,0.09995440,0.09820541,0.10525650,0.12183494,0.14449395,0.16651059,0.18233886,0.19169057,0.19886918,0.20773485,0.21808636,0.22762593,0.23606992,0.24497534,0.25331241,0.25559705,0.24644591,0.22666312,0.20354501,0.18503621,0.17421844,0.16914679,0.16648725,0.16428993,0.16196130,0.15914231,0.15543131,0.15084617,0.14594890,0.14139291,0.13749957,0.13422379,0.13130577,0.12843924,0.12558388,0.12338094,0.12318318,0.12630563,0.13288927,0.14137890,0.14924350,0.15449635,0.15685517,0.15768574,0.15885193,0.16137335,0.16482032,0.16778057,0.16901548
0.12289195,0.10643467,0.09640391,0.09226990,0.09413953,0.10186732,0.11409913,0.12783224,0.13952720,0.14759918,0.15349647,0.15976989,0.16722823,0.17391999,0.17638200,0.17201956,0.16125142,0.14792015,0.13703068,0.13115830,0.12887052,0.12687605,0.12338729,0.11895031,0.11469097,0.11104621,0.10818829,0.10632409,0.10499755,0.10304055,0.09987727,0.09620757,0.09286555,0.08981752,0.08715529,0.08637317,0.08920198,0.09494248,0.10004713,0.10110911,0.09795953,0.09343764,0.09050990,0.09014992,0.09171698,0.09443315,0.09794971,0.10183659,0.10519127,0.10701701,0.10686613
0.09701340,0.08796523,0.08095750,0.08389970,0.09532971,0.11063865,0.12715658,0.14151058,0.14984718,0.15167516,0.14993448,0.14810042,0.14818200,0.15013943,0.15392077,0.16240483,0.17867174,0.19915702,0.21435913,0.21859582,0.21475572,0.20760318,0.19736539,0.18283557,0.16655119,0.15292135,0.14317591,0.13492534,0.12534474,0.11281919,0.09700715,0.07981257,0.06595231,0.06060538,0.06589640,0.07993337,0.09850130,0.11672874,0.13004028,0.13576252,0.13488545,0.13144599,0.12923371,0.12918350,0.13022947,0.13202702,0.13577070,0.14212329,0.14908690,0.15265914,0.14975978
0.12250209,0.13916659,0.15424339,0.16362564,0.16663081,0.16637036,0.16562229,0.16475319,0.16358725,0.16241049,0.16050625,0.15587583,0.14747387,0.13701280,0.12837045,0.12550206,0.13015462,0.14048337,0.15199248,0.16067044,0.16553452,0.16821859,0.17065647,0.17354065,0.17640899,0.17835739,0.17870334,0.17762450,0.17640344,0.17675290,0.17967290,0.18488661,0.19106536,0.19622610,0.19818308,0.19554635,0.18894344,0.18101921,0.17456679,0.17038813,0.16717581,0.16356160,0.15999786,0.15840376,0.16013935,0.16463732,0.17000871,0.17467817,0.17828853,0.18130887,0.18420937
0.19113980,0.17893899,0.16103180,0.14677505,0.14502330,0.15643967,0.17368034,0.18755635,0.19410071,0.19340839,0.18596802,0.17126314,0.14096391,0.09839277,0.06728522,0.05726313,0.05862122,0.06605128,0.07827742,0.09246475,0.10550590,0.11418756,0.11927757,0.12419351,0.12999377,0.13845880,0.15236665,0.17079697,0.19055690,0.20876927,0.22265388,0.23091028,0.23355443,0.22999148,0.22062825,0.20845209,0.19659558,0.18640824,0.17788870,0.16993506,0.16092785,0.14993400,0.13642971,0.11973288,0.10100454,0.08546466,0.07999101,0.08706927,0.10181552,0.11605596,0.12512340
0.16113737,0.17480754,0.17561834,0.16696093,0.15422238,0.14055466,0.12801264,0.11822503,0.11142902,0.10679407,0.10388379,0.10277652,0.10316087,0.10459503,0.10760898,0.11345378,0.12249606,0.13352287,0.14477520,0.15504171,0.16355783,0.16959153,0.17286605,0.17431344,0.17594871,0.17980039,0.18684857,0.19655145,0.20690048,0.21508350,0.21893393,0.21847545,0.21605674,0.21446517,0.21452637,0.21454459,0.21220589,0.20701949,0.20084823,0.19611955,0.19362283,0.19199921,0.18918062,0.18423439,0.17799082,0.17217891,0.16806232,0.16573347,0.16448765,0.16386326,0.16453834
0.21186157,0.21252952,0.21032155,0.20524943,0.19991590,0.19959496,0.20595572,0.21071158,0.20608527,0.19834901,0.19840055,0.20655710,0.21767051,0.22823563,0.23076688,0.21815710,0.19795948,0.18615102,0.18712052,0.19267042,0.19536575,0.19206630,0.18067525,0.16178682,0.13997381,0.12015144,0.10512471,0.09646803,0.09492176,0.09980261,0.10909283,0.12018317,0.13105313,0.14117777,0.15060323,0.15818926,0.16196660,0.16126362,0.15750782,0.15315127,0.15063336,0.15190745,0.15784207,0.16777688,0.17978520,0.19136393,0.20033459,0.20588328,0.20877792,0.21001286,0.20925443
0.09629802,0.10928975,0.12245045,0.13084110,0.13462274,0.13597143,0.13597557,0.13482370,0.13346166,0.13415196,0.13925368,0.14909485,0.16079272,0.16958874,0.17194033,0.16758586,0.15898826,0.14947359,0.14202991,0.13881282,0.14042047,0.14533692,0.15084394,0.15514354,0.15859486,0.16279268,0.16875954,0.17632628,0.18491137,0.19413421,0.20334380,0.21099796,0.21516453,0.21485996,0.21073548,0.20437542,0.19710368,0.18959172,0.18237914,0.17629902,0.17210817,0.16979939,0.16856506,0.16762925,0.16715072,0.16830858,0.17252643,0.18056319,0.19213702,0.20610620,0.22080139
0.30795001,0.31662857,0.31460675,0.30231682,0.28655337,0.27668816,0.27923513,0.29255881,0.30729947,0.31384496,0.30958281,0.29874715,0.28665422,0.27539132,0.26404773,0.25100691,0.23560689,0.21897415,0.20420946,0.19522305,0.19439157,0.20091409,0.21135894,0.22173180,0.22935349,0.23374852,0.23666635,0.24118140,0.24980655,0.26260956,0.27701965,0.28975039,0.29909520,0.30541182,0.30958694,0.31138010,0.30942898,0.30275174,0.29215923,0.28041133,0.27125571,0.26809455,0.27272139,0.28431873,0.29919111,0.31185198,0.31736395,0.31369717,0.30256206,0.28821776,0.27524477
0.09749171,0.10193923,0.10539746,0.10823291,0.11198101,0.11800702,0.12681860,0.13796907,0.14954011,0.15831864,0.16190247,0.16078929,0.15769177,0.15493639,0.15314991,0.15194511,0.15048269,0.14711038,0.13983309,0.12836622,0.11552362,0.10574857,0.10192665,0.10352717,0.10735895,0.10972938,0.10848776,0.10431944,0.10070356,0.10185585,0.10944469,0.12077668,0.13052634,0.13475288,0.13358377,0.13045833,0.12939394,0.13312366,0.14293840,0.15874453,0.17828844,0.19675030,0.20850571,0.21056382,0.20473091,0.19617928,0.18950056,0.18583924,0.18355736,0.18129707,0.18005977
0.23904502,0.25174465,0.25894047,0.25344425,0.23841057,0.22533577,0.22273131,0.22951560,0.23951927,0.24894732,0.25829530,0.26962342,0.28375584,0.29915025,0.31239592,0.32007704,0.32073095,0.31558347,0.30831345,0.30422260,0.30787738,0.31948661,0.33346557,0.34203438,0.34128710,0.33386626,0.32590583,0.32174301,0.32116696,0.32058689,0.31634355,0.30777747,0.29817326,0.29256519,0.29348801,0.29815846,0.30014526,0.29455559,0.28208568,0.26825654,0.25889859,0.25628777,0.25897209,0.26435603,0.27096062,0.27858707,0.28715065,0.29590171,0.30373186,0.30993764,0.31454870
0.18064807,0.17436994,0.16787844,0.17069192,0.18383703,0.19835091,0.20287967,0.19310930,0.17451563,0.15698837,0.14764406,0.14830473,0.15767703,0.17367412,0.19331833,0.21210912,0.22540945,0.23114835,0.23088633,0.22792075,0.22429017,0.21946075,0.21149955,0.19919045,0.18314326,0.16533720,0.14797073,0.13271112,0.12065906,0.11257401,0.10883204,0.10908713,0.11207263,0.11595469,0.11918737,0.12135865,0.12345455,0.12733887,0.13474338,0.14633443,0.16132455,0.17775569,0.19323269,0.20571794,0.21405265,0.21806784,0.21835692,0.21590197,0.21174873,0.20684768,0.20207449
0.13233250,0.11316066,0.09653028,0.08760500,0.08784000,0.09403722,0.10070889,0.10327460,0.09988318,0.09193442,0.08332165,0.07835779,0.07971359,0.08762675,0.10008859,0.11349529,0.12392894,0.12873038,0.12735227,0.12124014,0.11331894,0.10719517,0.10584438,0.11043115,0.12034164,0.13424887,0.15081331,0.16832856,0.18419252,0.19531236,0.19936816,0.19596220,0.18689092,0.17540561,0.16472940,0.15642972,0.14959355,0.14158100,0.13009815,0.11513966,0.09923391,0.08573332,0.07653751,0.07108353,0.06726306,0.06327452,0.05883403,0.05503747,0.05342571,0.05520068,0.06094342
0.15000552,0.14242657,0.13806933,0.13849358,0.14142401,0.14415369,0.14418159,0.13872594,0.12815548,0.11627411,0.10668310,0.10178347,0.10259028,0.10827274,0.11748652,0.12857255,0.13987949,0.15266687,0.16879727,0.18379134,0.18990050,0.18616198,0.17720455,0.16469754,0.14826064,0.13116278,0.11801048,0.10977424,0.10490199,0.10197152,0.09944203,0.09582854,0.09080983,0.08458317,0.07713098,0.06920921,0.06256105,0.05895768,0.06074060,0.07106205,0.09026094,0.11244201,0.12886227,0.13501688,0.13271295,0.12632972,0.11950277,0.11438289,0.11098422,0.10710260,0.10111245
0.14961349,0.12188524,0.11601594,0.13182081,0.15791960,0.18554891,0.20762844,0.21551962,0.20796786,0.19662607,0.19344268,0.19716925,0.19935771,0.19878966,0.20210112,0.21251648,0.22481074,0.23121971,0.22778394,0.21489919,0.19557305,0.17451038,0.15686033,0.14614003,0.14304757,0.14592357,0.15205563,0.15918520,0.16662916,0.17497184,0.18439232,0.19356209,0.20049872,0.20421877,0.20524457,0.20479672,0.20380806,0.20230332,0.19914862,0.19267696,0.18244877,0.17072282,0.16161414,0.15815195,0.16003489,0.16429105,0.16790962,0.16977764,0.17071186,0.17255570,0.17743166
0.17127003,0.18111207,0.17888160,0.16791612,0.15352493,0.14068953,0.13745859,0.14807438,0.16549274,0.18048911,0.19052549,0.19411259,0.18975738,0.18517077,0.19346953,0.21667138,0.24402162,0.26632759,0.28192004,0.29114440,0.29490112,0.29663157,0.29813070,0.29536449,0.28389075,0.26615055,0.24922091,0.23749815,0.23068551,0.22672039,0.22359469,0.21952594,0.21369787,0.20651609,0.19822740,0.18814109,0.17600837,0.16330105,0.15225979,0.14415460,0.13897208,0.13623465,0.13558767,0.13704894,0.14122577,0.14892377,0.15993295,0.17231924,0.18342718,0.19167608,0.19720672
0.15437651,0.14917542,0.14796338,0.14994504,0.15550144,0.16577162,0.18038956,0.19681386,0.21191128,0.22354661,0.23076895,0.23338311,0.23177533,0.22661825,0.21818454,0.20620400,0.19103825,0.17510280,0.16254536,0.15683944,0.15833549,0.16404355,0.16980927,0.17303942,0.17408787,0.17573103,0.18127478,0.19226292,0.20696626,0.22079277,0.22882669,0.22902240,0.22364802,0.21771331,0.21561756,0.21876650,0.22588510,0.23518793,0.24600259,0.25833161,0.27113622,0.28147253,0.28574162,0.28218854,0.27248407,0.26092160,0.25175019,0.24665932,0.24421984,0.24147605,0.23627897
0.07609131,0.07268937,0.07275347,0.07675606,0.08248210,0.08773307,0.09236191,0.09658262,0.09839367,0.09443874,0.08368672,0.06944046,0.05745215,0.05240601,0.05589539,0.06653183,0.08108663,0.09593308,0.10851606,0.11812605,0.12531002,0.13054433,0.13368159,0.13466983,0.13432741,0.13388687,0.13374295,0.13303987,0.13077422,0.12718310,0.12375070,0.12174039,0.12083385,0.11931372,0.11555438,0.10932484,0.10180574,0.09459890,0.08880740,0.08484916,0.08277611,0.08252947,0.08393661,0.08669230,0.09051851,0.09532753,0.10108093,0.10736115,0.11308447,0.11677767,0.11735623
0.07823886,0.07367365,0.07396985,0.07558616,0.07691533,0.07968017,0.08586411,0.09478591,0.10414946,0.11249750,0.11990652,0.12807267,0.14006181,0.15710477,0.17436900,0.18270205,0.17673155,0.15969573,0.13896095,0.11882039,0.09950960,0.08118876,0.06564549,0.05411286,0.04581926,0.03964847,0.03617199,0.03730857,0.04434043,0.05642659,0.07063263,0.08339828,0.09264492,0.09893980,0.10460698,0.11180258,0.12161644,0.13440242,0.14958982,0.16458028,0.17501673,0.17785501,0.17444626,0.16932366,0.16493230,0.15802939,0.14249484,0.11621560,0.08484543,0.05847476,0.04473648
0.11547451,0.11594281,0.12207165,0.13207422,0.14379590,0.15548428,0.16532790,0.17061170,0.16906602,0.16130258,0.15068293,0.14070008,0.13342371,0.12985852,0.12971248,0.13025652,0.12717433,0.11799805,0.10437826,0.09048622,0.07986378,0.07431222,0.07465824,0.08092704,0.09175625,0.10508792,0.12020224,0.13832530,0.16039252,0.18452557,0.20650565,0.22276251,0.23238359,0.23639393,0.23626681,0.23401706,0.23306074,0.23715714,0.24714377,0.25877119,0.26478020,0.26012602,0.24573470,0.22742037,0.21121520,0.19944299,0.19054933,0.18190268,0.17249023,0.16338763,0.15637354
0.22484241,0.23636464,0.24448969,0.24522709,0.23926054,0.23112490,0.22588441,0.22652836,0.23305939,0.24293203,0.25305403,0.26188506,0.26888257,0.27244654,0.27075622,0.26516175,0.26030129,0.25941169,0.26111214,0.26193799,0.26025413,0.25611347,0.24894182,0.23784440,0.22399159,0.21098211,0.20268616,0.20167736,0.20928430,0.22535754,0.24731708,0.27052292,0.29056040,0.30506725,0.31332407,0.31493944,0.30968786,0.29836848,0.28332521,0.26834974,0.25833589,0.25805699,0.26941174,0.28883784,0.30811181,0.31915813,0.31910105,0.31110643,0.30076606,0.29194535,0.28553052
0.29643180,0.30968089,0.32047628,0.32688787,0.32975983,0.33064190,0.32857642,0.32043470,0.30449550,0.28257626,0.25820626,0.23360948,0.20945888,0.18736596,0.17147044,0.16668824,0.17519123,0.19455258,0.21899673,0.24220933,0.25946617,0.26842610,0.26934109,0.26513208,0.26071798,0.26097316,0.26801865,0.27971890,0.29077301,0.29587501,0.29277424,0.28316549,0.27105562,0.26008795,0.25180232,0.24576562,0.24096923,0.23711347,0.23482236,0.23487779,0.23729578,0.24100162,0.24424317,0.24532748,0.24318148,0.23754600,0.22893661,0.21856590,0.20825066,0.20017007,0.19638322
0.28114637,0.28933672,0.29169088,0.29340448,0.29845122,0.30474539,0.30530244,0.29486691,0.27601431,0.25863499,0.25258566,0.25986562,0.27340248,0.28337097,0.28495992,0.28065513,0.27593754,0.27349141,0.27148091,0.26657520,0.25780771,0.24741375,0.23849010,0.23234629,0.22806482,0.22417619,0.22043076,0.21799384,0.21815440,0.22095358,0.22498403,0.22841985,0.23027984,0.23085001,0.23104550,0.23147902,0.23224636,0.23369682,0.23737286,0.24590626,0.26144183,0.28355079,0.30836274,0.32997814,0.34352856,0.34788031,0.34609443,0.34332906,0.34367769,0.34808758,0.35456159
0.31927515,0.29388948,0.28582983,0.29607623,0.31585184,0.33172482,0.33522841,0.32879557,0.32220191,0.32317355,0.33156551,0.34181135,0.34924685,0.35312331,0.35459819,0.35386673,0.35016658,0.34372417,0.33637525,0.32990627,0.32436085,0.31852060,0.31197242,0.30627605,0.30383758,0.30565413,0.31025388,0.31488967,0.31784367,0.31970578,0.32247582,0.32729880,0.33286449,0.33599003,0.33408245,0.32752735,0.31994907,0.31589496,0.31755929,0.32300399,0.32724859,0.32546119,0.31599138,0.30124905,0.28610019,0.27512951,0.27059812,0.27208414,0.27750969,0.28452639,0.29139570
0.21120168,0.21748099,0.23108980,0.24888277,0.26753339,0.28318368,0.29246575,0.29591677,0.29814004,0.30242846,0.30653002,0.30549313,0.29761030,0.28579197,0.27407937,0.26514612,0.26099506,0.26322595,0.27085111,0.27909997,0.28242078,0.27903320,0.27185588,0.26515902,0.26130537,0.26080522,0.26403591,0.27135280,0.28150547,0.29115632,0.29688206,0.29758531,0.29452760,0.28904628,0.28071550,0.26805332,0.25089813,0.23179679,0.21490874,0.20344767,0.19788792,0.19618274,0.19542458,0.19348478,0.18966791,0.18445344,0.17895272,0.17452851,0.17257026,0.17422570,0.18005615
0.24783209,0.25598806,0.26984032,0.28081292,0.28787848,0.29633149,0.30811508,0.31760085,0.31828350,0.31033809,0.29935117,0.28958740,0.28082725,0.27092935,0.25921512,0.24683338,0.23503552,0.22417194,0.21452868,0.20768620,0.20624995,0.21143566,0.22075936,0.22880877,0.23122821,0.22845381,0.22560343,0.22855250,0.23963349,0.25626954,0.27302341,0.28510433,0.29098195,0.29278149,0.29445918,0.29892187,0.30595271,0.31244819,0.31490797,0.31234589,0.30732336,0.30420020,0.30588343,0.31154048,0.31697072,0.31726332,0.30969303,0.29482227,0.27536742,0.25415729,0.23299707
0.08618065,0.08400562,0.08799970,0.09724418,0.11130905,0.12965743,0.14967440,0.16690768,0.17872022,0.18718432,0.19695570,0.21007330,0.22358994,0.23234224,0.23326382,0.22684755,0.21542382,0.20108663,0.18533611,0.16992108,0.15715542,0.14894496,0.14548189,0.14519512,0.14635848,0.14889482,0.15448723,0.16482679,0.17982429,0.19752248,0.21541834,0.23150936,0.24426045,0.25243365,0.25582148,0.25620136,0.25673450,0.25939290,0.26249400,0.26104034,0.25022352,0.22939731,0.20317735,0.17875152,0.16162365,0.15302258,0.15048768,0.15054457,0.15115154,0.15237138,0.15539835
0.12947825,0.12178207,0.11375294,0.10461531,0.08956420,0.07094549,0.05754323,0.05346744,0.05615077,0.06301086,0.07340859,0.08591356,0.09805276,0.10787742,0.11453663,0.11884990,0.12298760,0.12722983,0.12757761,0.11922347,0.10245949,0.08329407,0.06823347,0.05976592,0.05658022,0.05644802,0.05825614,0.06203883,0.06783425,0.07476736,0.08129405,0.08619215,0.08904956,0.08990824,0.08894710,0.08667337,0.08397345,0.08161920,0.07990341,0.07895066,0.07911993,0.08080673,0.08405138,0.08870491,0.09485334,0.10257911,0.11113935,0.11876203,0.12366495,0.12532888,0.12471293
0.17463978,0.18411291,0.19936819,0.21176578,0.21555183,0.21303370,0.21262248,0.22069635,0.23547355,0.24931147,0.25628101,0.25623606,0.25194496,0.24476180,0.23501048,0.22558733,0.22230860,0.22894655,0.24243946,0.25436288,0.25778124,0.25275423,0.24554515,0.24308419,0.24808170,0.25830171,0.26920747,0.27700809,0.28007537,0.27867390,0.27399496,0.26738395,0.26009432,0.25337042,0.24836385,0.24555259,0.24397157,0.24112908,0.23424049,0.22231305,0.20759090,0.19499554,0.18958182,0.19359813,0.20517190,0.21954181,0.23197366,0.24037448,0.24593609,0.25157593,0.25942620
0.12232334,0.12874062,0.13513701,0.14899473,0.16879801,0.18547020,0.19105775,0.17850897,0.14486905,0.10367957,0.08027071,0.08563616,0.10685383,0.12792782,0.14592155,0.16186263,0.17027747,0.16569139,0.15083090,0.13274826,0.11653220,0.10583732,0.10402985,0.11114583,0.12257418,0.13289616,0.13945053,0.14188057,0.14082045,0.13813941,0.13657368,0.13766490,0.14067813,0.14404223,0.14709180,0.14998891,0.15273249,0.15490418,0.15604133,0.15585955,0.15444668,0.15264119,0.15195152,0.15360366,0.15763399,0.16314850,0.16939998,0.17631682,0.18395321,0.19168018,0.19801232
0.11098619,0.11841694,0.13347579,0.15146142,0.16666565,0.17484652,0.17304424,0.16214242,0.14843348,0.13867943,0.13415433,0.13189038,0.12998916,0.12859078,0.12704534,0.12384537,0.11936822,0.11592130,0.11475987,0.11510548,0.11606059,0.11708773,0.11622767,0.11072173,0.10135877,0.09445332,0.09676578,0.10833576,0.12212843,0.13134616,0.13593768,0.14131419,0.15176623,0.16625562,0.18005905,0.18901007,0.19178406,0.18938059,0.18387620,0.17785546,0.17406226,0.17458851,0.17998997,0.18912115,0.19974486,0.20932463,0.21564520,0.21740402,0.21482562,0.20986773,0.20555669
0.09349191,0.07238654,0.06013926,0.05846900,0.06875312,0.09198601,0.12730846,0.17008303,0.21148415,0.24129331,0.25315690,0.24852398,0.23539467,0.22231116,0.21281845,0.20521777,0.19674554,0.18694133,0.17705075,0.16769225,0.15856596,0.15023262,0.14470673,0.14340448,0.14506741,0.14674513,0.14703825,0.14778614,0.15216795,0.16139163,0.17354083,0.18536400,0.19455582,0.20015027,0.20137427,0.19708057,0.18676464,0.17191438,0.15587478,0.14204784,0.13203976,0.12534531,0.12056106,0.11678410,0.11403561,0.11274811,0.11317743,0.11533884,0.11926403,0.12500620,0.13221114
0.16739570,0.14972509,0.13577560,0.13087066,0.13447953,0.14277609,0.15083120,0.15435196,0.15259730,0.14951553,0.14973544,0.15292407,0.15363074,0.14753166,0.13711801,0.13064703,0.13576017,0.15390134,0.17946262,0.20296112,0.21554690,0.21273687,0.19609576,0.17213484,0.14889400,0.13220867,0.12392937,0.12275684,0.12632623,0.13261034,0.13990930,0.14624209,0.14935088,0.14761226,0.14103584,0.13136970,0.12119881,0.11284756,0.10792344,0.10750818,0.11227893,0.12204250,0.13506057,0.14809844,0.15764270,0.16162163,0.16035223,0.15598879,0.15096948,0.14671202,0.14344081
0.10028403,0.10376080,0.10821141,0.11630706,0.13017358,0.14996472,0.17101599,0.18707367,0.19586785,0.19927734,0.20128690,0.20589992,0.21412286,0.22407204,0.23318046,0.23637364,0.22544509,0.19693334,0.15870722,0.12449504,0.10467850,0.10383143,0.12090639,0.14826711,0.17536159,0.19659469,0.21292488,0.22566674,0.23355245,0.23681995,0.23901329,0.24212984,0.24338994,0.23923222,0.23017464,0.22008759,0.21320628,0.21361975,0.22459854,0.24469264,0.26547422,0.27677857,0.27535770,0.26718053,0.26131873,0.26311048,0.27295733,0.28885101,0.30783706,0.32578583,0.33791549
0.06279018,0.08994642,0.11705826,0.14137830,0.16354724,0.18360307,0.20029562,0.21317945,0.22313223,0.23020475,0.23217129,0.22638098,0.21326370,0.19783233,0.18744641,0.18723677,0.19635187,0.20789862,0.21319619,0.20765865,0.19380611,0.17887146,0.16906344,0.16545767,0.16475285,0.16352743,0.16173723,0.16249633,0.16887907,0.18088762,0.19504250,0.20651747,0.21183097,0.21015970,0.20281491,0.19183714,0.17897299,0.16555188,0.15284855,0.14222169,0.13477261,0.13088188,0.13011755,0.13159490,0.13440426,0.13771109,0.14055289,0.14173695,0.14017565,0.13555014,0.12880480
0.22998706,0.23628586,0.23690119,0.22991018,0.21871525,0.20781489,0.19898617,0.19156600,0.18566542,0.18401448,0.18955176,0.20126170,0.21374655,0.22157044,0.22316926,0.22029782,0.21554791,0.21202575,0.21401617,0.22481331,0.24265216,0.26015470,0.26928974,0.26698913,0.25582580,0.24020370,0.22303789,0.20580025,0.19009847,0.17787005,0.17006944,0.16590665,0.16372587,0.16243748,0.16192730,0.16226535,0.16284973,0.16247059,0.16015629,0.15589210,0.15054280,0.14513817,0.14022774,0.13581289,0.13172401,0.12793273,0.12453464,0.12164009,0.11951467,0.11887294,0.12082516
0.16534746,0.15108359,0.13603718,0.12315863,0.11411007,0.10748073,0.10109942,0.09503629,0.09111226,0.09058590,0.09373968,0.10104563,0.11323070,0.12997242,0.14911827,0.16731759,0.18145460,0.19013304,0.19443155,0.19704265,0.20015645,0.20413256,0.20829136,0.21241392,0.21668526,0.22031137,0.22122921,0.21785120,0.21074728,0.20203945,0.19329349,0.18459113,0.17570891,0.16751926,0.16168643,0.15922221,0.15989907,0.16307754,0.16843157,0.17529172,0.18149712,0.18372792,0.17970204,0.17026711,0.15920813,0.15084551,0.14766102,0.14992674,0.15710316,0.16912694,0.18623574
0.28915976,0.30633730,0.32592675,0.34480702,0.36044731,0.37097358,0.37447758,0.36977104,0.35880874,0.34767473,0.34334169,0.34800307,0.35641520,0.35959073,0.35205325,0.33616297,0.31973532,0.30948053,0.30631968,0.30622813,0.30486620,0.30131476,0.29801411,0.29792657,0.30195358,0.30844180,0.31430119,0.31638034,0.31255883,0.30281513,0.29010929,0.28003877,0.27848083,0.28811528,0.30624282,0.32588321,0.33976289,0.34446474,0.34180582,0.33665754,0.33310173,0.33183849,0.33046794,0.32592891,0.31693083,0.30462328,0.29138522,0.27902473,0.26784777,0.25710651,0.24621087
0.29822564,0.29885255,0.28735033,0.27270283,0.26214038,0.25814254,0.25903016,0.26110213,0.26133564,0.25941779,0.25727329,0.25626580,0.25506739,0.25066711,0.24149115,0.22954897,0.21990403,0.21813175,0.22726009,0.24552256,0.26630654,0.28116790,0.28464034,0.27738042,0.26492730,0.25313439,0.24439858,0.23775623,0.23185376,0.22717782,0.22537959,0.22703956,0.23076375,0.23464872,0.23833526,0.24327958,0.25092579,0.26070903,0.26989063,0.27529630,0.27526650,0.27021184,0.26169713,0.25123667,0.23985755,0.22842603,0.21798298,0.20955784,0.20367255,0.20012476,0.19831453
0.21376143,0.20215001,0.19114675,0.17973471,0.17031514,0.16509899,0.16487679,0.16944576,0.17700175,0.18443832,0.19000342,0.19422392,0.19628864,0.19124757,0.17437836,0.14882874,0.12594266,0.11580864,0.11828504,0.12464740,0.12722597,0.12576493,0.12482522,0.12759231,0.13390640,0.14308547,0.15601382,0.17330971,0.19260240,0.20937135,0.22104307,0.22963528,0.23967585,0.25346175,0.26866207,0.28069783,0.28733389,0.29081717,0.29555625,0.30375766,0.31324326,0.31941895,0.31947562,0.31501683,0.31090090,0.31145010,0.31727680,0.32518030,0.33085725,0.33198657,0.32929194
0.17834260,0.18183768,0.19011405,0.19952994,0.20809532,0.21823347,0.23141417,0.24405728,0.25213504,0.25633426,0.25928886,0.26048430,0.25736789,0.24991929,0.24088023,0.23167531,0.22060457,0.20589127,0.18910874,0.17458593,0.16642152,0.16741746,0.17985467,0.20408475,0.23480387,0.26111082,0.27377224,0.27313171,0.26822588,0.26761896,0.27231518,0.27765820,0.27981909,0.27857492,0.27489476,0.26836180,0.25776897,0.24307567,0.22596502,0.20904992,0.19505999,0.18607364,0.18241973,0.18226335,0.18316084,0.18459893,0.18871670,0.19803765,0.21243328,0.22848066,0.24177411
0.08068034,0.08345549,0.08788182,0.09275629,0.09866894,0.10636242,0.11555368,0.12431274,0.12942037,0.12870342,0.12354026,0.11798609,0.11477086,0.11279813,0.10895695,0.10168199,0.09229499,0.08362818,0.07816053,0.07707404,0.08000715,0.08528508,0.09085005,0.09550627,0.09943044,0.10352339,0.10834704,0.11359200,0.11829615,0.12148939,0.12287988,0.12313267,0.12329498,0.12356356,0.12253217,0.11799998,0.10895100,0.09692925,0.08546251,0.07809114,0.07679617,0.08185883,0.09249843,0.10708881,0.12283657,0.13596228,0.14309767,0.14314598,0.13801719,0.13148753,0.12708031
0.30289690,0.28754385,0.27118470,0.24788513,0.22106817,0.20000965,0.18992813,0.18927854,0.19499926,0.20607074,0.22132823,0.23700785,0.24852216,0.25355076,0.25199493,0.24371410,0.22808560,0.20615949,0.18214143,0.16176489,0.14894500,0.14373688,0.14285206,0.14180445,0.13732398,0.12916853,0.12057928,0.11677487,0.12197114,0.13680153,0.15801380,0.18052881,0.20003212,0.21413771,0.22182431,0.22249109,0.21600229,0.20367629,0.18891154,0.17630325,0.16948772,0.16921900,0.17318057,0.17776563,0.18058066,0.18191041,0.18418920,0.18998597,0.20001452,0.21252767,0.22435746
0.19441431,0.18819065,0.17477048,0.15668575,0.14042727,0.12642940,0.11053052,0.09294723,0.07923694,0.07278970,0.07125565,0.07088905,0.07071717,0.07128588,0.07210223,0.07226194,0.07229741,0.07363762,0.07652547,0.07962706,0.08170923,0.08282170,0.08353055,0.08357299,0.08182750,0.07760806,0.07175889,0.06640309,0.06361965,0.06424199,0.06772176,0.07296625,0.07919686,0.08600499,0.09277827,0.09843036,0.10197976,0.10341737,0.10382506,0.10448615,0.10586953,0.10753812,0.10903852,0.11079661,0.11406042,0.11989202,0.12808807,0.13692880,0.14395908,0.14727508,0.14652399
0.07757232,0.06600396,0.06062087,0.06188028,0.06792491,0.07766950,0.08947483,0.09986203,0.10638149,0.11030016,0.11425518,0.11805611,0.11859539,0.11361305,0.10414359,0.09314310,0.08276683,0.07353733,0.06569492,0.06053885,0.05984954,0.06386067,0.07025923,0.07592518,0.07994355,0.08447340,0.09215032,0.10271916,0.11266347,0.11829055,0.11897878,0.11739141,0.11689614,0.11902294,0.12301516,0.12701669,0.12926358,0.12855886,0.12450721,0.11790353,0.11080869,0.10570569,0.10406837,0.10551516,0.10833210,0.11087866,0.11261491,0.11399843,0.11564959,0.11773193,0.12000470
0.08251268,0.07497567,0.07215581,0.07891591,0.09613065,0.12093214,0.14738943,0.16935621,0.18352945,0.18889090,0.18530009,0.17325800,0.15332934,0.12832255,0.10801187,0.10519092,0.12188754,0.14498803,0.15989355,0.16301223,0.15808318,0.14800786,0.13540663,0.12543382,0.12246516,0.12636517,0.13460709,0.14552114,0.15763212,0.16829995,0.17514964,0.17788622,0.17784077,0.17652256,0.17477023,0.17227960,0.16781402,0.16087603,0.15341392,0.14903853,0.15009273,0.15573612,0.16289225,0.16871596,0.17228189,0.17451402,0.17677509,0.17932244,0.18104020,0.18083541,0.17927172
0.22013966,0.19642676,0.17524902,0.16366206,0.16006023,0.15827255,0.15514164,0.15208769,0.15270565,0.16035089,0.17551122,0.19398168,0.20873045,0.21473601,0.21195969,0.20358999,0.19262467,0.18127356,0.17210528,0.16659024,0.16220959,0.15411018,0.14121000,0.12866863,0.12292386,0.12608681,0.13653793,0.15276086,0.17388653,0.19732232,0.21858744,0.23414167,0.24309132,0.24589794,0.24277304,0.23405491,0.22134811,0.20745032,0.19529073,0.18721367,0.18491053,0.18945842,0.20119925,0.21940739,0.24164763,0.26336648,0.27899024,0.28479646,0.28149728,0.27390066,0.26763769
0.04713049,0.04451374,0.03906506,0.03289735,0.02969253,0.03253668,0.04202068,0.05495185,0.06569252,0.07099607,0.07361521,0.07943434,0.09084769,0.10423160,0.11410986,0.11874584,0.12104412,0.12431184,0.12801911,0.12861209,0.12430994,0.11759286,0.11209173,0.10827176,0.10372464,0.09711773,0.09008523,0.08501670,0.08242235,0.08120001,0.08055145,0.08056244,0.08105039,0.08072397,0.07799686,0.07255808,0.06587646,0.05998097,0.05572886,0.05240812,0.04913939,0.04650625,0.04648960,0.05066951,0.05861202,0.06807031,0.07656606,0.08262514,0.08574077,0.08570856,0.08239631
0.18002035,0.17126804,0.17239449,0.18360238,0.19834290,0.20946523,0.21295040,0.20792611,0.19626005,0.18261596,0.17270250,0.16963721,0.17197736,0.17566084,0.17751884,0.17670333,0.17361116,0.16867292,0.16239926,0.15577776,0.14993565,0.14544255,0.14210198,0.13918373,0.13563484,0.13050142,0.12403245,0.11878611,0.11909688,0.12840162,0.14635117,0.16843382,0.18868720,0.20314442,0.21114311,0.21399389,0.21303856,0.20914747,0.20353851,0.19814492,0.19446804,0.19194411,0.18782696,0.17927008,0.16604729,0.15151217,0.14081808,0.13772885,0.14243088,0.15178626,0.16149101
0.10732564,0.11676890,0.13150466,0.14311933,0.14767256,0.14930775,0.15203134,0.15462837,0.15611516,0.15911986,0.16422551,0.16667900,0.16229178,0.15228529,0.13984385,0.12636070,0.11381544,0.10684653,0.10908373,0.11961515,0.13509247,0.15281033,0.16958347,0.18029413,0.18113581,0.17381964,0.16415812,0.15651191,0.15122928,0.14711158,0.14412665,0.14294831,0.14339077,0.14450865,0.14551992,0.14561179,0.14334985,0.13762470,0.12956757,0.12271745,0.12049954,0.12342929,0.12886769,0.13328261,0.13456777,0.13258051,0.12826454,0.12275941,0.11713944,0.11239922,0.10924492
0.11520758,0.13151725,0.14687439,0.15711049,0.16162446,0.15986253,0.14835016,0.12716513,0.10518923,0.09304870,0.09369975,0.10295015,0.11513078,0.12546733,0.13052038,0.12948309,0.12433010,0.11824188,0.11450124,0.11584311,0.12327577,0.13587127,0.15220105,0.17078441,0.18859391,0.20094406,0.20448222,0.19972743,0.18989198,0.17802792,0.16609974,0.15579738,0.14864692,0.14509970,0.14423914,0.14459029,0.14494544,0.14457086,0.14315033,0.14068854,0.13729549,0.13321297,0.12947717,0.12850797,0.13331676,0.14538594,0.16310155,0.18236288,0.19879918,0.20959803,0.21382707
0.27637784,0.29750607,0.31668054,0.32622132,0.32914359,0.33376142,0.34392769,0.35678601,0.36863564,0.37892848,0.38675102,0.38638733,0.37076938,0.34030586,0.30570919,0.27992001,0.26769820,0.26404928,0.26158748,0.25723040,0.25178565,0.24572324,0.23760315,0.22622054,0.21262144,0.19956172,0.18975946,0.18479728,0.18461079,0.18719584,0.18948083,0.18983594,0.19008246,0.19412345,0.20367270,0.21537167,0.22274997,0.22140550,0.21226019,0.19986806,0.18797122,0.17693586,0.16507487,0.15163056,0.13800189,0.12631994,0.11737824,0.11015888,0.10311249,0.09559695,0.08813175
0.19885735,0.18361441,0.16128602,0.14019709,0.12594265,0.11873665,0.11563765,0.11363901,0.11039522,0.10417832,0.09509320,0.08607784,0.08171296,0.08575101,0.09923639,0.11961602,0.14104043,0.15673952,0.16272117,0.15965152,0.15109392,0.14030326,0.12886225,0.11741484,0.10650455,0.09684705,0.08996040,0.08887611,0.09709466,0.11556673,0.14058720,0.16538223,0.18432204,0.19581243,0.20152161,0.20352191,0.20256241,0.19875076,0.19320015,0.18855563,0.18775643,0.19206010,0.19991355,0.20763063,0.21156706,0.21032232,0.20532507,0.19936402,0.19435513,0.19026817,0.18596145
0.21770863,0.21108219,0.19076948,0.16994888,0.16214371,0.16771364,0.18019551,0.19417449,0.20481248,0.20783719,0.20299089,0.19412398,0.18567300,0.18141010,0.18499181,0.19787294,0.21659504,0.23474772,0.24818321,0.25717053,0.26377223,0.26852671,0.26969867,0.26472991,0.25252963,0.23550375,0.21956373,0.21100665,0.21232001,0.22076219,0.23087358,0.23803665,0.23989854,0.23568911,0.22561514,0.21130854,0.19618530,0.18448852,0.17942367,0.18183170,0.19026495,0.20211895,0.21487238,0.22672547,0.23654088,0.24351119,0.24708966,0.24732997,0.24521443,0.24242300,0.24053127
0.16311386,0.15166452,0.14620995,0.14569340,0.14593808,0.14289406,0.13435033,0.12600110,0.12668855,0.13688187,0.15126951,0.16492532,0.17465870,0.18089863,0.18092177,0.16626468,0.14159686,0.12777727,0.13259267,0.14180595,0.14352989,0.13828918,0.12827515,0.11479517,0.10135622,0.09046642,0.08213833,0.07660745,0.07433653,0.07490735,0.07782053,0.08252874,0.08796906,0.09347003,0.09892762,0.10370097,0.10692869,0.10887233,0.11075167,0.11356631,0.11757192,0.12220187,0.12611293,0.12782475,0.12662000,0.12287707,0.11783122,0.11307437,0.10983170,0.10836418,0.10805586
0.13641419,0.12700342,0.12471990,0.13020510,0.13960277,0.14873409,0.15596502,0.16141411,0.16373323,0.15922216,0.14577614,0.12697070,0.11011308,0.09986776,0.09501708,0.09152052,0.08725814,0.08324588,0.08153939,0.08312114,0.08731399,0.09208167,0.09469606,0.09288437,0.08606817,0.07573764,0.06459148,0.05512791,0.04866114,0.04519573,0.04395014,0.04402990,0.04483183,0.04608622,0.04774026,0.04987300,0.05260438,0.05591654,0.05952620,0.06301433,0.06610509,0.06872915,0.07079658,0.07211748,0.07282835,0.07391648,0.07696742,0.08293027,0.09092932,0.09846207,0.10311261
0.14328252,0.14504753,0.15176730,0.15658993,0.15211402,0.14208754,0.13660002,0.13725865,0.13868140,0.13909536,0.13896217,0.13643850,0.13233833,0.13219582,0.13823691,0.14582250,0.15012121,0.15083903,0.15004394,0.14958921,0.15031590,0.15170385,0.15351699,0.15762001,0.16529244,0.17352393,0.17750875,0.17590829,0.17049994,0.16255911,0.15323659,0.14506825,0.13851327,0.12904787,0.11314377,0.09645483,0.09070408,0.10154321,0.12339492,0.14691547,0.16733817,0.18386567,0.19518591,0.19975285,0.19921756,0.19807788,0.19946809,0.20311191,0.20752292,0.21230657,0.21754062
0.11882205,0.11398163,0.11055554,0.10835900,0.10602816,0.10303712,0.10206312,0.10663911,0.11689078,0.12930730,0.13953843,0.14456020,0.14458025,0.14402556,0.14785984,0.15546501,0.16082691,0.16018285,0.15675500,0.15624158,0.16025513,0.16641461,0.17269858,0.17864435,0.18292553,0.18254456,0.17530875,0.16210369,0.14641317,0.13224898,0.12244796,0.11790113,0.11771908,0.12027439,0.12433056,0.12929798,0.13491382,0.14137938,0.14977020,0.16142157,0.17626085,0.19202549,0.20567604,0.21556826,0.22197166,0.22578840,0.22758716,0.22812736,0.22894934,0.23130314,0.23425495
0.15598928,0.15012218,0.14621400,0.14013163,0.13929465,0.15237767,0.17816656,0.20954565,0.23919907,0.25846404,0.26087948,0.24999902,0.23684934,0.22904378,0.22671316,0.22691991,0.22749127,0.22766330,0.22749648,0.22647362,0.22360557,0.22069801,0.22322740,0.23429274,0.24907846,0.25917283,0.26182354,0.26163117,0.26352194,0.26744154,0.27044609,0.27113663,0.27066861,0.27100791,0.27338761,0.27745126,0.28076593,0.27968898,0.27187513,0.25834708,0.24298019,0.22989816,0.22116975,0.21648785,0.21466784,0.21553794,0.22053073,0.23120287,0.24682630,0.26346523,0.27580380
0.23543872,0.24662783,0.25440892,0.25532118,0.25182569,0.24671212,0.23769697,0.22242680,0.20274839,0.18221002,0.16430458,0.15068537,0.14047207,0.13844813,0.15854442,0.20557286,0.25992153,0.29563705,0.30740042,0.30686691,0.30144970,0.29056593,0.27567536,0.26129402,0.24938687,0.24028188,0.23531369,0.23317476,0.22766340,0.21405217,0.19524192,0.17814547,0.16595953,0.15671680,0.14778055,0.13894187,0.13153718,0.12667655,0.12474614,0.12545740,0.12775928,0.13010551,0.13120466,0.13050817,0.12804226,0.12408070,0.11911746,0.11389272,0.10914541,0.10540027,0.10324505
0.05601517,0.05837927,0.06249251,0.06797333,0.07364099,0.07821012,0.08090902,0.08149784,0.08001478,0.07688858,0.07332522,0.07107925,0.07118417,0.07269233,0.07305338,0.07026301,0.06480023,0.05926312,0.05596215,0.05495434,0.05449361,0.05319999,0.05149260,0.05089256,0.05225668,0.05498919,0.05789424,0.06043623,0.06294601,0.06574521,0.06839338,0.06993859,0.06978124,0.06812314,0.06558969,0.06259185,0.05917338,0.05539454,0.05166906,0.04862537,0.04671769,0.04611623,0.04700464,0.04982778,0.05500204,0.06220712,0.06995710,0.07603384,0.07861506,0.07726977,0.07306736
0.19416396,0.18475501,0.17732624,0.17703337,0.18632732,0.20242193,0.22035825,0.23766735,0.25489233,0.27183193,0.28508229,0.29055492,0.28758938,0.27910114,0.26806092,0.25561742,0.24291400,0.23260519,0.22676976,0.22394740,0.21983699,0.21120255,0.19840918,0.18432227,0.17184148,0.16275807,0.15772433,0.15601817,0.15544176,0.15344999,0.14888074,0.14237019,0.13503107,0.12718336,0.11861285,0.10951393,0.10037554,0.09086156,0.07956978,0.06569185,0.05102765,0.03988886,0.03647549,0.04199054,0.05404393,0.06860791,0.08251553,0.09447517,0.10440750,0.11243395,0.11866498
0.18394094,0.18591858,0.18279780,0.17465845,0.16336981,0.14955785,0.13301458,0.11490837,0.09864039,0.08834162,0.08643310,0.09218002,0.10212126,0.11195434,0.11869927,0.12194470,0.12359580,0.12643473,0.13244406,0.14188895,0.15363434,0.16635044,0.17955611,0.19345949,0.20759917,0.21968114,0.22625839,0.22529949,0.21855537,0.21128163,0.20903425,0.21395879,0.22352936,0.23255179,0.23660460,0.23438408,0.22785124,0.22083611,0.21727401,0.21971718,0.22834371,0.24082517,0.25344196,0.26313349,0.26921876,0.27345112,0.27826171,0.28453832,0.29068977,0.29367130,0.29108015
0.10520431,0.11928663,0.13469885,0.14383682,0.14508216,0.14217298,0.13777602,0.13183754,0.12483274,0.11883549,0.11529254,0.11400174,0.11452009,0.11706157,0.12150529,0.12629966,0.12905830,0.12861232,0.12673567,0.12760423,0.13474106,0.14785685,0.16260507,0.17349574,0.17719093,0.17368517,0.16543276,0.15580270,0.14760059,0.14190142,0.13783927,0.13378994,0.12904295,0.12436379,0.12101871,0.11947924,0.11913070,0.11902052,0.11874084,0.11874836,0.12002470,0.12326974,0.12803262,0.13250235,0.13449849,0.13314577,0.12973458,0.12674242,0.12577401,0.12638455,0.12690799
0.13565322,0.11025818,0.08438591,0.06506049,0.05308695,0.04671453,0.04397746,0.04286177,0.04160195,0.03952913,0.03731669,0.03607612,0.03614751,0.03706065,0.03879825,0.04248358,0.04924683,0.05876487,0.06930580,0.07855079,0.08377759,0.08228633,0.07336655,0.06007111,0.04789021,0.04100315,0.04000023,0.04293185,0.04749562,0.05189049,0.05470324,0.05523853,0.05403077,0.05243484,0.05160288,0.05213237,0.05448877,0.05905110,0.06542958,0.07217887,0.07768429,0.08129327,0.08332414,0.08410005,0.08341829,0.08112637,0.07789023,0.07501850,0.07350895,0.07344160,0.07428443
0.07821413,0.08653924,0.09142295,0.09500085,0.09592794,0.09336311,0.08980473,0.08672859,0.08445867,0.08416359,0.08473590,0.08337440,0.08127194,0.08180651,0.08374512,0.08241940,0.07589714,0.06623871,0.05699310,0.05123668,0.05025451,0.05378798,0.06165693,0.07303981,0.08414226,0.08985261,0.08856261,0.08313221,0.07707471,0.07189309,0.06781521,0.06483332,0.06268180,0.06113373,0.06050425,0.06114382,0.06259536,0.06380872,0.06398996,0.06295860,0.06115528,0.05979195,0.06066696,0.06522187,0.07355684,0.08424108,0.09479240,0.10242179,0.10508180,0.10256610,0.09664457
0.08335612,0.09115933,0.09899157,0.10136074,0.09646450,0.08679359,0.07658176,0.06883934,0.06409381,0.06095797,0.05753193,0.05266524,0.04648163,0.04004434,0.03458349,0.03090670,0.02924852,0.02938903,0.03090052,0.03356586,0.03778954,0.04443966,0.05384871,0.06470668,0.07412692,0.07927815,0.07935216,0.07607330,0.07223886,0.06963416,0.06815113,0.06662296,0.06426041,0.06128510,0.05844811,0.05623286,0.05457385,0.05314387,0.05170995,0.05023419,0.04884958,0.04792929,0.04817046,0.05043355,0.05530454,0.06269499,0.07181171,0.08148118,0.09051406,0.09786776,0.10267301
0.11344833,0.10845379,0.10420935,0.10240001,0.10212299,0.10143147,0.10022811,0.09989006,0.10136564,0.10448090,0.10782592,0.10913889,0.10692011,0.10153694,0.09422056,0.08583780,0.07727379,0.07002544,0.06553932,0.06431295,0.06586731,0.06909432,0.07250994,0.07473212,0.07510514,0.07389819,0.07200003,0.07041580,0.06970206,0.06965934,0.06977600,0.07003121,0.07083144,0.07190250,0.07169786,0.06848208,0.06199223,0.05373401,0.04572702,0.03928180,0.03488566,0.03266101,0.03248326,0.03378096,0.03559991,0.03704402,0.03767922,0.03763846,0.03752467,0.03818821,0.04030879
0.14785677,0.14906256,0.15709536,0.17082429,0.18923585,0.20993274,0.22919365,0.24541076,0.26102060,0.27873818,0.29610101,0.30598555,0.30372113,0.29275389,0.28210015,0.27841484,0.28126224,0.28564528,0.28756312,0.28631704,0.28259041,0.27642043,0.26816638,0.26081345,0.25983228,0.26967607,0.29004703,0.31557930,0.33926214,0.35654128,0.36688028,0.37224528,0.37453114,0.37418543,0.37061349,0.36332084,0.35252471,0.33889731,0.32303203,0.30533837,0.28647943,0.26784371,0.25145222,0.23918235,0.23181632,0.22866410,0.22813223,0.22886562,0.23057068,0.23381113,0.23888747
0.18176231,0.16117773,0.13885395,0.11890186,0.10536254,0.10037935,0.10217493,0.10878490,0.12044353,0.13414894,0.14035521,0.13170423,0.11339155,0.09896396,0.09588592,0.09985717,0.10349559,0.10560538,0.10969153,0.11695333,0.12431328,0.12827404,0.12787434,0.12375950,0.11650287,0.10680560,0.09625508,0.08680681,0.07971234,0.07544993,0.07441835,0.07702868,0.08298524,0.09091383,0.09905810,0.10635764,0.11280104,0.11883645,0.12456022,0.12944526,0.13275466,0.13421277,0.13435541,0.13426884,0.13494830,0.13685232,0.14001877,0.14448164,0.15036777,0.15745243,0.16471931
0.10087287,0.10036718,0.10181391,0.10434579,0.10705880,0.10825874,0.10548524,0.09879088,0.09217094,0.08930324,0.09023323,0.09514222,0.10818007,0.13206064,0.15933599,0.17447321,0.16714449,0.14142759,0.11078961,0.08622456,0.07058892,0.06179160,0.05777164,0.05785381,0.06152388,0.06755226,0.07413223,0.07937820,0.08201709,0.08211365,0.08107538,0.08064078,0.08178514,0.08455191,0.08855152,0.09319051,0.09750584,0.10032535,0.10097609,0.09975489,0.09750206,0.09476750,0.09156891,0.08789768,0.08416142,0.08100339,0.07895400,0.07861471,0.08114597,0.08805157,0.09986994
0.12049047,0.12068739,0.13647964,0.15900675,0.17278216,0.16786832,0.15151076,0.14190645,0.14919892,0.16744348,0.18547207,0.19940779,0.21172790,0.22276093,0.22814074,0.22411475,0.21208573,0.19682756,0.18163540,0.16639756,0.14992766,0.13296814,0.11844452,0.10924985,0.10614353,0.10742513,0.11020258,0.11233221,0.11390767,0.11701676,0.12350610,0.13267651,0.14145272,0.14698364,0.14868912,0.14748960,0.14362211,0.13619463,0.12512465,0.11278707,0.10299231,0.09829649,0.09862634,0.10243250,0.10861451,0.11699109,0.12728420,0.13839106,0.14903864,0.15896081,0.16905283
0.08901958,0.07994691,0.07307473,0.06672612,0.05970164,0.05209492,0.04444238,0.03774523,0.03399266,0.03474411,0.03904904,0.04418559,0.04860892,0.05314248,0.05942197,0.06837232,0.08010956,0.09382078,0.10729188,0.11796736,0.12550203,0.13233366,0.14040291,0.14768619,0.14953181,0.14403272,0.13518553,0.12983133,0.13161171,0.13838260,0.14525205,0.14937618,0.15169858,0.15488867,0.16042649,0.16756942,0.17435467,0.17914323,0.18150489,0.18218536,0.18238953,0.18283026,0.18323334,0.18284839,0.18165460,0.18106877,0.18319567,0.18905436,0.19739027,0.20530686,0.21029426
0.16569356,0.15230833,0.14165879,0.13814826,0.14229915,0.15036792,0.15744285,0.16005045,0.15609639,0.14474287,0.12823351,0.11266258,0.10419985,0.10337155,0.10390040,0.09804597,0.08304618,0.06250663,0.04265034,0.02814647,0.02081982,0.02038877,0.02509087,0.03198423,0.03805339,0.04207638,0.04558358,0.05165968,0.06238839,0.07702951,0.09229720,0.10436031,0.11106354,0.11299207,0.11289691,0.11396749,0.11804835,0.12488718,0.13280714,0.14020140,0.14669149,0.15315373,0.16078547,0.17009871,0.18061572,0.19133086,0.20141626,0.21064447,0.21939905,0.22845405,0.23868662
0.39875103,0.38429506,0.35445197,0.31846652,0.28859975,0.26904718,0.25489611,0.24073549,0.22747915,0.22029100,0.22196220,0.22996136,0.23929662,0.24669798,0.25169290,0.25471560,0.25529111,0.25227239,0.24552076,0.23717112,0.23120887,0.23144262,0.23912055,0.25185680,0.26484888,0.27377843,0.27740945,0.27800514,0.27936090,0.28408567,0.29216108,0.30154021,0.30988962,0.31596222,0.31978830,0.32198890,0.32304449,0.32307931,0.32215368,0.32072080,0.31989177,0.32127230,0.32629207,0.33521563,0.34637816,0.35633742,0.36125413,0.35897901,0.35061358,0.34038042,0.33361205
0.04146460,0.04082850,0.04534618,0.05401452,0.06435567,0.07279274,0.07643019,0.07508818,0.07132174,0.06811323,0.06661124,0.06617806,0.06624087,0.06748115,0.07096809,0.07640615,0.08166601,0.08426638,0.08335855,0.08031855,0.07753212,0.07666145,0.07792669,0.08071008,0.08451216,0.08920922,0.09454861,0.09968821,0.10344490,0.10504943,0.10462488,0.10290824,0.10051868,0.09748939,0.09345245,0.08821827,0.08218511,0.07626167,0.07143884,0.06836320,0.06714858,0.06744262,0.06865998,0.07029204,0.07218592,0.07463509,0.07816131,0.08306129,0.08901852,0.09511249,0.10030278
0.08572067,0.08501941,0.08568154,0.08861605,0.09374433,0.09951014,0.10410925,0.10840597,0.11478983,0.12146123,0.12160257,0.11094821,0.09325236,0.07606190,0.06385204,0.05704487,0.05465954,0.05535075,0.05745526,0.05995957,0.06290370,0.06627458,0.06932486,0.07134258,0.07240175,0.07310868,0.07401228,0.07523819,0.07634493,0.07663070,0.07581666,0.07419703,0.07185613,0.06804416,0.06179282,0.05315691,0.04359686,0.03510158,0.02902915,0.02567569,0.02463217,0.02530658,0.02711012,0.02936541,0.03132519,0.03245239,0.03265689,0.03216749,0.03119355,0.02981268,0.02818304
0.12545578,0.12417903,0.12513962,0.13127055,0.14489267,0.16454366,0.18494797,0.20065615,0.20949980,0.21246613,0.21145766,0.20836049,0.20539118,0.20408655,0.20303473,0.19784832,0.18486090,0.16502167,0.14377665,0.12745084,0.12025779,0.12409757,0.13928947,0.16404746,0.19363367,0.22161447,0.24316630,0.25742967,0.26661647,0.27308708,0.27752540,0.27955066,0.27918487,0.27711765,0.27380939,0.26913861,0.26342796,0.25856795,0.25741259,0.26145799,0.26894802,0.27550571,0.27709454,0.27289328,0.26570410,0.25968319,0.25738171,0.25840418,0.26041149,0.26130776,0.26080721
0.24774455,0.24307042,0.24410886,0.25390773,0.26932134,0.28226279,0.28801345,0.28994056,0.29491072,0.30517004,0.31599928,0.32119556,0.31992783,0.31777959,0.32128626,0.33160683,0.34326245,0.34869948,0.34417095,0.33184237,0.31707573,0.30419947,0.29462589,0.28803999,0.28430883,0.28383216,0.28652883,0.29130182,0.29687573,0.30287678,0.30959065,0.31652208,0.32157535,0.32223727,0.31793404,0.31118468,0.30605496,0.30493141,0.30631198,0.30554984,0.29805285,0.28253865,0.26208690,0.24252096,0.22945876,0.22590174,0.23146191,0.24316222,0.25703217,0.26965500,0.27910980
0.11152773,0.11115982,0.11002501,0.11168312,0.11976986,0.13387190,0.14968202,0.16317549,0.17362586,0.18208266,0.18835171,0.19099767,0.18954549,0.18494558,0.17808647,0.16948457,0.16045793,0.15269341,0.14574529,0.13640319,0.12209523,0.10453162,0.08876488,0.07869688,0.07457724,0.07508871,0.08062230,0.09330450,0.11391408,0.13960314,0.16500228,0.18537749,0.19884825,0.20631999,0.20999059,0.21179483,0.21240398,0.21088788,0.20518763,0.19339989,0.17525976,0.15280959,0.12971062,0.10968922,0.09524292,0.08738015,0.08621268,0.09156498,0.10295833,0.11909381,0.13753300
0.12490678,0.12258937,0.11925463,0.11040106,0.09908869,0.09132751,0.08859254,0.08802913,0.08795607,0.08944731,0.09321505,0.09868739,0.10683213,0.12059861,0.14044546,0.16122665,0.17597926,0.18249192,0.18438708,0.18573570,0.18632819,0.18290865,0.17365173,0.16003622,0.14486116,0.12999949,0.11653819,0.10594214,0.09979175,0.09826074,0.09952862,0.10107824,0.10143146,0.10059582,0.09932152,0.09852269,0.09943527,0.10367268,0.11232693,0.12462689,0.13758626,0.14734525,0.15131356,0.14946076,0.14387139,0.13711320,0.13073335,0.12481901,0.11861284,0.11150577,0.10370388
0.17586214,0.16355632,0.16459872,0.17740252,0.20095476,0.23076273,0.25575292,0.26686853,0.26663501,0.26500439,0.26719823,0.26993287,0.26844506,0.26235676,0.25365691,0.24274337,0.22899758,0.21341622,0.19809405,0.18363699,0.16927188,0.15579858,0.14678730,0.14612159,0.15530972,0.17355406,0.19887799,0.22767642,0.25403885,0.27192275,0.27922373,0.27900646,0.27587509,0.27146682,0.26419497,0.25310056,0.24089541,0.23270821,0.23217247,0.23891871,0.24928892,0.25885474,0.26461604,0.26602772,0.26486297,0.26390794,0.26488693,0.26704166,0.26785446,0.26561909,0.26152451
0.30231868,0.29373327,0.28698515,0.29206906,0.30999502,0.33262972,0.34894890,0.35293678,0.34847166,0.34586694,0.35116992,0.35983063,0.36342947,0.36111583,0.36023902,0.36545677,0.37158949,0.36980941,0.35836894,0.34394095,0.33308908,0.32559554,0.31722289,0.30692386,0.29911369,0.29886649,0.30625189,0.31615109,0.32326158,0.32661222,0.32896578,0.33219710,0.33405216,0.33021157,0.31975081,0.30800742,0.30312190,0.30903129,0.32157967,0.33145403,0.33103788,0.31897962,0.29931522,0.27747155,0.25749587,0.24208024,0.23339104,0.23249203,0.23786943,0.24542819,0.25095654
0.22669278,0.21001732,0.18904479,0.17276576,0.16645819,0.17150570,0.18664207,0.20635147,0.22127440,0.22440138,0.21674790,0.20504114,0.19446752,0.18555918,0.17756586,0.17203737,0.17148992,0.17553473,0.17995110,0.17999291,0.17418105,0.16483235,0.15552416,0.14854502,0.14443254,0.14288575,0.14321243,0.14394559,0.14292554,0.13863442,0.13165575,0.12453854,0.12001180,0.11932492,0.12218856,0.12784900,0.13572185,0.14494527,0.15378023,0.16000440,0.16221703,0.16089452,0.15826722,0.15714581,0.15952700,0.16572344,0.17434356,0.18311613,0.19022974,0.19545156,0.20017951
0.05449049,0.05463955,0.05914487,0.06392014,0.07003839,0.08126744,0.09925949,0.12123834,0.14155880,0.15536660,0.16175323,0.16439001,0.16891452,0.17850137,0.19112179,0.20134213,0.20531768,0.20390152,0.20051971,0.19648254,0.18946212,0.17685412,0.15965981,0.14214662,0.12805492,0.11812116,0.11134877,0.10752212,0.10747684,0.11121925,0.11686853,0.12202429,0.12591215,0.12984243,0.13569096,0.14415639,0.15424416,0.16387235,0.17083722,0.17384041,0.17349221,0.17265307,0.17527999,0.18402317,0.19826610,0.21433541,0.22784724,0.23627758,0.23974903,0.23976195,0.23737876
0.10615342,0.09237291,0.08664682,0.08801314,0.09635861,0.11079831,0.12725151,0.14010188,0.14671761,0.14905150,0.15049071,0.15244947,0.15457615,0.15680930,0.15986473,0.16442905,0.17126752,0.18175471,0.19655137,0.21305542,0.22530117,0.22779468,0.21985946,0.20610945,0.19287803,0.18435715,0.18152537,0.18349299,0.18902854,0.19699489,0.20604719,0.21435737,0.21966464,0.21966167,0.21271405,0.19870594,0.17946968,0.15833654,0.13895632,0.12410274,0.11514620,0.11230625,0.11523691,0.12338212,0.13587551,0.15123792,0.16736818,0.18211169,0.19415315,0.20356643,0.21150252
0.16123406,0.15121273,0.14126678,0.13773961,0.14218791,0.15135987,0.16048491,0.16626438,0.16778293,0.16598898,0.16269457,0.15934920,0.15597851,0.15113488,0.14308782,0.13122855,0.11649142,0.10079080,0.08639900,0.07568624,0.07066428,0.07193031,0.07779646,0.08488245,0.09025197,0.09346088,0.09664889,0.10247876,0.11167220,0.12221532,0.13079461,0.13516601,0.13554515,0.13404300,0.13271411,0.13175255,0.12921085,0.12255182,0.11106600,0.09747615,0.08741067,0.08675408,0.09837376,0.12031448,0.14670639,0.17085724,0.18855774,0.19957471,0.20664294,0.21295725,0.21998049
0.05407615,0.05019742,0.04833272,0.04931178,0.05279948,0.05871398,0.06752316,0.07909512,0.09204586,0.10458730,0.11540903,0.12334437,0.12709491,0.12650182,0.12381074,0.12212651,0.12183291,0.11944203,0.11115556,0.09748730,0.08352657,0.07445412,0.07136374,0.07161500,0.07247573,0.07368679,0.07682219,0.08313959,0.09241608,0.10322449,0.11358412,0.12142076,0.12517029,0.12455302,0.12075321,0.11552606,0.10999650,0.10442789,0.09917497,0.09559603,0.09563643,0.10024488,0.10813989,0.11624110,0.12156479,0.12309623,0.12224893,0.12174359,0.12390132,0.12955151,0.13806883
0.19619749,0.20437445,0.20218036,0.19174901,0.17855562,0.16637453,0.15593348,0.14769303,0.14309638,0.14235295,0.14342739,0.14489221,0.14844497,0.15697133,0.17071385,0.18654483,0.20046020,0.20948858,0.21150533,0.20504163,0.19046814,0.17101074,0.15183315,0.13775475,0.13134509,0.13213568,0.13678224,0.14027319,0.13823343,0.12921555,0.11522174,0.09999663,0.08664032,0.07645676,0.06938887,0.06490087,0.06230819,0.06068203,0.05898260,0.05656918,0.05361557,0.05101870,0.04989236,0.05101610,0.05449073,0.05967057,0.06540327,0.07054604,0.07451338,0.07746505,0.07995281
0.09248167,0.09169665,0.09423423,0.10125582,0.11250427,0.12501154,0.13477652,0.14007868,0.14219685,0.14266677,0.14100504,0.13587737,0.12764255,0.11855200,0.11054650,0.10382197,0.09781633,0.09282059,0.08995232,0.08979011,0.09164412,0.09429877,0.09717131,0.10064121,0.10552416,0.11243967,0.12151523,0.13237460,0.14432201,0.15668540,0.16903656,0.18089075,0.19100585,0.19711440,0.19682649,0.18934275,0.17659111,0.16263638,0.15161137,0.14565454,0.14426674,0.14529025,0.14654628,0.14697504,0.14679885,0.14698204,0.14850917,0.15181771,0.15650584,0.16139122,0.16497703
0.33980334,0.33877413,0.33460376,0.32865044,0.32824693,0.33937747,0.35939863,0.37767961,0.38406571,0.37711278,0.36437243,0.35503906,0.35247575,0.35336230,0.35298306,0.35039605,0.34843882,0.34952104,0.35220522,0.35194756,0.34470492,0.32968803,0.30931842,0.28759089,0.26887456,0.25742862,0.25641820,0.26607558,0.28261766,0.29975727,0.31235142,0.31930192,0.32310692,0.32646112,0.32906650,0.32757881,0.31865487,0.30229965,0.28265730,0.26579628,0.25646071,0.25613436,0.26322640,0.27451041,0.28655720,0.29665010,0.30338912,0.30712170,0.30984761,0.31420141,0.32179672
0.07128622,0.06832448,0.06717139,0.06689303,0.06744270,0.06952797,0.07331451,0.07731095,0.07926631,0.07845367,0.07657526,0.07624762,0.07912654,0.08552880,0.09473745,0.10469420,0.11196969,0.11349772,0.10903555,0.10160276,0.09525581,0.09265273,0.09463229,0.10110697,0.11126753,0.12293299,0.13272814,0.13782422,0.13770532,0.13411729,0.12940845,0.12511747,0.12194714,0.12043235,0.12105965,0.12370454,0.12729587,0.13029927,0.13157602,0.13082278,0.12841618,0.12512248,0.12202379,0.12049321,0.12191056,0.12719509,0.13654941,0.14959723,0.16563068,0.18357920,0.20173209
0.09741047,0.09486461,0.08887638,0.08317083,0.08215858,0.08742571,0.09637687,0.10477500,0.11050531,0.11451144,0.11838703,0.12191913,0.12339643,0.12188577,0.11850425,0.11513353,0.11200903,0.10688451,0.09686761,0.08128419,0.06283060,0.04592103,0.03383431,0.02722409,0.02490743,0.02556740,0.02855770,0.03350807,0.03981584,0.04681804,0.05421813,0.06196525,0.06966256,0.07638445,0.08134600,0.08473333,0.08765717,0.09112998,0.09508849,0.09846846,0.10022155,0.10022028,0.09922319,0.09810815,0.09724976,0.09658061,0.09605081,0.09583983,0.09609141,0.09656284,0.09668375
0.21802038,0.21925949,0.22240099,0.22719436,0.23514023,0.24418282,0.24857278,0.24506624,0.23648121,0.22775432,0.22041852,0.21242899,0.20227599,0.19193580,0.18610567,0.18889348,0.20020791,0.21441242,0.22325550,0.22167026,0.21134158,0.19843192,0.18796799,0.18074186,0.17501448,0.16973088,0.16531787,0.16218470,0.15975472,0.15720048,0.15430811,0.15103092,0.14654997,0.13948246,0.12924453,0.11699592,0.10518719,0.09643607,0.09291282,0.09627500,0.10731159,0.12509974,0.14664360,0.16789021,0.18560649,0.19855388,0.20703868,0.21156118,0.21208831,0.20859709,0.20203538
0.06169514,0.07216650,0.08366964,0.09010382,0.08926529,0.08664389,0.09007575,0.10129533,0.11447564,0.12221855,0.12123356,0.11311668,0.10227446,0.09373980,0.09121733,0.09581131,0.10641564,0.12077000,0.13555032,0.14700995,0.15451462,0.16382728,0.18356485,0.21555216,0.24987275,0.27249204,0.27839032,0.27550503,0.27538716,0.28184983,0.28961932,0.29182733,0.28608335,0.27376405,0.25672306,0.23686964,0.21776419,0.20406462,0.19848322,0.20016425,0.20661919,0.21643520,0.22909237,0.24250719,0.25232187,0.25485544,0.25080473,0.24540078,0.24445585,0.25007402,0.25989202
0.07972841,0.06748207,0.06214309,0.06535652,0.07322311,0.07919401,0.08118235,0.08253807,0.08701539,0.09585634,0.10809728,0.12147473,0.13318272,0.14063521,0.14293061,0.14192044,0.14061627,0.14032243,0.13963091,0.13577762,0.12729741,0.11588178,0.10517871,0.09810258,0.09584053,0.09781757,0.10145348,0.10371189,0.10384608,0.10332233,0.10336268,0.10416033,0.10551795,0.10650431,0.10559191,0.10254426,0.09900863,0.09636222,0.09420923,0.09144476,0.08759187,0.08304370,0.07908821,0.07734737,0.07823727,0.08084178,0.08527609,0.09358579,0.10645506,0.12033492,0.13027456
0.17129524,0.12067098,0.07178783,0.05004700,0.06327329,0.10062428,0.14733441,0.18993454,0.21670463,0.22434848,0.21990512,0.21122714,0.20074760,0.19018943,0.18357130,0.18197065,0.18089311,0.17596295,0.16756982,0.15830334,0.14938901,0.14124629,0.13464369,0.12977810,0.12640961,0.12608767,0.13215132,0.14585317,0.16351158,0.17866019,0.18641826,0.18539214,0.17683468,0.16355239,0.14916695,0.13687646,0.12835824,0.12409403,0.12420513,0.12781092,0.13163961,0.13106410,0.12424178,0.11526358,0.11200435,0.11989286,0.13752198,0.15816651,0.17520317,0.18612532,0.19230926
0.16620791,0.16600007,0.17022605,0.17710157,0.18340833,0.18680971,0.18745903,0.18775280,0.19018726,0.19487706,0.19907993,0.19949447,0.19522957,0.18847410,0.18236388,0.17855676,0.17699186,0.17741478,0.18018840,0.18514650,0.19005409,0.19105939,0.18537761,0.17389351,0.16127010,0.15345321,0.15462264,0.16565067,0.18445363,0.20721121,0.22944009,0.24678435,0.25589032,0.25541185,0.24662949,0.23311825,0.21944732,0.20951080,0.20526650,0.20636370,0.21067724,0.21541249,0.21828309,0.21827400,0.21569665,0.21160310,0.20699478,0.20237696,0.19793404,0.19409601,0.19192011
0.09655298,0.11121253,0.11872569,0.11592732,0.10486591,0.09047903,0.07694827,0.06631611,0.05946563,0.05697702,0.05860969,0.06268551,0.06683280,0.06955725,0.07093407,0.07180455,0.07256922,0.07288605,0.07234701,0.07118511,0.07027808,0.07059627,0.07270913,0.07671149,0.08245778,0.08979589,0.09860134,0.10860542,0.11915996,0.12916034,0.13729825,0.14258979,0.14485102,0.14474104,0.14328940,0.14125457,0.13882591,0.13589796,0.13264587,0.12985930,0.12869035,0.12996213,0.13354977,0.13829947,0.14256180,0.14500431,0.14522478,0.14385787,0.14218447,0.14149469,0.14251610
0.14979086,0.12835666,0.11619981,0.11248001,0.11509717,0.11904721,0.11825851,0.11176146,0.10506145,0.10382863,0.10848181,0.11546167,0.12105185,0.12294057,0.12041423,0.11482797,0.10915947,0.10608080,0.10646197,0.10952184,0.11359844,0.11668933,0.11729052,0.11558500,0.11374103,0.11464199,0.12012134,0.13015420,0.14321055,0.15699174,0.16899102,0.17696996,0.17963897,0.17744885,0.17283656,0.16921465,0.16895545,0.17192279,0.17608131,0.17980332,0.18357197,0.18923682,0.19757382,0.20673984,0.21320588,0.21415664,0.20910195,0.19963638,0.18816602,0.17690328,0.16748943
0.16723986,0.16119910,0.15173895,0.14263035,0.13658654,0.13413226,0.13551968,0.14109850,0.15047147,0.16302699,0.17803165,0.19259184,0.20112446,0.19916240,0.18749445,0.17163204,0.15801386,0.15148137,0.15460502,0.16659565,0.18241731,0.19509011,0.20072127,0.20135742,0.20237896,0.20714596,0.21425674,0.21934738,0.21879905,0.21203763,0.20149146,0.19104044,0.18387358,0.18063684,0.17909715,0.17592448,0.16931997,0.16016188,0.15075710,0.14274968,0.13635200,0.13122825,0.12748328,0.12549746,0.12509004,0.12530033,0.12508648,0.12399056,0.12196786,0.11877825,0.11390939
0.25339318,0.24987441,0.25329578,0.26928485,0.29497089,0.31988853,0.33380309,0.33349790,0.32286950,0.30809124,0.29347680,0.28119138,0.27328526,0.27263417,0.28125982,0.29762693,0.31585730,0.32826475,0.32962084,0.31987441,0.30334924,0.28554534,0.27050638,0.26052870,0.25726045,0.26202562,0.27466304,0.29235765,0.31023239,0.32359929,0.32997976,0.32931522,0.32272334,0.31147209,0.29717540,0.28250078,0.27093531,0.26518458,0.26540155,0.26889785,0.27180353,0.27149081,0.26799083,0.26352111,0.26069321,0.26077116,0.26305226,0.26552855,0.26622618,0.26440159,0.26100055
0.10278248,0.09510026,0.08829138,0.08566855,0.08885441,0.09735184,0.11013759,0.12675029,0.14685513,0.16892223,0.18944927,0.20403536,0.21004766,0.20866236,0.20417770,0.20101465,0.20097887,0.20284887,0.20405554,0.20266334,0.19823396,0.19152271,0.18381686,0.17652323,0.17095725,0.16803840,0.16792790,0.16995863,0.17299213,0.17585399,0.17743322,0.17653143,0.17197624,0.16326209,0.15128861,0.13845456,0.12783850,0.12197043,0.12198271,0.12751401,0.13714336,0.14893336,0.16089749,0.17145280,0.17986334,0.18646396,0.19243151,0.19915355,0.20756187,0.21781489,0.22940465
0.09098571,0.09160796,0.09075807,0.08983293,0.08970206,0.08850551,0.08356181,0.07533265,0.06794254,0.06530231,0.06759586,0.07195840,0.07576020,0.07849870,0.08096284,0.08353695,0.08559032,0.08610161,0.08471441,0.08258670,0.08247738,0.08753556,0.09913708,0.11540250,0.13196517,0.14463397,0.15174590,0.15436390,0.15465449,0.15430624,0.15419477,0.15478566,0.15615897,0.15754915,0.15736596,0.15429403,0.14868748,0.14282147,0.13953015,0.14034426,0.14472959,0.15092591,0.15738881,0.16345645,0.16885276,0.17286095,0.17422565,0.17196704,0.16630578,0.15878097,0.15142219
0.09569460,0.10027761,0.11359351,0.13468649,0.15527943,0.16689499,0.16920742,0.16501122,0.15959906,0.15729453,0.15385314,0.14466585,0.12961227,0.10866176,0.09459027,0.10960536,0.14560449,0.16542591,0.15775408,0.14620280,0.14526764,0.15081161,0.16193746,0.17753107,0.18683539,0.18365289,0.17413552,0.16412953,0.15374758,0.14331461,0.13319436,0.12167574,0.10926319,0.10025656,0.09828651,0.10416821,0.11585836,0.12693896,0.12947494,0.12193679,0.11064105,0.10197518,0.09743075,0.09657123,0.09980689,0.10686116,0.11575467,0.12413719,0.12989332,0.13114223,0.12772629
0.07978100,0.08500882,0.10020354,0.12069944,0.13978283,0.14997774,0.14534689,0.12616889,0.10080715,0.08056822,0.07197619,0.07415607,0.08249354,0.09311856,0.10387011,0.11270206,0.11691893,0.11462756,0.10665746,0.09636715,0.08703014,0.07945279,0.07248245,0.06568339,0.06078418,0.06009139,0.06390070,0.07002866,0.07579065,0.07999156,0.08307212,0.08602050,0.08959638,0.09421434,0.09977592,0.10526152,0.10882524,0.10885006,0.10521475,0.09953324,0.09404516,0.09013176,0.08772228,0.08594804,0.08428034,0.08307750,0.08311378,0.08460010,0.08662655,0.08755940,0.08609880
0.15428955,0.17331475,0.18591094,0.19306424,0.19987002,0.20895921,0.21642081,0.21567017,0.20441647,0.18694449,0.17053820,0.16058852,0.15799371,0.15935868,0.15955071,0.15563548,0.14945114,0.14598661,0.14846482,0.15486703,0.15947422,0.15780113,0.15010673,0.14076339,0.13500579,0.13613463,0.14449391,0.15760943,0.17089766,0.17920731,0.17920161,0.17135910,0.15995508,0.15066929,0.14731475,0.14985347,0.15486125,0.15791261,0.15626442,0.15026958,0.14287458,0.13770799,0.13702132,0.14069845,0.14674995,0.15271251,0.15691100,0.15890815,0.15925014,0.15907635,0.15995080
0.15130811,0.15029021,0.15241112,0.15672187,0.16592570,0.18257592,0.20289109,0.21845776,0.22466868,0.22416093,0.22288788,0.22545793,0.23270889,0.24213910,0.25110817,0.25825123,0.26115964,0.25627220,0.24296001,0.22493729,0.20680676,0.19173541,0.18192789,0.17803433,0.17822221,0.18028125,0.18431540,0.19191792,0.20353367,0.21736230,0.22965228,0.23630263,0.23656566,0.23509626,0.23718445,0.24130726,0.23966083,0.22753816,0.20946961,0.19435366,0.18691436,0.18599783,0.18889650,0.19391023,0.19919058,0.20231913,0.20227584,0.20044130,0.19888591,0.19859932,0.19979308
0.16988632,0.15321189,0.15166803,0.16551236,0.18607652,0.20052151,0.20159038,0.19238317,0.18138181,0.17471053,0.17396664,0.17865033,0.18734782,0.19694403,0.20371335,0.20661062,0.20827977,0.21170070,0.21645080,0.21912338,0.21699095,0.21046270,0.20240637,0.19635014,0.19558478,0.20260694,0.21782546,0.23848788,0.25961437,0.27660346,0.28704607,0.29029483,0.28618654,0.27510924,0.25928826,0.24294286,0.22996894,0.22094893,0.21264992,0.20089316,0.18423013,0.16506283,0.14748550,0.13426323,0.12577833,0.12137725,0.12111743,0.12588419,0.13589698,0.14938753,0.16297472
0.20053018,0.20290040,0.20182014,0.20139411,0.20007421,0.19266253,0.17754497,0.15888121,0.14430637,0.14219805,0.15646316,0.18149695,0.20559564,0.22060042,0.22648295,0.22796114,0.22936120,0.23164658,0.23258512,0.23054854,0.22780969,0.22801035,0.23165906,0.23756159,0.24708403,0.26185541,0.27763581,0.28629770,0.28564735,0.28291614,0.28623964,0.29568868,0.30442192,0.30559365,0.29602202,0.27633647,0.25152212,0.23030909,0.22005017,0.22074391,0.22554085,0.22783428,0.22696213,0.22697083,0.23145605,0.24048274,0.25118377,0.25966716,0.26254377,0.25814071,0.24707461
0.18865594,0.20054373,0.20506566,0.20373128,0.19917454,0.19595183,0.19684936,0.20098645,0.20713288,0.21632984,0.22902401,0.24138543,0.24731447,0.24414867,0.23476113,0.22399138,0.21452745,0.20669392,0.20075934,0.19800159,0.19961801,0.20532697,0.21298543,0.21905039,0.21973337,0.21306306,0.20096031,0.18913762,0.18378185,0.18714382,0.19578042,0.20307221,0.20384621,0.19736454,0.18684725,0.17671365,0.16996485,0.16715791,0.16690666,0.16716120,0.16656300,0.16528397,0.16488759,0.16725752,0.17336241,0.18281051,0.19443193,0.20716695,0.22035855,0.23332629,0.24494183
0.24067329,0.25225786,0.24425276,0.22827654,0.21711370,0.21224971,0.21015593,0.21043659,0.21295586,0.21342275,0.20668413,0.19180210,0.17163501,0.14944312,0.12738030,0.10697629,0.09013398,0.08005770,0.08064577,0.09357677,0.11619941,0.14365609,0.17285300,0.20271110,0.23062998,0.25128830,0.26085973,0.26154619,0.26010871,0.26169997,0.26611798,0.27010284,0.27190629,0.27266206,0.27400669,0.27572530,0.27608545,0.27374475,0.26877532,0.26220247,0.25529658,0.24952008,0.24666620,0.24839869,0.25529555,0.26623135,0.27866477,0.28965693,0.29705500,0.30032867,0.30068722
0.13962281,0.13996663,0.14577733,0.15265203,0.15530734,0.15172649,0.14374481,0.13492422,0.12843322,0.12590864,0.12684994,0.12872938,0.12837638,0.12404491,0.11675005,0.11014487,0.10905732,0.11695383,0.13316450,0.15191870,0.16495697,0.16659680,0.15735323,0.14307128,0.13049816,0.12313560,0.12030412,0.11915967,0.11731118,0.11408727,0.11017466,0.10658333,0.10403699,0.10320176,0.10523555,0.11169282,0.12338262,0.13899656,0.15496850,0.16720075,0.17359828,0.17544751,0.17652906,0.18067495,0.18957905,0.20219312,0.21568362,0.22698491,0.23402830,0.23629694,0.23476335
0.10425788,0.12327539,0.15105608,0.17646039,0.19013603,0.18868203,0.17681685,0.16558445,0.16528333,0.17815412,0.19854146,0.22021417,0.24172013,0.26388432,0.28436225,0.29741564,0.29917425,0.29134894,0.27908453,0.26647064,0.25547738,0.24866040,0.25063313,0.26483488,0.28842302,0.31146201,0.32281248,0.31815023,0.30289405,0.28743283,0.27917378,0.27834887,0.28020650,0.28014793,0.27667848,0.27053249,0.26242586,0.25233921,0.24052309,0.22827350,0.21720467,0.20785989,0.19933215,0.19036315,0.18080801,0.17213266,0.16668148,0.16645341,0.17218327,0.18301082,0.19669542
0.09467117,0.07741217,0.06049676,0.04876547,0.04416937,0.04488374,0.04736490,0.04948112,0.05113014,0.05268149,0.05417586,0.05580999,0.05835387,0.06325896,0.07236814,0.08618436,0.10154618,0.11227981,0.11387796,0.10750067,0.09848022,0.09129764,0.08726020,0.08688341,0.09252325,0.10696255,0.12954282,0.15485689,0.17599361,0.18918322,0.19544694,0.19822534,0.19979194,0.19977393,0.19646221,0.18894550,0.17799885,0.16557842,0.15414331,0.14640981,0.14485699,0.15043680,0.16141615,0.17390257,0.18412637,0.19055684,0.19393399,0.19546876,0.19530721,0.19276869,0.18768229
0.19829773,0.19025735,0.19181981,0.20365170,0.21994774,0.23149283,0.23385451,0.23013949,0.22521576,0.22021727,0.21409013,0.20799640,0.20555498,0.20899552,0.21652341,0.22388428,0.22838585,0.23174454,0.23929108,0.25584372,0.28141795,0.31040443,0.33479684,0.34847165,0.34937799,0.33936443,0.32319357,0.30728110,0.29742811,0.29583795,0.29962295,0.30266906,0.29988278,0.29057115,0.27848463,0.26893555,0.26547920,0.26833080,0.27490186,0.28142439,0.28446921,0.28181933,0.27278094,0.25818520,0.24018595,0.22181887,0.20632511,0.19638580,0.19349345,0.19763560,0.20735968
0.09809478,0.09717517,0.10535656,0.12127733,0.14071899,0.15712229,0.16759270,0.17435516,0.18041833,0.18808172,0.19841119,0.20890262,0.21619556,0.22103598,0.22482363,0.22485965,0.22000968,0.21516230,0.21237529,0.20462951,0.18652352,0.16473070,0.15050053,0.14734542,0.15186277,0.16088586,0.17185205,0.18042099,0.18328358,0.18137186,0.17721572,0.17113174,0.16201967,0.14960643,0.13394723,0.11473875,0.09311137,0.07269262,0.05724104,0.04829586,0.04642079,0.05334013,0.07067448,0.09672830,0.12617642,0.15335099,0.17506663,0.19036342,0.19894044,0.20081692,0.19698981
0.19408244,0.16983525,0.15609533,0.15289909,0.15698099,0.16219182,0.16267706,0.15796268,0.15276583,0.15327735,0.16372091,0.18256279,0.20193645,0.21361164,0.21473120,0.20715720,0.19449306,0.18066859,0.16824785,0.15685644,0.14452534,0.13042245,0.11551668,0.10132872,0.08874794,0.07779300,0.06845611,0.06170495,0.05905385,0.06132172,0.06869982,0.08137036,0.09814253,0.11454289,0.12455082,0.12539421,0.11970124,0.11256573,0.10770274,0.10680849,0.11080027,0.11974532,0.13169935,0.14291475,0.14981781,0.15073289,0.14599512,0.13707556,0.12576474,0.11362299,0.10159197
0.15816123,0.13820003,0.11387061,0.09228216,0.07949905,0.08032462,0.09811748,0.13140497,0.17127112,0.20543965,0.22683836,0.23752998,0.24369534,0.24791169,0.24751664,0.23973173,0.22639443,0.21282545,0.20299720,0.19688767,0.19231341,0.18828651,0.18618182,0.18832113,0.19621463,0.21007082,0.22913832,0.25180792,0.27543523,0.29667433,0.31258420,0.32171396,0.32420891,0.32090094,0.31227845,0.29822098,0.27858932,0.25406124,0.22657273,0.19917490,0.17550213,0.15908852,0.15262599,0.15721577,0.17179821,0.19307871,0.21619146,0.23602702,0.24876976,0.25299478,0.24981994
0.27837552,0.26741030,0.24976397,0.23651250,0.23618296,0.24722710,0.25977029,0.26423436,0.25805574,0.24557068,0.23346657,0.22665194,0.22673214,0.23243164,0.24083926,0.24890142,0.25459755,0.25712960,0.25611469,0.25072969,0.23985558,0.22326976,0.20283241,0.18249029,0.16686037,0.15928434,0.16060211,0.16924818,0.18226666,0.19636815,0.20854361,0.21646364,0.21908425,0.21733044,0.21411255,0.21310442,0.21672203,0.22465598,0.23413259,0.24179646,0.24580224,0.24654562,0.24560978,0.24395258,0.24088360,0.23461015,0.22380818,0.20891974,0.19222149,0.17672772,0.16479957
0.16754369,0.18517635,0.20631119,0.22452275,0.23302371,0.22948981,0.21838123,0.20721737,0.20054726,0.19819437,0.19863995,0.20207379,0.20910443,0.21764894,0.22294469,0.22127607,0.21331684,0.20375375,0.19808927,0.19965860,0.20846839,0.22154783,0.23428624,0.24254483,0.24468727,0.24202550,0.23717601,0.23181074,0.22587858,0.21873956,0.21071854,0.20350588,0.19934914,0.20006629,0.20651829,0.21831008,0.23349392,0.24873718,0.26049738,0.26676780,0.26803859,0.26654190,0.26436993,0.26209745,0.25900085,0.25443858,0.24901405,0.24459754,0.24344776,0.24728514,0.25679671
0.19825973,0.17483549,0.15630035,0.14790714,0.14944930,0.15724939,0.16820957,0.18154484,0.19679001,0.21109534,0.21950941,0.21827859,0.20772315,0.19188405,0.17564717,0.16222193,0.15271532,0.14708883,0.14487644,0.14512084,0.14626657,0.14675553,0.14610078,0.14552005,0.14746674,0.15424316,0.16655582,0.18291965,0.20026949,0.21536585,0.22608709,0.23184142,0.23303504,0.23025431,0.22394999,0.21483634,0.20446379,0.19519329,0.18931163,0.18781473,0.18974821,0.19262824,0.19370361,0.19128423,0.18541590,0.17768376,0.17043944,0.16593568,0.16571214,0.17032960,0.17939919
0.14515462,0.13913013,0.13382435,0.13161053,0.13340225,0.13683986,0.13833166,0.13743539,0.13616979,0.13419989,0.12952459,0.12406238,0.12240575,0.12367781,0.12118654,0.11330763,0.10904190,0.11792563,0.13745907,0.15480635,0.15937047,0.15043439,0.13402404,0.11648588,0.10170310,0.09130106,0.08519220,0.08235852,0.08208077,0.08439395,0.08933717,0.09636890,0.10470159,0.11350949,0.12148565,0.12718240,0.13101762,0.13679949,0.14981176,0.17212233,0.19963074,0.22425937,0.23950125,0.24421311,0.24167881,0.23576753,0.22817381,0.21862469,0.20667365,0.19279254,0.17808410
0.17842987,0.18389357,0.18898441,0.18925803,0.18359102,0.17424444,0.16411611,0.15551030,0.15085866,0.15228127,0.15958961,0.16972278,0.17872671,0.18387593,0.18411673,0.17982324,0.17289707,0.16622179,0.16176625,0.15912323,0.15655552,0.15354579,0.15171470,0.15299940,0.15747219,0.16347194,0.16966379,0.17637329,0.18470931,0.19469989,0.20455039,0.21160116,0.21383678,0.21069675,0.20298969,0.19242079,0.18108797,0.17094701,0.16328371,0.15846216,0.15615952,0.15592708,0.15764427,0.16153242,0.16773543,0.17575944,0.18415156,0.19070681,0.19325119,0.19070060,0.18381313
0.19838381,0.18527561,0.18231002,0.18891649,0.20226819,0.21707856,0.22696823,0.22839816,0.22221276,0.21118029,0.19778836,0.18461426,0.17469841,0.17037917,0.17275654,0.18275571,0.20111581,0.22589359,0.25081714,0.26802611,0.27328659,0.26843872,0.25922223,0.25167222,0.25038435,0.25822241,0.27544557,0.29852372,0.32089958,0.33629477,0.34201825,0.33938567,0.33132031,0.31991142,0.30620944,0.29179566,0.27983938,0.27411344,0.27661617,0.28582572,0.29713243,0.30530213,0.30732604,0.30375936,0.29775524,0.29265278,0.28995196,0.28904887,0.28858545,0.28797822,0.28772643
0.16391785,0.17227422,0.18017304,0.18011146,0.17015158,0.15578722,0.14381125,0.13652370,0.13254408,0.13083026,0.13187932,0.13574102,0.14046930,0.14287417,0.14053677,0.13344929,0.12418582,0.11626188,0.11183172,0.11094612,0.11312369,0.11909514,0.13015462,0.14563685,0.16175714,0.17371548,0.17912343,0.17920895,0.17674390,0.17314425,0.16775902,0.15971123,0.14996502,0.14132051,0.13637299,0.13551012,0.13685662,0.13814311,0.13873764,0.14005289,0.14407402,0.15138512,0.16041530,0.16849397,0.17375665,0.17629753,0.17768977,0.17938366,0.18135350,0.18204665,0.17957134
0.25971002,0.25996098,0.25941003,0.26528448,0.28074466,0.29972005,0.31782056,0.33529919,0.34986513,0.35664159,0.35508144,0.35081373,0.35085437,0.35756569,0.36564111,0.36606373,0.35500854,0.33740173,0.32110742,0.31089822,0.30869891,0.31459758,0.32474553,0.33194466,0.33148091,0.32454348,0.31472992,0.30439965,0.29638638,0.29557562,0.30453403,0.31860961,0.32900583,0.33134751,0.32927037,0.32925571,0.33369675,0.33956854,0.34216344,0.33884878,0.33025612,0.31967045,0.31154471,0.30929724,0.31330900,0.32078430,0.32785083,0.33217206,0.33398646,0.33511730,0.33713410
0.16241777,0.15145877,0.14799652,0.14499085,0.14099216,0.13950318,0.13922619,0.13525946,0.12646631,0.11611596,0.10890613,0.10943829,0.11924744,0.13430308,0.14880006,0.16081889,0.17125436,0.17913964,0.18207550,0.18026352,0.17657557,0.17299148,0.16960837,0.16677575,0.16559835,0.16586167,0.16524661,0.16151049,0.15480632,0.14742935,0.14163281,0.13784222,0.13463765,0.13019232,0.12377599,0.11603345,0.10807739,0.10065732,0.09424509,0.08947241,0.08703015,0.08717314,0.08958041,0.09367734,0.09891809,0.10489867,0.11156247,0.11926099,0.12803010,0.13636437,0.14102442
0.25209626,0.25218484,0.24801536,0.24440649,0.24471982,0.24679157,0.24710655,0.24547987,0.24494023,0.24963773,0.26290782,0.28420939,0.30711999,0.32297924,0.32782182,0.32438934,0.31743184,0.30961737,0.30260587,0.29865234,0.29810441,0.29663370,0.28808801,0.27070964,0.24909211,0.22988823,0.21711877,0.21187218,0.21428246,0.22362227,0.23692461,0.24958145,0.25828061,0.26270064,0.26378029,0.26105284,0.25279410,0.23895527,0.22322343,0.21160111,0.20888626,0.21639725,0.23243382,0.25408882,0.27835366,0.30202478,0.32142403,0.33288837,0.33394555,0.32439407,0.30662271
0.21333960,0.22071468,0.21162511,0.18900414,0.16583162,0.15447991,0.15688289,0.16572111,0.17363736,0.17934043,0.18542276,0.19299036,0.19992655,0.20339949,0.20255549,0.19862244,0.19322519,0.18719482,0.18103766,0.17626960,0.17572554,0.18178486,0.19378745,0.20739518,0.21720737,0.22068294,0.21987758,0.21946552,0.22289353,0.22988157,0.23689036,0.23964237,0.23562524,0.22513927,0.21073960,0.19578135,0.18294927,0.17341208,0.16685861,0.16228664,0.15909347,0.15783979,0.16014556,0.16762805,0.18046897,0.19662798,0.21241746,0.22418207,0.22994278,0.22988871,0.22556501
0.08247493,0.07436210,0.06556461,0.05979890,0.05954451,0.06382271,0.06988557,0.07543380,0.07931216,0.08160616,0.08367584,0.08724864,0.09271158,0.09838381,0.10167889,0.10086312,0.09580089,0.08766722,0.07846513,0.07048607,0.06537591,0.06321441,0.06261241,0.06198808,0.06086563,0.06001734,0.06054578,0.06294196,0.06681497,0.07115496,0.07475757,0.07672399,0.07697581,0.07639701,0.07625569,0.07725981,0.07918150,0.08154428,0.08469262,0.08996624,0.09849794,0.10961997,0.12046326,0.12737588,0.12817010,0.12346737,0.11618333,0.10968489,0.10602923,0.10535659,0.10647817
0.14538473,0.14977718,0.15236062,0.15432067,0.15891220,0.16507289,0.17029271,0.17431706,0.17697474,0.17764300,0.17656384,0.17458307,0.17340999,0.17510357,0.17939191,0.18358580,0.18565000,0.18528889,0.18284878,0.17878533,0.17335580,0.16690869,0.16157247,0.16111624,0.16748392,0.17892244,0.19216654,0.20415720,0.21133527,0.21058774,0.20256779,0.19234251,0.18579682,0.18636719,0.19487641,0.21019379,0.22899022,0.24622428,0.25745565,0.26110372,0.25853704,0.25232103,0.24447700,0.23598066,0.22733488,0.21922261,0.21249314,0.20774199,0.20528998,0.20564475,0.20956993
0.08912932,0.08152731,0.07270013,0.06508382,0.06218271,0.06793352,0.08280903,0.10094771,0.11353848,0.11570258,0.10920102,0.09896910,0.08875707,0.08016817,0.07386885,0.07021703,0.06903160,0.06947798,0.07019801,0.06957617,0.06650844,0.06138639,0.05601159,0.05208979,0.04998600,0.04934698,0.05068041,0.05550646,0.06448832,0.07567509,0.08507234,0.08918582,0.08718398,0.08099432,0.07373555,0.06798894,0.06490307,0.06419559,0.06475646,0.06556849,0.06652345,0.06856168,0.07288876,0.07976747,0.08784671,0.09463852,0.09786020,0.09670661,0.09221928,0.08660080,0.08200295
0.16112977,0.16824107,0.18215820,0.20196868,0.22061511,0.23006050,0.22917626,0.22498353,0.22585397,0.23404177,0.24473891,0.25146395,0.25141622,0.24559644,0.23524487,0.22031058,0.20198993,0.18488485,0.17432780,0.17137120,0.17207709,0.17267938,0.17438742,0.18169173,0.19613852,0.21315642,0.22568679,0.23035364,0.22954705,0.22801606,0.22831577,0.22947799,0.22902117,0.22546705,0.21929421,0.21240410,0.20698400,0.20425171,0.20348036,0.20207241,0.19712240,0.18762710,0.17563052,0.16532594,0.16083535,0.16430838,0.17536036,0.19164166,0.20981433,0.22656347,0.23961358
0.22945847,0.23059021,0.23223567,0.24325331,0.26442158,0.28743126,0.30470014,0.31593899,0.32290732,0.32390505,0.31780466,0.30769011,0.29696521,0.28634874,0.27512374,0.26190142,0.24594319,0.22959097,0.21740812,0.21341835,0.21991184,0.23544649,0.25321493,0.26503411,0.26718359,0.26062874,0.24798220,0.23241574,0.21724138,0.20484738,0.19677245,0.19406423,0.19630828,0.20158865,0.20863287,0.21790887,0.22989933,0.24307156,0.25372023,0.25766123,0.25313650,0.24282365,0.23215375,0.22513419,0.22244483,0.22315955,0.22650988,0.23165756,0.23740671,0.24282766,0.24709755
0.11672103,0.10826203,0.11201930,0.12670088,0.14508607,0.15921089,0.16588602,0.16770494,0.16929757,0.17281350,0.17638603,0.17605361,0.16896987,0.15539267,0.13831573,0.12145923,0.10743891,0.09743663,0.09204603,0.09188935,0.09724927,0.10742071,0.12085987,0.13605535,0.15196638,0.16738661,0.18011607,0.18737179,0.18757003,0.18187899,0.17382095,0.16697245,0.16263887,0.15939076,0.15462398,0.14663884,0.13563163,0.12323481,0.11142273,0.10172607,0.09503073,0.09167333,0.09154140,0.09415796,0.09882407,0.10476810,0.11119317,0.11725972,0.12217916,0.12548602,0.12728409
0.09296512,0.07958022,0.06941837,0.06669430,0.07428454,0.09143977,0.11322724,0.13249113,0.14328903,0.14373197,0.13655772,0.12716784,0.12045459,0.11854779,0.12078080,0.12519804,0.12979578,0.13266517,0.13193114,0.12650535,0.11712122,0.10622082,0.09643452,0.08912989,0.08447995,0.08270902,0.08484197,0.09194428,0.10359636,0.11720675,0.12897545,0.13585553,0.13710938,0.13447202,0.13097703,0.12933118,0.13083351,0.13526799,0.14146383,0.14790431,0.15305648,0.15558633,0.15474215,0.15081924,0.14524275,0.13994871,0.13635135,0.13464355,0.13397362,0.13332295,0.13234080
0.12280965,0.11373449,0.10065388,0.08747009,0.07765027,0.07218075,0.07181582,0.07878850,0.09391780,0.11308336,0.12897082,0.13666511,0.13667099,0.13295488,0.12935984,0.12775060,0.12810558,0.12958558,0.13179501,0.13501299,0.13871120,0.14014374,0.13567169,0.12426890,0.10927813,0.09611974,0.08850317,0.08716802,0.09148365,0.10076487,0.11348943,0.12623204,0.13470919,0.13633765,0.13158085,0.12286378,0.11262263,0.10249838,0.09378035,0.08786203,0.08613426,0.08983414,0.10012087,0.11771159,0.14161903,0.16798452,0.19071500,0.20425725,0.20663592,0.20032874,0.19038323
0.20523108,0.22055008,0.22433859,0.21805962,0.20978670,0.20766260,0.21471506,0.22842821,0.24348499,0.25456388,0.25811927,0.25356573,0.24350888,0.23217916,0.22285585,0.21659759,0.21329433,0.21325351,0.21699890,0.22351373,0.22944072,0.23078294,0.22570692,0.21577135,0.20463069,0.19572619,0.19096491,0.19086562,0.19520977,0.20329461,0.21383728,0.22505706,0.23509292,0.24242633,0.24602472,0.24531189,0.24023460,0.23145987,0.22046026,0.20926406,0.19990544,0.19381616,0.19141245,0.19203392,0.19428902,0.19672864,0.19857447,0.20009313,0.20233090,0.20632228,0.21227989
0.15094280,0.13782307,0.12106341,0.10622896,0.09690724,0.09539158,0.10310698,0.11787553,0.13297809,0.14221052,0.14554601,0.14786237,0.15258340,0.15850971,0.16276437,0.16471898,0.16589695,0.16702068,0.16658765,0.16263603,0.15528482,0.14704033,0.14069773,0.13726107,0.13587570,0.13529068,0.13501570,0.13539242,0.13730461,0.14208556,0.15107245,0.16435538,0.17966562,0.19288051,0.20016717,0.20003488,0.19370736,0.18399265,0.17400086,0.16648275,0.16340863,0.16530637,0.17074984,0.17681931,0.18062150,0.18090086,0.17860814,0.17614125,0.17591384,0.17915078,0.18542034
0.29898469,0.29915027,0.29048557,0.28344456,0.28522543,0.29447130,0.30447599,0.30891126,0.30583456,0.29870614,0.29280102,0.28955304,0.28601361,0.28057843,0.27664351,0.27878948,0.28713205,0.29725041,0.30443175,0.30620724,0.30158321,0.29007571,0.27242401,0.25161561,0.23247549,0.21982177,0.21638548,0.22168979,0.23246444,0.24433252,0.25383102,0.25967416,0.26256779,0.26374673,0.26345082,0.26083323,0.25551484,0.24915933,0.24524232,0.24709010,0.25602081,0.27098689,0.28938290,0.30797466,0.32364487,0.33418406,0.33885070,0.33807921,0.33254025,0.32268332,0.30933469
0.19343035,0.19815866,0.19886993,0.19735964,0.19831554,0.20581403,0.21702325,0.22274293,0.21641782,0.20072308,0.18421306,0.17402251,0.17320555,0.18186193,0.19704059,0.21250252,0.22247350,0.22702868,0.23193157,0.24182924,0.25448643,0.26262568,0.26076087,0.24950958,0.23417853,0.22068677,0.21274371,0.21109201,0.21389752,0.21800734,0.22096150,0.22248197,0.22395398,0.22629535,0.22840683,0.22774903,0.22230765,0.21203819,0.19886015,0.18576502,0.17585615,0.17143740,0.17303925,0.17886590,0.18546082,0.18957772,0.19002120,0.18802397,0.18593785,0.18546256,0.18690105
0.19161681,0.17669541,0.17609507,0.18723940,0.20176717,0.21661060,0.23130205,0.24185569,0.24351520,0.23750678,0.23168062,0.23413794,0.24647465,0.26295520,0.27629803,0.28404335,0.28875530,0.29283719,0.29493818,0.29143457,0.27963717,0.25928565,0.23305085,0.20683100,0.18790155,0.18057317,0.18346909,0.19179844,0.20190623,0.21281956,0.22421392,0.23493533,0.24424393,0.25308876,0.26261626,0.27158511,0.27645169,0.27456824,0.26699520,0.25803305,0.25235862,0.25259202,0.25862534,0.26806286,0.27713251,0.28229469,0.28233585,0.27941804,0.27767149,0.28006115,0.28614994
0.09283563,0.09181091,0.08387736,0.07648341,0.07316579,0.07372722,0.07871804,0.08843888,0.10107921,0.11448228,0.12669097,0.13522206,0.13979347,0.14395456,0.14973709,0.15316395,0.14919886,0.13846632,0.12555015,0.11388032,0.10579593,0.10409453,0.10906280,0.11602716,0.11972018,0.12006920,0.12097478,0.12449500,0.12876464,0.13080797,0.12894348,0.12280473,0.11348679,0.10430586,0.09974087,0.10241919,0.11127364,0.12255114,0.13192627,0.13588644,0.13273010,0.12362867,0.11254440,0.10408306,0.10080649,0.10242780,0.10716724,0.11334899,0.11982870,0.12576735,0.13074557
0.16315824,0.15264982,0.14695547,0.14090932,0.13266598,0.12729817,0.13056857,0.14097994,0.15091497,0.15517075,0.15563068,0.15730005,0.16256150,0.17070815,0.18083417,0.19249310,0.20385171,0.21140259,0.21246351,0.20731979,0.19857217,0.18897864,0.18017720,0.17269320,0.16630683,0.16051731,0.15535277,0.15200331,0.15230783,0.15722151,0.16568125,0.17498990,0.18237745,0.18655918,0.18848164,0.19104962,0.19780000,0.21076931,0.22861369,0.24653137,0.25859850,0.26117882,0.25497354,0.24427601,0.23420848,0.22808408,0.22648910,0.22806339,0.23086365,0.23331518,0.23450774
0.13659306,0.11375571,0.09364180,0.08033006,0.07468571,0.07485491,0.07990675,0.08792267,0.09575525,0.10226251,0.10889444,0.11872667,0.13383478,0.15205103,0.16798989,0.17519672,0.16803465,0.14881283,0.13144059,0.12941069,0.14184028,0.15649174,0.16242860,0.15638974,0.14158926,0.12377667,0.10729046,0.09418577,0.08592911,0.08324128,0.08460552,0.08755140,0.09125174,0.09648391,0.10429843,0.11590842,0.13199845,0.15050347,0.16646345,0.17567832,0.17798470,0.17623189,0.17279431,0.16786263,0.16062483,0.15118769,0.14118344,0.13292810,0.12819768,0.12749273,0.12996528
0.06368157,0.06965023,0.07464750,0.08014400,0.08587423,0.08930757,0.08797835,0.08199121,0.07412502,0.06787378,0.06546351,0.06700624,0.07068925,0.07376002,0.07405916,0.07121358,0.06649586,0.06161916,0.05790651,0.05658037,0.05918298,0.06683266,0.07871955,0.09167252,0.10174159,0.10651569,0.10605730,0.10186494,0.09528964,0.08705245,0.07794499,0.06944666,0.06331002,0.06051614,0.06071246,0.06263895,0.06500298,0.06697694,0.06811558,0.06815832,0.06714498,0.06570310,0.06501291,0.06624206,0.06982419,0.07518024,0.08110757,0.08647945,0.09067596,0.09348499,0.09471946
0.22432901,0.20565187,0.19432657,0.19670792,0.20962932,0.22371374,0.23483586,0.24673202,0.26481917,0.28978855,0.31491126,0.32992392,0.32967135,0.31734575,0.29846598,0.27541115,0.24922661,0.22294531,0.20134739,0.18960946,0.19152055,0.20522331,0.22104963,0.22819375,0.22500281,0.21994234,0.22187345,0.23227252,0.24734743,0.26368046,0.27904278,0.29013944,0.29343911,0.28873073,0.27997970,0.27206675,0.26769643,0.26768876,0.27275621,0.28340071,0.29794633,0.31168643,0.31900750,0.31695519,0.30700104,0.29341522,0.27987475,0.26752421,0.25605097,0.24613263,0.24028372
0.17604354,0.21004282,0.22985646,0.23599324,0.23834908,0.24154329,0.24173287,0.23512408,0.22315719,0.20914292,0.19471466,0.18096176,0.16942811,0.15984967,0.14916537,0.13512471,0.11990189,0.10826162,0.10263890,0.10172444,0.10373687,0.10915665,0.11934223,0.13366856,0.14937507,0.16390367,0.17623181,0.18584874,0.19168058,0.19304246,0.19133681,0.18977272,0.19083126,0.19414255,0.19706908,0.19724831,0.19440662,0.18993056,0.18519100,0.18055730,0.17578867,0.17088467,0.16627346,0.16225381,0.15846861,0.15402006,0.14808606,0.14046960,0.13171533,0.12284773,0.11496725
0.12369465,0.12844189,0.12857204,0.12084645,0.10767547,0.09585881,0.09073343,0.09299331,0.10004429,0.10748639,0.10983701,0.10375759,0.09208362,0.08231909,0.07966182,0.08292519,0.08803836,0.09342339,0.10004561,0.10741550,0.11204775,0.11050064,0.10293279,0.09321653,0.08603109,0.08386800,0.08599815,0.08961514,0.09211483,0.09283673,0.09299114,0.09410553,0.09669341,0.10033989,0.10464283,0.10965745,0.11544503,0.12150267,0.12676831,0.13002375,0.13021452,0.12666639,0.11944004,0.10967376,0.09943144,0.09097243,0.08602463,0.08561886,0.09029733,0.10004442,0.11378679
0.20338830,0.18560507,0.15918051,0.13309498,0.11821872,0.12011945,0.13807485,0.16625716,0.19645138,0.22314182,0.24620578,0.26777560,0.28777922,0.30325518,0.31063567,0.30870910,0.30127861,0.29648235,0.30037231,0.31041044,0.31806907,0.31899444,0.31783988,0.32107972,0.32746020,0.32888493,0.32025468,0.30544801,0.29275623,0.28647618,0.28439643,0.28228153,0.27890830,0.27658512,0.27794802,0.28283143,0.28778695,0.28830106,0.28197451,0.27028966,0.25753528,0.24780526,0.24274342,0.24180455,0.24404929,0.24904727,0.25596481,0.26238773,0.26483078,0.26086379,0.25088274
0.07581672,0.07965410,0.08387135,0.08839735,0.09321371,0.09591712,0.09257005,0.08192423,0.06810940,0.05792784,0.05525652,0.05851685,0.06332704,0.06662247,0.06799065,0.06829841,0.06852395,0.06997955,0.07436279,0.08245123,0.09277829,0.10230057,0.10876469,0.11228612,0.11446288,0.11615886,0.11649941,0.11409398,0.10897092,0.10303488,0.09857358,0.09639401,0.09541098,0.09392146,0.09118197,0.08782641,0.08495861,0.08298432,0.08128318,0.07885220,0.07516661,0.07049533,0.06558657,0.06121084,0.05799366,0.05649783,0.05721181,0.06027444,0.06516615,0.07074838,0.07575687
0.12601414,0.12847388,0.13014492,0.12786742,0.12120136,0.11330570,0.10847665,0.10883850,0.11344848,0.12050480,0.12947762,0.13995032,0.14905406,0.15236475,0.14843796,0.14120290,0.13658095,0.13719713,0.14111778,0.14486039,0.14616882,0.14406324,0.13796406,0.12797136,0.11560504,0.10335602,0.09320797,0.08566628,0.08002272,0.07521637,0.07047550,0.06553876,0.06056842,0.05585929,0.05156913,0.04776417,0.04473079,0.04312037,0.04368480,0.04690725,0.05291976,0.06158385,0.07231469,0.08370394,0.09360429,0.10008398,0.10265184,0.10261460,0.10214732,0.10291344,0.10544843
0.18447202,0.18006156,0.16731573,0.15590739,0.15124756,0.15044864,0.14803997,0.14181472,0.13354953,0.12699748,0.12524984,0.12828186,0.13317051,0.13755807,0.14195282,0.14757917,0.15325272,0.15616363,0.15521763,0.15205107,0.14907097,0.14801685,0.15022921,0.15628553,0.16444881,0.17092625,0.17330170,0.17350848,0.17625348,0.18425593,0.19559347,0.20564130,0.21070725,0.20948380,0.20210026,0.18924458,0.17248804,0.15451504,0.13813178,0.12497838,0.11548076,0.10992298,0.10910283,0.11379357,0.12392203,0.13860060,0.15676677,0.17727364,0.19814510,0.21614896,0.22783057
0.14154976,0.12916749,0.11815862,0.11718336,0.12351561,0.12946390,0.13261727,0.13533489,0.13772306,0.13628053,0.12849304,0.11516479,0.09872056,0.08229241,0.07056338,0.06859399,0.07818108,0.09610854,0.11650720,0.13432740,0.14664649,0.15229093,0.15165769,0.14665196,0.13969858,0.13235827,0.12503108,0.11777409,0.11081463,0.10415913,0.09728713,0.08973224,0.08182474,0.07449102,0.06836284,0.06347039,0.05994692,0.05867097,0.06073873,0.06616879,0.07332423,0.07983223,0.08417642,0.08649181,0.08799195,0.08976751,0.09206829,0.09448028,0.09654679,0.09816044,0.09945930
0.21024727,0.20458180,0.18880273,0.17994421,0.18345898,0.19715264,0.21897237,0.24323889,0.26078827,0.26768417,0.26796317,0.26648446,0.26489013,0.26218020,0.25403661,0.23923570,0.22850891,0.23414613,0.25248086,0.26981733,0.27935501,0.28095476,0.27356084,0.25782951,0.23959510,0.22547875,0.21877802,0.21969621,0.22593947,0.23354262,0.23895023,0.24033549,0.23777200,0.23309019,0.22848247,0.22457135,0.22066312,0.21655365,0.21294939,0.21084338,0.21179714,0.21809931,0.23105616,0.24892220,0.26716248,0.28108913,0.28852289,0.29030189,0.28846234,0.28422061,0.27806246
0.07697759,0.07173758,0.06604426,0.06152931,0.05853200,0.05593587,0.05302706,0.05046437,0.04907414,0.04866767,0.04861397,0.04878181,0.04918596,0.04929049,0.04857087,0.04755551,0.04744122,0.04855830,0.04988177,0.05030195,0.04979902,0.04893166,0.04759944,0.04500239,0.04085177,0.03610170,0.03226462,0.03035866,0.03082732,0.03415928,0.04088038,0.05057830,0.06121187,0.06992119,0.07486318,0.07634278,0.07619510,0.07615612,0.07682972,0.07799982,0.07957138,0.08194640,0.08548156,0.08975434,0.09353065,0.09553491,0.09530221,0.09336502,0.09071430,0.08811671,0.08587059
0.19275558,0.17737752,0.17152944,0.17226555,0.17435829,0.17523622,0.17615646,0.18017363,0.18924666,0.20216001,0.21482374,0.22350942,0.22832296,0.23278449,0.23939884,0.24626528,0.24888541,0.24501595,0.23685702,0.22849375,0.22222386,0.21800501,0.21580737,0.21730637,0.22478439,0.23867860,0.25646976,0.27382399,0.28677298,0.29332824,0.29382487,0.29013921,0.28433317,0.27751659,0.26966223,0.26042206,0.25008156,0.23965940,0.23013400,0.22182408,0.21479927,0.20992015,0.20916648,0.21449043,0.22602034,0.24133566,0.25670031,0.26934899,0.27893671,0.28703194,0.29527268
0.06143284,0.05774947,0.05391496,0.05250274,0.05470063,0.05926229,0.06343118,0.06473098,0.06213857,0.05635410,0.04944751,0.04392683,0.04156700,0.04286048,0.04742117,0.05459698,0.06356982,0.07323462,0.08245568,0.09050724,0.09708218,0.10193609,0.10482337,0.10584009,0.10550847,0.10427624,0.10211437,0.09894687,0.09546101,0.09307382,0.09271910,0.09366832,0.09380901,0.09129721,0.08601900,0.07952687,0.07370656,0.06956385,0.06710108,0.06598870,0.06608312,0.06731555,0.06931012,0.07131957,0.07259864,0.07283877,0.07230206,0.07166842,0.07183613,0.07377454,0.07829677
0.12129357,0.13477852,0.14228666,0.14348787,0.14016111,0.13263943,0.12185380,0.11115270,0.10339835,0.09807265,0.09290174,0.08697090,0.08097448,0.07548404,0.07030420,0.06519864,0.06041606,0.05661071,0.05471385,0.05570006,0.05993411,0.06658493,0.07387019,0.08000501,0.08401529,0.08593160,0.08652093,0.08679608,0.08740986,0.08822801,0.08852050,0.08775995,0.08633494,0.08546196,0.08634637,0.08935617,0.09388890,0.09891213,0.10360200,0.10756226,0.11060725,0.11251699,0.11313624,0.11274253,0.11220659,0.11257845,0.11432012,0.11687988,0.11909807,0.12017867,0.12040447
0.10587530,0.09601090,0.08728169,0.08200531,0.08182653,0.08687774,0.09483587,0.10279596,0.11067339,0.12103220,0.13480686,0.14856722,0.15701017,0.15747524,0.15146866,0.14287602,0.13602980,0.13469828,0.14026887,0.14933766,0.15427275,0.14832151,0.13099700,0.10830042,0.08811633,0.07602105,0.07459145,0.08429864,0.10343483,0.12776276,0.15177999,0.17109618,0.18371858,0.18963175,0.19013767,0.18781470,0.18599756,0.18676440,0.18871181,0.18707829,0.17696380,0.15729407,0.13218727,0.10858246,0.09218273,0.08494423,0.08561714,0.09206638,0.10289503,0.11715799,0.13313942
0.20512363,0.20834429,0.19916938,0.18134007,0.16421783,0.15245429,0.14708614,0.15094676,0.16450684,0.18154595,0.19592033,0.20694971,0.21253790,0.20499099,0.18224079,0.15764352,0.14923273,0.16097577,0.18127377,0.19819580,0.20951575,0.21827360,0.22557402,0.23073730,0.23460575,0.23920835,0.24525935,0.25176751,0.25722104,0.25992674,0.25830732,0.25266552,0.24635119,0.24343311,0.24459429,0.24625131,0.24440046,0.23887813,0.23331701,0.23126746,0.23294901,0.23560821,0.23629534,0.23403291,0.22989075,0.22568892,0.22267581,0.22087908,0.21918250,0.21594736,0.20985372
0.08659870,0.08602876,0.09461337,0.11076038,0.12958948,0.14618154,0.15934395,0.17074010,0.18120112,0.19001914,0.19732989,0.20430367,0.21005696,0.21067351,0.20322759,0.18991623,0.17671289,0.16846551,0.16669517,0.17162982,0.18403570,0.20381577,0.22801325,0.25189445,0.27207662,0.28761890,0.29800625,0.30141711,0.29619008,0.28380715,0.26932783,0.25809274,0.25184237,0.24795837,0.24214595,0.23176799,0.21725954,0.20141326,0.18785082,0.17966782,0.17842344,0.18359947,0.19295685,0.20385113,0.21465442,0.22514362,0.23563453,0.24586387,0.25478948,0.26140866,0.26559913
0.16838126,0.17197098,0.17893353,0.18949666,0.20123658,0.20920956,0.21014908,0.20625172,0.20336668,0.20513306,0.20999905,0.21450878,0.21836254,0.22492575,0.23693685,0.25277315,0.26718705,0.27503665,0.27417970,0.26587296,0.25361721,0.24157901,0.23293575,0.22869566,0.22794259,0.22945335,0.23307025,0.23938632,0.24836076,0.25880452,0.26941261,0.27978843,0.28977188,0.29774053,0.30041443,0.29540423,0.28444666,0.27377151,0.27038651,0.27705932,0.29030326,0.30309632,0.30989706,0.30974170,0.30527799,0.29927731,0.29201796,0.28159676,0.26637197,0.24707909,0.22687993
0.28874115,0.26593945,0.23637899,0.21246876,0.20135972,0.20293134,0.21294040,0.22605517,0.23774357,0.24583781,0.25092477,0.25480394,0.25831837,0.26050681,0.25962660,0.25486468,0.24697929,0.23739354,0.22720177,0.21744771,0.20974099,0.20538894,0.20355111,0.20098844,0.19428810,0.18228578,0.16635184,0.14904597,0.13309772,0.12115548,0.11523397,0.11560525,0.12032843,0.12620827,0.13034663,0.13100449,0.12761917,0.12067014,0.11162385,0.10252489,0.09514136,0.09035111,0.08836957,0.08947435,0.09434357,0.10367388,0.11759799,0.13551738,0.15634029,0.17867929,0.20080636
0.08877624,0.09444866,0.09615254,0.09614067,0.09748957,0.10175918,0.10846433,0.11598209,0.12244778,0.12618543,0.12607047,0.12188241,0.11431702,0.10467677,0.09460376,0.08594083,0.08045916,0.07937127,0.08289186,0.09006493,0.09886544,0.10665394,0.11114659,0.11161693,0.10940182,0.10698745,0.10622016,0.10722831,0.10907738,0.11139209,0.11509279,0.12129871,0.12944319,0.13659510,0.13887780,0.13389301,0.12219416,0.10683377,0.09167907,0.07991273,0.07346591,0.07305003,0.07813072,0.08676116,0.09580538,0.10194446,0.10309221,0.09928836,0.09241032,0.08493077,0.07864136
0.08187883,0.07495615,0.06593362,0.05621578,0.04630971,0.03816450,0.03413276,0.03476939,0.03878995,0.04388074,0.04721768,0.04678121,0.04288737,0.03801540,0.03517626,0.03638737,0.04166111,0.04862454,0.05358937,0.05386422,0.04933914,0.04195898,0.03400424,0.02695822,0.02150133,0.01790411,0.01615142,0.01586753,0.01640529,0.01713953,0.01769871,0.01800980,0.01829976,0.01911545,0.02116732,0.02489548,0.03003754,0.03556460,0.04002011,0.04205610,0.04102990,0.03750735,0.03326437,0.03044601,0.03026131,0.03224450,0.03475437,0.03624293,0.03616579,0.03492629,0.03323827
0.11405283,0.11589711,0.11984588,0.12772683,0.14092710,0.15723429,0.17228404,0.18392275,0.19316684,0.20102909,0.20608793,0.20582997,0.19975618,0.19028506,0.18043738,0.17155798,0.16398223,0.15885820,0.15769462,0.16019370,0.16380000,0.16577970,0.16525025,0.16321213,0.16119544,0.16003177,0.15963459,0.15977248,0.16083477,0.16341748,0.16712802,0.17045412,0.17228140,0.17311514,0.17417420,0.17539556,0.17488026,0.17040500,0.16124927,0.14878580,0.13594944,0.12621057,0.12214124,0.12390235,0.12885224,0.13305664,0.13361806,0.12980988,0.12242007,0.11268105,0.10212780
0.17363286,0.19526925,0.20673953,0.20620855,0.19968717,0.19425817,0.19248171,0.19375141,0.19828927,0.20725587,0.21965103,0.23144928,0.23853115,0.23946334,0.23505401,0.22653510,0.21557025,0.20561454,0.20136965,0.20539087,0.21513468,0.22409382,0.22646509,0.22104145,0.21096151,0.20021866,0.19063187,0.18176515,0.17302363,0.16539479,0.16125958,0.16272856,0.17001022,0.18094864,0.19193152,0.19962979,0.20262898,0.20197696,0.20020305,0.19939016,0.19969177,0.19945552,0.19686002,0.19173119,0.18608819,0.18305482,0.18504846,0.19254127,0.20402301,0.21684802,0.22824595
0.07697592,0.06794006,0.06392301,0.06284464,0.06282177,0.06315613,0.06344432,0.06301257,0.06157221,0.05982152,0.05890849,0.05941416,0.06105098,0.06312600,0.06494232,0.06581451,0.06516646,0.06298724,0.06016121,0.05810951,0.05794379,0.05989580,0.06344643,0.06784913,0.07251353,0.07708621,0.08140816,0.08545140,0.08913199,0.09199499,0.09307995,0.09131712,0.08636703,0.07929231,0.07241094,0.06824372,0.06817048,0.07165878,0.07654706,0.08017717,0.08068479,0.07775055,0.07251116,0.06682402,0.06237668,0.06010979,0.06014983,0.06212395,0.06554802,0.07002554,0.07519756
0.14195612,0.13134124,0.13181575,0.14069298,0.15429886,0.16960651,0.18473063,0.19790649,0.20747787,0.21304052,0.21584863,0.21856693,0.22417205,0.23204698,0.23416782,0.21954585,0.18657355,0.14894741,0.12526685,0.12331481,0.13735258,0.15904212,0.18582733,0.21772379,0.25096263,0.27898621,0.29838037,0.31057128,0.31758126,0.31854605,0.31144354,0.29684559,0.27849839,0.26033932,0.24381414,0.22839424,0.21432778,0.20440788,0.20266170,0.21090825,0.22635173,0.24273608,0.25445434,0.26023058,0.26332629,0.26834818,0.27752446,0.28926429,0.29952119,0.30444249,0.30247938
0.14871979,0.15855320,0.17743770,0.19393950,0.19871406,0.19422506,0.18956881,0.18867985,0.18772778,0.18255285,0.17419231,0.16661788,0.16250078,0.16285462,0.16854004,0.17950079,0.19279217,0.20334713,0.20767555,0.20640779,0.20288193,0.19966661,0.19680988,0.19298206,0.18746905,0.18085407,0.17439627,0.16937732,0.16690524,0.16760931,0.17099706,0.17526380,0.17828312,0.17919206,0.17908771,0.18010307,0.18370555,0.18968950,0.19647402,0.20212194,0.20521278,0.20526181,0.20281408,0.19921196,0.19586401,0.19320494,0.19011752,0.18453880,0.17504779,0.16224826,0.14876597
0.10733128,0.10569992,0.10318444,0.10061264,0.10046881,0.10458858,0.11134476,0.11663821,0.11751475,0.11423569,0.10947636,0.10624289,0.10615809,0.10911314,0.11436247,0.12140901,0.12904054,0.13398801,0.13236772,0.12352263,0.11162218,0.10229105,0.09773119,0.09575478,0.09321014,0.08928683,0.08532403,0.08248604,0.08054867,0.07866287,0.07644221,0.07405745,0.07175443,0.06971111,0.06829021,0.06815195,0.07002155,0.07437687,0.08129447,0.09044430,0.10116114,0.11255725,0.12360328,0.13314073,0.14000298,0.14348024,0.14395408,0.14302144,0.14259942,0.14346104,0.14444963
0.18181718,0.19260221,0.19026856,0.17730931,0.16261784,0.15189788,0.14481736,0.13915452,0.13463349,0.13270315,0.13434581,0.13861364,0.14257063,0.14263850,0.13695025,0.12694227,0.11639136,0.10876083,0.10577902,0.10840838,0.11802120,0.13543583,0.15875181,0.18300341,0.20261452,0.21426989,0.21754886,0.21359024,0.20415473,0.19215962,0.18212388,0.17862437,0.18331775,0.19325240,0.20239484,0.20537147,0.20052236,0.19026318,0.17918521,0.17175966,0.17094787,0.17764835,0.19040041,0.20538696,0.21739850,0.22200146,0.21796323,0.20827256,0.19874935,0.19488191,0.19885224
0.19851915,0.19786110,0.19524805,0.18990561,0.18169563,0.17443243,0.17246482,0.17577029,0.18264072,0.19326868,0.20760148,0.22219354,0.23098850,0.22982463,0.22045556,0.20895607,0.20030525,0.19630788,0.19813234,0.20774125,0.22494268,0.24426506,0.25766244,0.26104561,0.25618577,0.24650414,0.23407976,0.22053476,0.20730179,0.19475568,0.18366986,0.17709939,0.17830792,0.18688277,0.19831942,0.20708580,0.20950065,0.20486361,0.19523564,0.18404478,0.17414473,0.16671494,0.16159972,0.15847893,0.15795013,0.16159927,0.17063844,0.18426291,0.19967898,0.21394314,0.22550520
0.08294579,0.07745675,0.07898722,0.08678725,0.09498494,0.09971419,0.10046629,0.09741443,0.09106973,0.08334195,0.07679043,0.07329110,0.07384318,0.07881382,0.08842393,0.10339442,0.12364538,0.14500195,0.15902163,0.15893427,0.14575790,0.12700164,0.10983652,0.09712450,0.08920532,0.08656094,0.08956608,0.09729907,0.10810019,0.12084697,0.13490820,0.14928706,0.16254382,0.17338817,0.18088694,0.18436445,0.18370571,0.17976691,0.17407637,0.16806253,0.16273684,0.15881170,0.15641264,0.15446970,0.15098833,0.14450897,0.13522816,0.12441283,0.11300880,0.10149082,0.09117140
0.12011653,0.13737566,0.15266880,0.15601043,0.14605947,0.13197118,0.12297151,0.11972364,0.11731371,0.11245589,0.10514131,0.09637330,0.08755068,0.08086276,0.07790773,0.07814149,0.07988573,0.08260066,0.08743486,0.09589153,0.10861005,0.12525732,0.14500686,0.16686085,0.18939292,0.21006486,0.22519552,0.23158510,0.22888908,0.22029998,0.21048900,0.20271829,0.19780191,0.19534755,0.19547553,0.19934774,0.20832101,0.22241654,0.23900683,0.25288577,0.25857249,0.25391525,0.24213641,0.23006774,0.22367687,0.22467529,0.23085212,0.23895946,0.24679179,0.25283258,0.25509128
0.22085328,0.19278945,0.16286940,0.13957987,0.12306712,0.11093010,0.10306069,0.10160938,0.10918886,0.12660511,0.15026650,0.17250333,0.18649469,0.19091850,0.18891995,0.18358345,0.17609977,0.16752233,0.15961726,0.15300090,0.14604225,0.13704467,0.12695583,0.11875983,0.11425917,0.11232161,0.11049515,0.10779742,0.10572207,0.10698729,0.11354448,0.12518342,0.13919245,0.15123730,0.15732431,0.15584622,0.14822898,0.13765988,0.12703931,0.11784097,0.11043849,0.10504209,0.10219342,0.10265527,0.10719664,0.11651641,0.13100573,0.15013327,0.17188883,0.19303973,0.21039491
0.15817373,0.15217874,0.14902029,0.14599321,0.13939382,0.12857820,0.11753168,0.11163827,0.11241663,0.11717300,0.12332673,0.12988968,0.13535286,0.13845357,0.14126399,0.14745857,0.15686193,0.16505982,0.16887676,0.16921349,0.16827463,0.16734386,0.16801920,0.17220602,0.17896629,0.18371358,0.18281064,0.17786077,0.17377427,0.17358629,0.17696883,0.18305666,0.19218412,0.20402672,0.21573680,0.22355438,0.22608469,0.22511328,0.22319326,0.22104565,0.21742240,0.21099668,0.20207487,0.19265253,0.18494040,0.17953740,0.17466573,0.16725762,0.15528748,0.13956018,0.12347977
0.09161511,0.08901985,0.08420431,0.07827405,0.07321960,0.06906835,0.06447918,0.05935088,0.05499336,0.05221814,0.05065085,0.04957451,0.04854950,0.04764643,0.04761997,0.04906633,0.05076171,0.04986547,0.04501537,0.03875422,0.03560291,0.03761643,0.04266724,0.04717558,0.04971091,0.05170609,0.05550447,0.06229923,0.07134320,0.08018884,0.08571697,0.08587992,0.08116770,0.07429595,0.06806256,0.06333332,0.05906634,0.05407645,0.04852102,0.04374230,0.04102699,0.04071080,0.04223991,0.04469682,0.04717455,0.04895788,0.04972736,0.04970401,0.04944905,0.04935413,0.04929156
0.09245848,0.08517885,0.07607764,0.06752422,0.06090127,0.05624040,0.05288770,0.05069134,0.05066491,0.05443690,0.06289397,0.07520069,0.08898133,0.10134530,0.10987654,0.11314927,0.11095906,0.10441219,0.09558974,0.08660128,0.07855850,0.07136641,0.06455311,0.05827888,0.05345688,0.05089638,0.05045507,0.05114545,0.05206282,0.05312607,0.05488993,0.05772276,0.06127520,0.06476461,0.06769585,0.07022623,0.07282632,0.07563144,0.07814023,0.07951034,0.07913060,0.07698362,0.07361872,0.06992237,0.06692611,0.06566719,0.06695086,0.07098057,0.07708710,0.08387243,0.08983024
0.19067755,0.21659785,0.22825343,0.22749406,0.22585872,0.23200926,0.24430752,0.25448416,0.25685619,0.25315143,0.24894737,0.24707741,0.24586856,0.24339772,0.24161125,0.24504278,0.25605090,0.27240179,0.28934738,0.30288972,0.31069955,0.31127753,0.30413630,0.29144853,0.27860030,0.27171470,0.27363501,0.28182175,0.28998739,0.29208436,0.28567254,0.27266331,0.25751545,0.24441571,0.23521395,0.22917100,0.22439482,0.21976942,0.21589734,0.21438626,0.21615373,0.22019799,0.22383963,0.22422320,0.21996101,0.21187413,0.20256421,0.19525947,0.19255505,0.19546968,0.20305724
0.10893385,0.12112755,0.12872067,0.13293385,0.13497407,0.13801209,0.14465401,0.15132426,0.15069340,0.14072061,0.12764865,0.11966838,0.12052520,0.12927438,0.14282683,0.15710039,0.16765131,0.17152138,0.16896101,0.16300803,0.15732953,0.15427520,0.15430754,0.15670362,0.16086077,0.16731823,0.17761774,0.19284674,0.21194133,0.23140555,0.24714368,0.25716677,0.26281321,0.26718775,0.27208084,0.27619965,0.27635434,0.27038156,0.25901720,0.24521571,0.23199925,0.22101564,0.21273486,0.20736703,0.20519277,0.20613767,0.20948328,0.21437182,0.22067316,0.22919349,0.24078639
0.32669781,0.32442706,0.30956304,0.28105154,0.24741659,0.22458015,0.22105429,0.22964761,0.23692645,0.23691901,0.23239494,0.22707152,0.22238768,0.22072617,0.22591922,0.23832195,0.25227352,0.26076805,0.26143930,0.25646025,0.24793825,0.23591589,0.22111884,0.20752987,0.20045888,0.20203328,0.20917614,0.21600014,0.21797575,0.21431848,0.20746314,0.20084977,0.19677302,0.19542939,0.19548621,0.19564048,0.19593060,0.19768378,0.20213464,0.20898011,0.21621156,0.22139187,0.22328234,0.22251657,0.22089755,0.21996767,0.21994096,0.21973415,0.21805428,0.21478067,0.21161630
0.16775346,0.19464930,0.22019631,0.23215177,0.22812939,0.21737410,0.21091132,0.21216830,0.21777350,0.22386344,0.22878898,0.23160576,0.23121130,0.22714100,0.21957322,0.20864243,0.19524944,0.18268739,0.17596191,0.17847376,0.18953863,0.20522073,0.22097316,0.23337044,0.24050655,0.24219035,0.24000113,0.23626430,0.23221961,0.22720901,0.21993171,0.21044915,0.20073400,0.19321866,0.18887576,0.18655326,0.18381750,0.17832962,0.16881979,0.15540421,0.13938120,0.12266793,0.10710856,0.09402382,0.08423502,0.07835231,0.07684759,0.07971014,0.08603342,0.09407171,0.10189936
0.25152890,0.27265366,0.27693806,0.26958577,0.26805118,0.27887244,0.29614980,0.31199912,0.31972616,0.31394866,0.29379438,0.26435750,0.23413136,0.21129198,0.20025548,0.20004958,0.20638541,0.21502080,0.22249612,0.22519163,0.21996810,0.20610772,0.18607612,0.16442863,0.14578295,0.13298788,0.12677941,0.12712541,0.13418680,0.14715915,0.16270276,0.17589661,0.18327558,0.18458827,0.18176226,0.17706099,0.17254881,0.17041954,0.17266634,0.17999149,0.19113577,0.20332201,0.21340463,0.21897956,0.21898822,0.21364943,0.20388089,0.19074401,0.17539277,0.15937803,0.14467674
0.19624331,0.20784751,0.21748939,0.21827981,0.20582379,0.18394117,0.16155601,0.14539039,0.13677444,0.13348429,0.13210988,0.12926029,0.12323708,0.11576290,0.11105316,0.11233377,0.11964739,0.13110291,0.14500516,0.15983343,0.17324790,0.18321345,0.19067651,0.19965005,0.21306301,0.22850508,0.23911631,0.23931340,0.22953606,0.21536396,0.20248992,0.19284387,0.18492808,0.17669444,0.16756143,0.15835389,0.15046723,0.14552435,0.14518190,0.15023731,0.15941644,0.16927726,0.17590378,0.17724732,0.17420289,0.16964993,0.16646505,0.16612795,0.16862917,0.17315571,0.17870552
0.10006946,0.09244588,0.09569576,0.10725988,0.12504792,0.14513336,0.16076592,0.16589364,0.15956146,0.14616436,0.13165729,0.11988635,0.11177936,0.10654698,0.10289745,0.09957611,0.09563822,0.09072373,0.08520066,0.08006190,0.07659643,0.07589794,0.07841122,0.08385148,0.09156437,0.10087792,0.11097312,0.12048343,0.12757049,0.13076979,0.12989412,0.12600813,0.12040828,0.11362532,0.10543294,0.09573958,0.08534160,0.07578595,0.06859713,0.06467670,0.06426958,0.06716132,0.07263857,0.07929274,0.08520740,0.08880360,0.08986607,0.08987252,0.09119269,0.09563617,0.10336523
0.09171287,0.09891379,0.10229882,0.10115948,0.09848902,0.09835746,0.10307781,0.11259717,0.12548010,0.13961977,0.15244789,0.16161050,0.16607026,0.16654083,0.16489135,0.16325866,0.16329273,0.16524064,0.16720808,0.16599127,0.15990575,0.15135482,0.14599340,0.14831380,0.15750436,0.16777151,0.17312142,0.17220902,0.16890890,0.16850757,0.17331488,0.18135988,0.18849388,0.19141216,0.18921074,0.18312144,0.17550923,0.16898726,0.16562284,0.16604579,0.16887246,0.17116607,0.17001295,0.16426979,0.15522713,0.14571775,0.13836889,0.13423421,0.13259463,0.13180235,0.13043022
0.13512974,0.13938182,0.14362933,0.14538962,0.14225699,0.13453669,0.12924871,0.13437100,0.15045323,0.17209153,0.19406334,0.21212768,0.22205192,0.22228942,0.21522907,0.20368249,0.18924630,0.17542083,0.16774058,0.16747138,0.16797951,0.16083128,0.14467306,0.12627892,0.11389804,0.11102361,0.11522591,0.12062875,0.12157264,0.11591779,0.10606417,0.09667109,0.09115948,0.09021666,0.09277963,0.09739897,0.10278391,0.10821880,0.11406306,0.12116764,0.12900741,0.13466841,0.13462382,0.12798953,0.11781057,0.10886790,0.10418594,0.10348180,0.10440167,0.10472568,0.10355086
0.13028281,0.13480497,0.14989072,0.17100416,0.19069865,0.20422722,0.21225645,0.21851095,0.22576504,0.23457981,0.24478392,0.25626952,0.26762329,0.27508030,0.27441067,0.26446644,0.24856391,0.23202424,0.21829587,0.20730199,0.19706248,0.18656552,0.17734853,0.17293473,0.17690441,0.19080467,0.21286259,0.23818763,0.26060963,0.27530213,0.28061438,0.27802985,0.27066878,0.26181146,0.25444278,0.25138523,0.25485446,0.26510677,0.27931877,0.29222922,0.29875580,0.29695938,0.28916420,0.28036754,0.27513744,0.27521707,0.27926555,0.28440267,0.28803463,0.28866479,0.28557725
0.21696728,0.20481445,0.18957047,0.17725025,0.17149671,0.17463884,0.18542237,0.19734294,0.20472439,0.20851645,0.21304318,0.21857591,0.21957579,0.21082716,0.19439399,0.17907198,0.17273301,0.17635835,0.18549748,0.19557234,0.20479120,0.21327535,0.22092111,0.22638897,0.22798297,0.22551270,0.22118994,0.21849867,0.22006446,0.22633409,0.23584802,0.24661128,0.25736137,0.26753786,0.27599638,0.28024515,0.27779417,0.26862220,0.25601534,0.24466974,0.23791824,0.23652251,0.23946883,0.24546709,0.25389272,0.26470717,0.27747325,0.29020220,0.29929078,0.30119779,0.29479613
0.19089346,0.20969985,0.22626491,0.23541936,0.23651317,0.23238794,0.22648285,0.22141743,0.21899915,0.21998718,0.22351852,0.22722405,0.22834043,0.22510084,0.21741257,0.20648478,0.19424487,0.18347456,0.17791943,0.18072862,0.19179136,0.20713178,0.22195801,0.23443520,0.24597604,0.25798266,0.26914599,0.27629260,0.27732841,0.27290564,0.26566737,0.25859295,0.25396928,0.25296939,0.25528441,0.25896073,0.26096764,0.25845275,0.25003910,0.23656625,0.22099976,0.20740511,0.19917723,0.19735252,0.20018551,0.20448668,0.20784195,0.21008294,0.21303053,0.21891727,0.22870551
0.18995683,0.21483706,0.23679727,0.24889090,0.25249653,0.25346105,0.25800587,0.27027197,0.28889483,0.30665672,0.31658512,0.31803695,0.31557081,0.31288597,0.30953143,0.30346179,0.29483265,0.28590686,0.27839421,0.27224430,0.26614921,0.25840129,0.24852747,0.23884242,0.23324495,0.23403661,0.24069232,0.25121220,0.26325298,0.27431606,0.28228511,0.28601895,0.28552650,0.28296665,0.28370984,0.29362049,0.31281791,0.33326166,0.34484523,0.34388257,0.33475336,0.32457634,0.31823530,0.31742534,0.32101897,0.32496634,0.32392444,0.31525811,0.30146698,0.28790661,0.27842531
0.11400104,0.10963048,0.10668951,0.10665522,0.11215590,0.12423762,0.13855158,0.14694668,0.14594412,0.14036698,0.13684188,0.13802734,0.14325330,0.15036240,0.15680775,0.16051120,0.15939407,0.15166504,0.13781053,0.12044509,0.10234753,0.08610124,0.07328911,0.06358730,0.05958590,0.07139524,0.10749384,0.16034846,0.21036142,0.24524879,0.26730691,0.28188923,0.28867339,0.28638303,0.27796070,0.26743535,0.25594056,0.24251790,0.22565872,0.20347615,0.17545553,0.14502605,0.11866478,0.10197845,0.09727816,0.10387396,0.11890703,0.13810902,0.15716645,0.17271188,0.18206794
0.27149831,0.25092816,0.23085229,0.22045549,0.22232543,0.23007253,0.23749543,0.23881699,0.23325258,0.22741476,0.22743546,0.23594639,0.25256686,0.27285899,0.29029507,0.30021054,0.30173519,0.29570128,0.28251299,0.26401390,0.24455284,0.22895598,0.21903238,0.20963211,0.19290034,0.17013506,0.15139773,0.14236020,0.14106428,0.14490938,0.15159416,0.15706282,0.15861363,0.15696117,0.15393495,0.15107956,0.14943325,0.14849703,0.14685688,0.14477537,0.14508831,0.15105034,0.16294918,0.17655275,0.18602221,0.18897940,0.18763403,0.18526405,0.18352866,0.18275770,0.18242195
0.17750732,0.16398393,0.15600264,0.16011678,0.16767942,0.16917372,0.16891578,0.17672345,0.19416151,0.21415685,0.22944034,0.23834986,0.24183388,0.23831633,0.22655385,0.20973970,0.19195526,0.17611439,0.16755007,0.17111176,0.18351875,0.19672870,0.20784048,0.21819769,0.22558071,0.22515594,0.21694276,0.20694683,0.20108789,0.20032383,0.20103333,0.19882946,0.19215226,0.18274849,0.17357223,0.16702327,0.16438275,0.16557026,0.16970707,0.17625983,0.18417324,0.18953322,0.18717298,0.17695395,0.16619774,0.16281095,0.16713979,0.17338825,0.17803488,0.18337907,0.19257497
0.10029275,0.10865416,0.12217340,0.14009074,0.15907731,0.17389359,0.18072410,0.17994175,0.17543216,0.17106650,0.16807248,0.16595914,0.16524656,0.16814596,0.17634185,0.18898754,0.20356411,0.21826206,0.23265643,0.24607113,0.25636270,0.26140144,0.26196620,0.26261807,0.26891405,0.28298701,0.30126333,0.31644709,0.32252984,0.31921773,0.31245855,0.31048439,0.31811515,0.33352919,0.34993559,0.36073744,0.36398989,0.36269840,0.36116048,0.36084371,0.35932305,0.35278559,0.33951511,0.32133726,0.30224277,0.28590451,0.27429813,0.26807546,0.26757212,0.27305603,0.28401084
0.09450380,0.09046478,0.08605721,0.08156091,0.07783928,0.07675893,0.07985507,0.08662439,0.09441731,0.10036234,0.10340550,0.10419104,0.10313943,0.09955808,0.09330677,0.08682436,0.08435171,0.08862351,0.09864928,0.11094361,0.12242210,0.13161551,0.13758820,0.13898825,0.13504358,0.12725719,0.11930591,0.11474008,0.11467835,0.11762375,0.12117750,0.12374722,0.12497803,0.12528834,0.12547566,0.12659579,0.12963875,0.13488848,0.14158735,0.14844107,0.15456920,0.15990358,0.16459887,0.16816270,0.16940767,0.16746981,0.16294287,0.15795017,0.15496974,0.15540323,0.15903798
0.23107846,0.24072799,0.23893204,0.23055070,0.22715605,0.23706808,0.25828337,0.28160223,0.30060739,0.31600786,0.32930708,0.33636046,0.33158295,0.31723424,0.30402789,0.30132255,0.30908521,0.32036999,0.32928829,0.33468607,0.33750569,0.33733200,0.33251420,0.32296674,0.31226460,0.30674477,0.31159723,0.32633841,0.34358235,0.35333932,0.35017459,0.33709719,0.32252446,0.31316953,0.30938520,0.30659137,0.30044191,0.29062468,0.28058236,0.27448445,0.27441069,0.27944688,0.28651544,0.29197195,0.29310775,0.28894941,0.28006924,0.26773501,0.25324430,0.23802478,0.22412793
0.08088218,0.07813148,0.07867219,0.08352238,0.09205151,0.10237255,0.11420756,0.12852703,0.14414597,0.15759544,0.16615733,0.16915427,0.16742360,0.16323758,0.15965570,0.15856205,0.15950417,0.16029261,0.15827032,0.15209302,0.14353903,0.13676484,0.13469672,0.13699861,0.14220343,0.15001254,0.15981692,0.16832734,0.17095427,0.16552357,0.15372335,0.13995186,0.13030750,0.13121911,0.14528456,0.16688804,0.18413920,0.18785597,0.17901114,0.16660268,0.15864262,0.15619932,0.15552641,0.15368351,0.15076359,0.14782970,0.14479568,0.14097014,0.13661969,0.13294497,0.13060937
0.18591792,0.17261425,0.15405696,0.13864188,0.13066101,0.13114826,0.13950672,0.15287388,0.16666962,0.17782661,0.18663282,0.19452880,0.20102201,0.20370403,0.20091434,0.19393376,0.18697453,0.18511088,0.19104820,0.20265212,0.21374754,0.21841832,0.21524237,0.20745575,0.19928342,0.19264306,0.18732235,0.18330691,0.18182971,0.18397586,0.18883261,0.19342037,0.19439174,0.18982881,0.17990157,0.16644598,0.15211973,0.13963993,0.13137935,0.12938167,0.13540144,0.15027584,0.17253520,0.19740867,0.21782603,0.22764433,0.22513013,0.21396406,0.20078702,0.19111534,0.18668949
0.21924193,0.22349670,0.21364727,0.19195215,0.17093123,0.16003033,0.15747390,0.15564357,0.15010583,0.14192242,0.13487761,0.13283111,0.13709824,0.14357082,0.14390808,0.13251793,0.11248365,0.09314039,0.08204016,0.08044233,0.08582643,0.09628528,0.11133897,0.12985098,0.14904287,0.16607045,0.18004152,0.19207304,0.20337731,0.21337878,0.21965833,0.21959604,0.21198523,0.19727951,0.17691424,0.15301508,0.12871255,0.10791332,0.09383849,0.08741915,0.08726505,0.09138192,0.09894962,0.11051454,0.12670708,0.14694866,0.16925276,0.19095839,0.20958337,0.22333150,0.23133153
0.22746002,0.20828616,0.18632871,0.16916536,0.16283233,0.16918748,0.18478564,0.20303779,0.21840724,0.22882780,0.23480315,0.23753874,0.23850817,0.23989672,0.24417063,0.25265624,0.26443976,0.27644042,0.28453652,0.28531616,0.27784172,0.26444127,0.24982027,0.23897482,0.23522958,0.23925386,0.24896068,0.26005818,0.26745846,0.26749491,0.25983965,0.24759467,0.23523517,0.22589423,0.22000095,0.21601224,0.21227089,0.20843871,0.20566527,0.20568391,0.20955804,0.21680169,0.22536037,0.23253420,0.23636205,0.23658450,0.23452056,0.23200494,0.23025867,0.22951593,0.22946345
0.22400039,0.22530626,0.22573070,0.22389405,0.21662478,0.20521496,0.19473452,0.18836406,0.18621083,0.18863910,0.19646736,0.20777173,0.21848730,0.22746608,0.23793976,0.25206786,0.26595374,0.27219449,0.26678251,0.25242399,0.23615498,0.22524520,0.22431516,0.23328795,0.24648552,0.25507768,0.25276497,0.24014778,0.22345134,0.20889550,0.19825276,0.18910505,0.17815510,0.16390629,0.14728900,0.13127916,0.12026820,0.11858541,0.12803463,0.14617622,0.16739037,0.18637957,0.20121585,0.21334874,0.22494794,0.23637108,0.24598545,0.25194435,0.25375293,0.25217540,0.24806344
0.13090839,0.14016665,0.14703492,0.15595703,0.16853320,0.18196390,0.19150745,0.19381422,0.18826328,0.17630784,0.16039759,0.14335651,0.12801652,0.11673156,0.11083188,0.11042098,0.11477039,0.12298383,0.13422442,0.14725094,0.15987637,0.16915561,0.17242007,0.16862332,0.15939039,0.14919388,0.14400181,0.14835136,0.16237253,0.18121763,0.19786919,0.20729136,0.20855943,0.20364579,0.19478970,0.18325313,0.17007338,0.15703752,0.14627922,0.13901294,0.13509274,0.13392077,0.13539825,0.13952066,0.14499113,0.14866099,0.14692811,0.13815613,0.12400557,0.10851978,0.09581916
0.22689083,0.22018714,0.22449216,0.23786810,0.25333333,0.26197493,0.25726301,0.23866010,0.21178695,0.18454130,0.16245863,0.14726952,0.13877330,0.13669274,0.14031973,0.14732270,0.15407990,0.15754231,0.15662994,0.15199682,0.14495010,0.13671805,0.12823668,0.12007421,0.11255438,0.10631202,0.10280638,0.10387223,0.11026246,0.12048441,0.13129467,0.13969912,0.14483749,0.14827415,0.15266453,0.15994050,0.17012255,0.18113362,0.18949882,0.19172981,0.18601624,0.17342688,0.15772284,0.14360806,0.13439195,0.13057484,0.13020445,0.13054153,0.12976016,0.12769131,0.12554276
0.19569025,0.19471321,0.19381443,0.19837116,0.21210112,0.23231458,0.25051178,0.25894902,0.25692945,0.25018531,0.24436003,0.24003290,0.23407972,0.22448202,0.21271989,0.20199480,0.19433415,0.18972945,0.18737710,0.18713433,0.18978412,0.19604531,0.20520892,0.21467117,0.22119567,0.22325653,0.22240094,0.22204684,0.22456082,0.22938173,0.23402538,0.23680293,0.23828733,0.24001145,0.24197242,0.24182504,0.23679935,0.22648101,0.21373684,0.20296134,0.19730290,0.19714779,0.20065418,0.20534045,0.20929699,0.21146972,0.21142675,0.20918962,0.20527958,0.20076956,0.19714085
0.17089804,0.18386543,0.19975433,0.21586933,0.22932969,0.24171270,0.25521417,0.26603517,0.26621056,0.25255160,0.23122573,0.21292795,0.20474040,0.20603164,0.20999610,0.20871428,0.19864253,0.18284934,0.16810302,0.15969137,0.15905807,0.16534737,0.17709942,0.19144121,0.20303522,0.20611761,0.19859719,0.18381269,0.16788642,0.15539443,0.14731898,0.14221981,0.13853112,0.13587440,0.13502314,0.13715370,0.14287448,0.15139586,0.16041850,0.16711014,0.16966589,0.16831589,0.16506029,0.16245074,0.16232801,0.16517089,0.17015311,0.17571898,0.18043730,0.18377829,0.18634827
0.13942309,0.14758744,0.16075981,0.17843190,0.19611755,0.20715459,0.20978960,0.20716784,0.20159768,0.19359927,0.18472248,0.17880973,0.17982321,0.18747492,0.19717150,0.20548120,0.21220874,0.21777301,0.22285674,0.22858972,0.23431290,0.23864220,0.24294312,0.24935657,0.25711773,0.26363463,0.26447112,0.25230517,0.22634777,0.20377598,0.20811043,0.24178792,0.28144866,0.30383666,0.30600992,0.29789894,0.28721355,0.27767539,0.27334234,0.27696821,0.28687566,0.29928060,0.31187960,0.32358128,0.33329270,0.34094096,0.34815501,0.35644118,0.36538568,0.37316174,0.37792680
0.28364454,0.27310268,0.25352308,0.23185211,0.21458707,0.20405060,0.19955245,0.19933088,0.20039641,0.19849342,0.19046289,0.17693162,0.16195811,0.15002972,0.14385635,0.14460967,0.15277300,0.16759254,0.18594039,0.20282253,0.21385720,0.21757969,0.21560631,0.21101298,0.20675010,0.20509538,0.20758473,0.21461110,0.22491958,0.23587979,0.24472827,0.24983430,0.25091732,0.24823893,0.24186669,0.23195593,0.21978334,0.20828761,0.20115700,0.20080072,0.20663517,0.21501955,0.22099108,0.22068150,0.21292134,0.19923517,0.18255703,0.16570339,0.15053327,0.13804389,0.12897241
0.11578279,0.11809318,0.11918030,0.12026062,0.12334345,0.12976543,0.13953143,0.15019206,0.15703542,0.15599051,0.14595626,0.12858638,0.10781293,0.08920978,0.07707870,0.07185542,0.07206053,0.07800324,0.09145656,0.11242464,0.13820264,0.16498756,0.18899760,0.20735223,0.22002466,0.23031537,0.24144579,0.25274919,0.26049961,0.26226284,0.25921574,0.25423241,0.24872943,0.24165123,0.23107814,0.21670915,0.20074176,0.18580767,0.17199885,0.15710410,0.14062968,0.12642479,0.11952187,0.12059384,0.12544081,0.13051443,0.13716358,0.14897162,0.16599828,0.18364613,0.19720354
0.18658779,0.16360236,0.15022194,0.15158068,0.16391435,0.17937756,0.19364552,0.20683398,0.21843442,0.22507339,0.22356481,0.21464936,0.20401779,0.19967725,0.20663063,0.22319820,0.24270596,0.25846353,0.26726096,0.26956726,0.26745089,0.26219804,0.25403277,0.24425861,0.23648782,0.23456843,0.23990943,0.25164076,0.26819195,0.28716970,0.30449580,0.31571844,0.31873898,0.31469252,0.30651455,0.29749810,0.29063071,0.28756992,0.28754471,0.28803281,0.28713840,0.28510464,0.28356009,0.28401553,0.28724382,0.29300902,0.29934601,0.30256566,0.29935012,0.28947754,0.27604947
0.17292444,0.14120676,0.11310133,0.10434729,0.12109839,0.15437445,0.18265161,0.19145654,0.18495216,0.17422337,0.16594479,0.16348976,0.16741267,0.17397968,0.17858711,0.17911879,0.17547266,0.16954168,0.16475562,0.16213306,0.15819318,0.14928618,0.13649865,0.12470855,0.11824433,0.11848547,0.12418810,0.13264493,0.14090238,0.14694639,0.15027334,0.15150778,0.15159406,0.15130155,0.15133800,0.15275587,0.15679419,0.16367122,0.17148546,0.17709925,0.17862399,0.17652996,0.17185514,0.16409990,0.15204250,0.13657169,0.12169261,0.11226197,0.11098273,0.11737291,0.12861347
0.23345794,0.19927487,0.18285655,0.19250583,0.21249766,0.22511993,0.22811429,0.22911792,0.23264046,0.23722859,0.24028623,0.24121816,0.24130511,0.24245643,0.24522344,0.24722371,0.24454750,0.23589165,0.22536059,0.22049880,0.22660509,0.24223840,0.26030730,0.27390442,0.28098166,0.28338636,0.28265292,0.27843545,0.27096612,0.26310594,0.25858282,0.25867986,0.26153375,0.26439532,0.26580980,0.26581376,0.26498693,0.26362478,0.26122224,0.25643844,0.24819779,0.23753753,0.22814351,0.22417566,0.22700173,0.23410702,0.24129790,0.24581314,0.24729962,0.24634241,0.24284455
0.11746828,0.13167153,0.13788133,0.12902621,0.10849285,0.08540980,0.06590911,0.05193597,0.04447802,0.04398208,0.04907252,0.05694085,0.06447914,0.06913562,0.07035820,0.07035517,0.07180490,0.07443907,0.07507748,0.07127208,0.06383661,0.05550229,0.04816394,0.04213782,0.03740249,0.03447691,0.03387562,0.03526857,0.03761846,0.04004724,0.04230497,0.04447803,0.04665233,0.04903485,0.05198323,0.05533489,0.05770135,0.05705113,0.05255971,0.04589401,0.04036562,0.03864056,0.04117359,0.04651705,0.05263602,0.05781803,0.06089139,0.06136548,0.05969128,0.05712858,0.05499390
0.23828494,0.20825566,0.17707693,0.15513445,0.14324604,0.13146257,0.11600715,0.10988197,0.12756783,0.16515570,0.20476985,0.23377440,0.25088686,0.25778762,0.25484377,0.24459275,0.23174770,0.21832432,0.20288281,0.18473515,0.16543029,0.14625738,0.12775652,0.11216356,0.10341664,0.10371329,0.11203676,0.12687669,0.14834356,0.17592183,0.20518481,0.22869041,0.24072029,0.24092274,0.23367946,0.22444827,0.21617378,0.20786180,0.19586883,0.17708112,0.15191016,0.12498385,0.10319932,0.09278043,0.09708592,0.11558025,0.14374362,0.17426954,0.19992393,0.21692640,0.22639083
0.11325835,0.09739908,0.08380020,0.07648316,0.07735669,0.08500976,0.09625138,0.10841822,0.12013662,0.13057823,0.13884375,0.14426847,0.14695535,0.14780473,0.14829291,0.15046859,0.15679274,0.16906518,0.18672719,0.20613641,0.22208883,0.23082789,0.23212327,0.22865272,0.22338357,0.21744773,0.21032414,0.20174778,0.19312002,0.18687956,0.18446642,0.18492762,0.18554802,0.18394211,0.17975529,0.17461644,0.17060697,0.16868274,0.16826340,0.16803146,0.16704443,0.16528758,0.16350965,0.16277762,0.16417175,0.16863069,0.17670202,0.18813104,0.20158647,0.21492058,0.22601630
0.06326847,0.06620034,0.06869040,0.07056067,0.07167364,0.07192073,0.07201363,0.07367576,0.07856580,0.08692317,0.09717725,0.10665708,0.11281895,0.11453994,0.11300327,0.11136665,0.11288229,0.11862212,0.12674824,0.13400355,0.13796768,0.13806933,0.13492329,0.12927854,0.12179663,0.11347621,0.10573721,0.09982302,0.09618719,0.09455435,0.09448931,0.09576396,0.09820372,0.10139118,0.10469484,0.10756227,0.10964290,0.11057132,0.10975412,0.10656551,0.10087087,0.09335632,0.08528604,0.07787917,0.07185817,0.06749487,0.06495557,0.06449710,0.06631729,0.07028476,0.07589183
0.16608112,0.15975681,0.14699008,0.13029591,0.11372096,0.10174927,0.09764125,0.10203212,0.11265181,0.12549545,0.13700986,0.14606503,0.15420451,0.16369529,0.17486770,0.18521645,0.19125479,0.19138144,0.18697454,0.18081396,0.17467682,0.16853498,0.16176369,0.15462211,0.14833316,0.14396344,0.14162579,0.14089357,0.14172242,0.14457839,0.14947194,0.15494645,0.15824902,0.15678736,0.14976035,0.13870226,0.12660817,0.11636566,0.10954829,0.10615790,0.10518601,0.10544464,0.10614278,0.10697629,0.10782156,0.10833147,0.10776055,0.10518364,0.09999726,0.09237752,0.08337704
0.22156790,0.22960146,0.23951757,0.24649178,0.24810372,0.24507666,0.24014799,0.23527159,0.22987731,0.22287185,0.21608790,0.21392267,0.21865989,0.22730293,0.23420786,0.23628815,0.23464043,0.23170863,0.22859885,0.22562165,0.22389091,0.22467205,0.22711186,0.22781394,0.22354104,0.21439233,0.20423180,0.19815943,0.19945574,0.20815984,0.22156286,0.23574986,0.24730792,0.25448780,0.25723053,0.25611089,0.25123231,0.24226549,0.22963698,0.21552759,0.20342973,0.19651469,0.19627069,0.20244796,0.21388342,0.22901214,0.24559650,0.26042817,0.26998886,0.27203109,0.26692434
0.08125297,0.09896563,0.12043603,0.14093940,0.15514022,0.15979151,0.15822525,0.15727988,0.15857119,0.15624201,0.14449427,0.12474371,0.10433359,0.09059674,0.08754395,0.09585886,0.11279361,0.13187444,0.14524679,0.14845301,0.14335284,0.13618367,0.13273355,0.13495579,0.14109070,0.14803912,0.15367565,0.15772889,0.16109241,0.16431886,0.16655605,0.16588290,0.16078690,0.15142334,0.13951397,0.12709313,0.11535014,0.10452105,0.09462028,0.08606071,0.07955753,0.07561006,0.07427461,0.07547539,0.07935535,0.08605007,0.09494956,0.10422705,0.11131497,0.11414480,0.11223778
0.17305927,0.18066427,0.19217456,0.20752541,0.22722177,0.24440733,0.24755486,0.23370440,0.21430254,0.20472882,0.21021655,0.22376779,0.23518605,0.23930081,0.23691728,0.23149730,0.22611102,0.22177863,0.21699735,0.20887202,0.19557274,0.17841072,0.16201956,0.15255888,0.15472682,0.16875263,0.18920628,0.20727803,0.21577310,0.21318409,0.20346223,0.19198781,0.18170120,0.17259930,0.16395557,0.15617370,0.15046427,0.14736978,0.14612908,0.14540710,0.14431602,0.14275360,0.14122428,0.14074675,0.14279608,0.14869833,0.15844656,0.16990611,0.17944858,0.18387177,0.18220216
0.18851477,0.20151865,0.21140455,0.21547309,0.21899816,0.22738685,0.23880112,0.24727805,0.24975367,0.24699961,0.23995880,0.22844179,0.21312963,0.19700040,0.18423282,0.17772424,0.17727129,0.18000346,0.18272287,0.18364523,0.18200138,0.17717213,0.16938875,0.16091652,0.15533427,0.15516934,0.16037651,0.16876743,0.17723800,0.18274612,0.18322048,0.17845612,0.17024081,0.16136055,0.15425837,0.15020617,0.14903859,0.14928209,0.14892108,0.14675612,0.14331526,0.14023266,0.13852237,0.13749294,0.13538743,0.13094031,0.12422162,0.11620883,0.10795508,0.10031478,0.09416545
0.16720625,0.18586226,0.19851984,0.20040232,0.19628156,0.19481010,0.19927581,0.21183335,0.23250077,0.25274597,0.26535055,0.26831238,0.25354065,0.21932205,0.18978079,0.18890597,0.20715808,0.22108544,0.22630801,0.23073051,0.23657693,0.24292071,0.24976733,0.25447132,0.25485089,0.25413981,0.25618941,0.26080346,0.26693628,0.27404205,0.27918172,0.27889741,0.27417535,0.26967802,0.26944897,0.27538937,0.28639462,0.29657211,0.29798973,0.28808347,0.27241499,0.25903696,0.25234681,0.25266783,0.25835884,0.26639993,0.27294131,0.27549594,0.27453137,0.27248890,0.27171496
0.12834200,0.11856032,0.11775417,0.12476908,0.13629870,0.14906651,0.16028780,0.16800661,0.17175631,0.17223490,0.16980391,0.16371666,0.15345455,0.14081940,0.13013324,0.12572990,0.12872075,0.13580506,0.14116614,0.14007777,0.13168790,0.11916408,0.10730164,0.09946623,0.09609366,0.09558855,0.09645355,0.09859108,0.10273288,0.10884962,0.11532490,0.11981184,0.12099025,0.11960958,0.11795211,0.11831337,0.12182616,0.12838299,0.13727377,0.14762061,0.15818404,0.16700172,0.17164156,0.17027942,0.16292605,0.15180296,0.14044028,0.13205049,0.12827740,0.12908243,0.13362341
0.32931619,0.31807646,0.30362445,0.28561997,0.26730028,0.25290369,0.24432482,0.24194890,0.24569410,0.25432365,0.26587953,0.28032290,0.30095220,0.32936931,0.35844156,0.37660599,0.38034398,0.37438576,0.36025022,0.33671824,0.31196685,0.30079436,0.30610609,0.31443260,0.31269211,0.29993024,0.28126245,0.26067050,0.24329736,0.23642765,0.24267854,0.25602520,0.26808622,0.27612896,0.28286784,0.29051458,0.29728119,0.29883460,0.29157095,0.27487227,0.25160053,0.22689512,0.20596400,0.19226189,0.18699801,0.18964957,0.19863681,0.21176997,0.22652206,0.24023557,0.25040038
0.14540407,0.14192193,0.13939003,0.13669851,0.13211235,0.12617071,0.12161870,0.12229971,0.13196504,0.15132620,0.17496360,0.19314774,0.19881333,0.19278154,0.18208983,0.17449248,0.17494359,0.18497113,0.20245403,0.22177135,0.23635754,0.24272382,0.24190933,0.23685185,0.22916133,0.21909746,0.20792324,0.19882932,0.19498294,0.19713974,0.20350850,0.21154977,0.21944028,0.22606005,0.23035901,0.23124459,0.22800101,0.22062811,0.20994176,0.19768449,0.18651363,0.17931707,0.17780384,0.18132618,0.18708952,0.19181268,0.19358498,0.19252688,0.19001926,0.18748380,0.18579405
0.16150893,0.16634620,0.17100034,0.17255905,0.17263096,0.17563522,0.18497800,0.19823034,0.20708673,0.20523464,0.19520779,0.18527954,0.18184179,0.18689789,0.19937545,0.21494704,0.22676038,0.23033305,0.22724034,0.22195982,0.21646784,0.20992097,0.20179222,0.19254593,0.18258172,0.17387997,0.17229313,0.18427726,0.20937094,0.23777008,0.25736985,0.26288209,0.25753781,0.24753568,0.23694797,0.22744278,0.21993071,0.21436960,0.20868154,0.19983584,0.18686479,0.17236849,0.16063220,0.15443969,0.15378477,0.15707301,0.16281624,0.17011811,0.17821410,0.18618649,0.19314126
0.06906389,0.07056460,0.07402994,0.07691131,0.07746976,0.07609022,0.07495292,0.07639560,0.08118461,0.08785270,0.09357251,0.09604639,0.09510225,0.09277066,0.09172863,0.09329528,0.09652061,0.09900548,0.09872630,0.09545232,0.09081604,0.08721334,0.08649166,0.08926640,0.09498834,0.10234639,0.10966128,0.11529657,0.11819537,0.11833077,0.11662915,0.11423710,0.11163734,0.10837978,0.10370610,0.09753258,0.09091572,0.08559418,0.08301359,0.08362971,0.08695040,0.09211267,0.09842566,0.10549066,0.11295682,0.12024537,0.12650623,0.13082908,0.13256691,0.13162232,0.12859802
0.11364578,0.11395306,0.11232466,0.10986717,0.10751685,0.10514247,0.10287438,0.10191087,0.10289451,0.10483810,0.10634770,0.10680511,0.10608577,0.10420996,0.10173166,0.09995563,0.10038496,0.10379369,0.10953892,0.11565438,0.11992980,0.12135523,0.12082090,0.12047460,0.12218339,0.12633023,0.13198442,0.13809283,0.14411052,0.14931056,0.15208620,0.15077789,0.14528796,0.13732143,0.12879831,0.12038231,0.11174370,0.10282968,0.09444790,0.08778777,0.08379384,0.08297105,0.08534578,0.09034623,0.09686159,0.10362667,0.10958367,0.11392745,0.11607027,0.11584638,0.11373877
0.18250078,0.19814789,0.22251794,0.24934806,0.26903549,0.27586313,0.27355729,0.26982983,0.26805704,0.26743321,0.26765008,0.26943946,0.27235316,0.27455437,0.27367394,0.26716288,0.25410881,0.23793438,0.22514694,0.21956928,0.21887177,0.21820093,0.21638604,0.21703125,0.22367807,0.23522186,0.24651453,0.25275059,0.25282782,0.24900950,0.24419229,0.23974860,0.23558675,0.23175625,0.22969840,0.23178621,0.23940734,0.25117719,0.26288187,0.26943289,0.26755684,0.25744377,0.24246315,0.22742122,0.21652746,0.21199590,0.21362473,0.21930963,0.22621000,0.23202616,0.23575147
0.15333950,0.15430874,0.15274068,0.15054262,0.15065010,0.15376792,0.15745022,0.15844802,0.15589610,0.15199799,0.14974905,0.15076340,0.15543358,0.16384547,0.17528349,0.18727687,0.19631771,0.19993229,0.19804677,0.19280155,0.18747744,0.18512882,0.18723559,0.19303950,0.20010760,0.20576086,0.20850666,0.20884348,0.20899152,0.21137959,0.21677118,0.22377640,0.23039681,0.23590806,0.24085941,0.24530264,0.24763452,0.24564238,0.23858109,0.22797869,0.21654925,0.20662223,0.19946175,0.19539774,0.19401861,0.19431183,0.19515660,0.19605191,0.19730211,0.19927742,0.20146246
0.02743424,0.02749976,0.03153035,0.03906380,0.04850257,0.05787109,0.06557326,0.07023552,0.07178737,0.07265986,0.07538975,0.07957074,0.08345341,0.08712608,0.09183597,0.09741152,0.10195830,0.10353414,0.10185440,0.09887637,0.09747414,0.09940828,0.10506257,0.11442589,0.12669719,0.13907658,0.14771641,0.15051859,0.14821436,0.14260682,0.13484402,0.12591426,0.11779512,0.11272469,0.11105225,0.11051753,0.10821426,0.10315357,0.09670264,0.09084891,0.08656957,0.08384730,0.08259381,0.08300752,0.08514622,0.08860748,0.09280840,0.09739848,0.10225981,0.10723968,0.11209006
0.26094090,0.27276947,0.28007379,0.27365343,0.25487238,0.23298579,0.21633812,0.20673366,0.19974109,0.18944489,0.17430448,0.15866189,0.14778519,0.14236497,0.13912065,0.13554069,0.13204600,0.13011990,0.13028951,0.13206805,0.13462231,0.13727490,0.13991523,0.14264270,0.14449321,0.14320774,0.13726179,0.12773442,0.11714113,0.10670368,0.09600263,0.08538174,0.07733626,0.07476313,0.07854542,0.08745228,0.09963711,0.11325197,0.12609219,0.13616312,0.14328322,0.14946340,0.15698623,0.16625309,0.17583707,0.18427175,0.19122880,0.19733780,0.20407294,0.21434235,0.23201361
0.04035964,0.03960877,0.03986222,0.04000637,0.03784809,0.03542844,0.03799772,0.04705129,0.05951412,0.07192192,0.08188001,0.08798755,0.09032471,0.08969719,0.08654981,0.08127106,0.07435163,0.06598569,0.05690696,0.04944488,0.04634280,0.04894660,0.05767414,0.07271899,0.09171175,0.10772735,0.11337460,0.10787648,0.09783164,0.09036326,0.08751179,0.08739122,0.08780432,0.08727140,0.08471554,0.08025039,0.07565964,0.07289485,0.07233664,0.07296883,0.07368285,0.07391522,0.07354209,0.07281185,0.07228230,0.07248442,0.07368243,0.07602618,0.07966273,0.08445100,0.08970996
0.16625980,0.18729761,0.20275512,0.20409518,0.19167869,0.17344091,0.15787160,0.14920953,0.14726241,0.14867648,0.14856837,0.14338596,0.13312256,0.12044011,0.10828273,0.09897338,0.09433573,0.09487407,0.09892522,0.10389140,0.10857819,0.11387120,0.12162834,0.13390205,0.15271379,0.17859327,0.20825545,0.23474888,0.25154176,0.25700525,0.25459094,0.24864891,0.24044279,0.22806674,0.20944858,0.18502532,0.15804026,0.13297949,0.11361451,0.10163127,0.09634653,0.09571003,0.09804294,0.10316249,0.11187877,0.12438458,0.13921338,0.15384986,0.16635191,0.17637208,0.18470997
0.11845084,0.11033999,0.10390497,0.10027403,0.09907043,0.10016405,0.10431922,0.11070049,0.11600829,0.11757803,0.11597479,0.11426704,0.11617391,0.12435805,0.13833887,0.15391296,0.16611773,0.17295456,0.17560052,0.17581482,0.17441403,0.17165402,0.16742530,0.16086861,0.15103482,0.13861038,0.12658075,0.11872241,0.11728323,0.12174729,0.12925577,0.13610931,0.13943294,0.13812023,0.13267266,0.12445120,0.11520935,0.10708528,0.10247061,0.10337711,0.11061811,0.12325725,0.13843842,0.15172469,0.15834484,0.15531577,0.14326222,0.12633956,0.10997852,0.09809461,0.09184095
0.15562942,0.15017060,0.14741924,0.14248256,0.13406630,0.12559755,0.12074767,0.11906904,0.11712936,0.11373294,0.11089563,0.11000594,0.11213987,0.12192679,0.14396158,0.17350929,0.19701606,0.20464680,0.19811442,0.18483430,0.16947776,0.15375143,0.13982464,0.12956989,0.12196985,0.11439027,0.10597819,0.09797791,0.09130896,0.08564921,0.08079236,0.07737414,0.07589552,0.07599454,0.07706041,0.07888397,0.08131884,0.08381121,0.08571908,0.08687735,0.08760496,0.08843639,0.09008791,0.09323604,0.09761729,0.10127837,0.10133962,0.09606746,0.08631523,0.07492512,0.06484585
0.05077778,0.05385260,0.06068297,0.07031877,0.08142707,0.08984063,0.09158016,0.08779576,0.08391783,0.08388622,0.08737506,0.09230029,0.09720186,0.10044058,0.09942791,0.09248076,0.08093481,0.06857572,0.05919723,0.05486807,0.05575104,0.06068661,0.06794862,0.07601367,0.08396289,0.09119689,0.09686711,0.09983004,0.09937085,0.09605060,0.09177679,0.08883584,0.08858371,0.09086664,0.09459080,0.09876387,0.10296957,0.10701437,0.11044799,0.11265314,0.11336683,0.11300222,0.11254212,0.11332092,0.11685332,0.12434585,0.13566421,0.14843760,0.15848796,0.16189959,0.15743995
0.07041642,0.06878319,0.07272800,0.08141039,0.09244907,0.10191545,0.10685214,0.10791318,0.10845309,0.11090008,0.11452337,0.11645921,0.11427125,0.10780511,0.09945010,0.09274157,0.08997272,0.09061638,0.09215908,0.09267444,0.09261552,0.09426267,0.09973160,0.10945465,0.12202583,0.13506613,0.14644585,0.15524392,0.16182378,0.16688837,0.17036063,0.17124552,0.16858150,0.16235015,0.15338809,0.14268872,0.13116100,0.12005188,0.11112589,0.10594657,0.10490351,0.10715875,0.11163136,0.11782087,0.12543267,0.13329079,0.13903815,0.14033675,0.13656397,0.12934358,0.12140390
0.09753567,0.09733478,0.09559033,0.09419387,0.09542726,0.10092418,0.11124412,0.12468945,0.13646654,0.14245059,0.14193421,0.13579461,0.12504965,0.10994682,0.09059733,0.07299126,0.06949834,0.08455523,0.10570481,0.11802476,0.12129315,0.12544171,0.13567374,0.14865506,0.15858118,0.16230552,0.16100355,0.15896132,0.15987993,0.16464718,0.17291146,0.18451330,0.19815874,0.21062657,0.21847507,0.21950951,0.21275373,0.19894072,0.18144256,0.16513296,0.15358813,0.14790724,0.14789385,0.15303190,0.16196157,0.17201066,0.18005874,0.18393169,0.18310591,0.17851468,0.17177000
0.22439475,0.21315956,0.19271086,0.17389245,0.16304626,0.15908181,0.15731728,0.15427744,0.14886836,0.14088130,0.13013624,0.11722557,0.10416759,0.09365512,0.08763863,0.08673307,0.09077652,0.09956427,0.11279645,0.12930269,0.14643579,0.16045107,0.16789859,0.16721929,0.15948197,0.14774996,0.13553602,0.12540330,0.11848047,0.11478156,0.11363110,0.11373856,0.11317887,0.10984990,0.10249398,0.09161023,0.07941987,0.06874923,0.06162121,0.05859822,0.05924583,0.06312215,0.07032441,0.08113481,0.09517993,0.11095156,0.12619123,0.13888405,0.14812069,0.15424391,0.15829335
0.24308450,0.22980523,0.22084167,0.21707375,0.21368310,0.20657491,0.19696510,0.18763704,0.17809811,0.16778314,0.16274631,0.17347970,0.20316534,0.24061631,0.26807059,0.27564503,0.26663552,0.25039992,0.23409320,0.22224928,0.22002049,0.23141322,0.25318983,0.27358616,0.28024124,0.27020384,0.25173621,0.23651395,0.23053488,0.23186561,0.23523391,0.23740637,0.23864081,0.24060727,0.24390881,0.24723230,0.24805918,0.24408706,0.23466707,0.22155204,0.20829585,0.19847937,0.19406393,0.19517338,0.20116031,0.21145983,0.22512402,0.23972012,0.25137778,0.25675983,0.25556238
0.05809596,0.05457658,0.05107875,0.04955073,0.05160702,0.05779189,0.06729358,0.07812890,0.08777600,0.09408233,0.09595720,0.09345751,0.08752074,0.07992711,0.07345048,0.07137202,0.07588616,0.08632175,0.09886934,0.10847348,0.11162931,0.10803076,0.10013137,0.09142898,0.08493329,0.08251007,0.08478287,0.09109576,0.09955920,0.10751877,0.11246750,0.11292067,0.10873550,0.10082442,0.09064100,0.07979682,0.06984270,0.06206095,0.05724001,0.05559343,0.05693443,0.06095801,0.06733369,0.07549102,0.08432853,0.09222845,0.09752980,0.09920278,0.09726145,0.09264159,0.08667940
0.04931957,0.05087680,0.05444402,0.05927874,0.06399401,0.06717661,0.06810672,0.06721086,0.06589785,0.06591116,0.06852119,0.07372442,0.08001073,0.08541603,0.08914858,0.09182715,0.09392317,0.09458710,0.09261807,0.08831542,0.08374984,0.08113941,0.08124896,0.08329514,0.08593444,0.08807931,0.08902496,0.08835791,0.08621092,0.08367230,0.08258488,0.08452314,0.08991590,0.09837184,0.10970575,0.12393556,0.13973224,0.15330405,0.15998796,0.15783795,0.14966349,0.14108745,0.13634054,0.13589021,0.13784235,0.14098044,0.14598340,0.15391116,0.16413836,0.17412704,0.18107695
0.21826866,0.21174830,0.21178920,0.21984187,0.23281338,0.24311051,0.24346459,0.23340310,0.21854992,0.20432604,0.19337226,0.18747684,0.18845982,0.19728861,0.21308729,0.23210436,0.24883814,0.26053193,0.26907327,0.27616135,0.27958951,0.27811611,0.27688684,0.28228641,0.29235618,0.29764099,0.29206769,0.27897018,0.26580089,0.25688543,0.25287770,0.25364688,0.25837834,0.26413131,0.26726634,0.26670605,0.26433388,0.26189577,0.25866180,0.25266807,0.24346868,0.23288387,0.22324576,0.21554319,0.20945562,0.20479772,0.20235532,0.20288864,0.20525136,0.20590248,0.20101774
0.15395027,0.16878397,0.18959696,0.20371693,0.20424669,0.19688712,0.18981174,0.18513339,0.18413880,0.19034770,0.20202393,0.21089176,0.21270509,0.21138016,0.21042392,0.20777892,0.20047959,0.18798233,0.17102969,0.15324163,0.14241913,0.14356134,0.15159774,0.15746948,0.16042390,0.16734241,0.17974978,0.18876107,0.18572532,0.17293102,0.16041202,0.15532908,0.15764714,0.16377923,0.17033696,0.17443319,0.17364283,0.16741145,0.15765699,0.14719458,0.13793287,0.13067696,0.12572609,0.12287202,0.12114060,0.11926790,0.11660753,0.11341655,0.11044339,0.10863250,0.10914235
0.22785481,0.20799139,0.18998912,0.17900273,0.18319897,0.20379762,0.23075441,0.25058524,0.25679008,0.25173644,0.24116129,0.22966767,0.22032283,0.21485112,0.21236181,0.20918106,0.20174458,0.18990684,0.17683277,0.16570224,0.15712415,0.14985950,0.14339537,0.13918049,0.13936730,0.14472059,0.15389011,0.16453791,0.17502226,0.18507287,0.19501499,0.20443735,0.21167502,0.21476670,0.21321505,0.20903211,0.20598962,0.20743361,0.21422906,0.22429986,0.23394331,0.23981794,0.24029508,0.23568749,0.22776682,0.21915525,0.21273235,0.21086212,0.21447161,0.22249656,0.23228432
0.13760479,0.14127839,0.13962023,0.13515616,0.13313714,0.13702789,0.14614431,0.15900181,0.17542269,0.19313227,0.20566994,0.20724139,0.19890448,0.18784972,0.18081040,0.17950900,0.18177172,0.18462149,0.18586540,0.18516695,0.18517001,0.19016165,0.20216767,0.21897969,0.23633000,0.25057502,0.25900443,0.26004982,0.25504350,0.24829381,0.24340225,0.24008030,0.23595835,0.23067072,0.22636042,0.22452166,0.22424654,0.22385725,0.22259508,0.21993446,0.21459398,0.20561249,0.19405279,0.18272054,0.17443757,0.17136487,0.17552107,0.18819643,0.20776473,0.22880859,0.24493064
0.11922026,0.13338019,0.13199204,0.11182708,0.08328081,0.06223142,0.05660271,0.06319134,0.07501031,0.08739106,0.09801926,0.10577220,0.11121082,0.11638547,0.12297734,0.13084699,0.13816818,0.14266060,0.14342826,0.14211374,0.14124476,0.14056992,0.13615643,0.12479517,0.10903990,0.09627348,0.09235513,0.09715145,0.10639029,0.11623926,0.12488985,0.13099723,0.13317971,0.13202261,0.13113663,0.13441331,0.14190300,0.14918239,0.15120570,0.14647185,0.13730122,0.12671120,0.11584293,0.10442209,0.09286785,0.08315336,0.07752747,0.07675092,0.07970617,0.08447612,0.08961500
0.17328836,0.16482955,0.15346828,0.14290921,0.13593821,0.13389377,0.13639913,0.14114441,0.14475314,0.14500666,0.14289053,0.14244487,0.14805296,0.16122660,0.17968793,0.19937354,0.21694747,0.23018310,0.23668148,0.23380363,0.22095470,0.20163112,0.18211475,0.16746877,0.15884486,0.15470964,0.15413882,0.15823856,0.16830408,0.18316920,0.19889057,0.21111157,0.21767355,0.21914554,0.21726301,0.21309723,0.20657555,0.19746702,0.18672991,0.17698909,0.17164247,0.17308237,0.18121464,0.19341811,0.20616439,0.21723033,0.22682537,0.23671279,0.24804289,0.25974007,0.26884031
0.22060118,0.23305160,0.23820337,0.23728337,0.23305409,0.22763199,0.22195820,0.21693543,0.21362247,0.21198349,0.21060380,0.20841383,0.20603446,0.20456551,0.20344110,0.20065101,0.19548353,0.19029325,0.18872575,0.19218614,0.19851223,0.20422159,0.20773886,0.21031936,0.21425716,0.22067776,0.22893756,0.23741809,0.24424785,0.24733970,0.24453345,0.23465513,0.21897821,0.20160014,0.18787623,0.18172448,0.18368456,0.19108234,0.20004384,0.20781459,0.21383531,0.21912257,0.22473114,0.23054629,0.23518638,0.23689276,0.23463924,0.22869289,0.22037393,0.21134501,0.20299305
0.20769231,0.20553758,0.20559260,0.20572065,0.20274545,0.19918991,0.20200584,0.21210333,0.22048157,0.21942810,0.21362932,0.21468393,0.22685553,0.24360900,0.25713200,0.26595527,0.27284297,0.27997254,0.28801680,0.29664021,0.30369192,0.30604975,0.30324865,0.29861620,0.29476875,0.28927065,0.27726069,0.25817872,0.23781326,0.22343630,0.21867770,0.22350156,0.23670557,0.25611014,0.27709062,0.29366468,0.30248424,0.30516305,0.30599438,0.30785143,0.31081812,0.31399266,0.31713024,0.32015212,0.32220249,0.32237443,0.32121873,0.32045427,0.32056000,0.31908207,0.31216165
0.27749707,0.28690127,0.29795622,0.30151201,0.29466081,0.28402148,0.27382300,0.25903883,0.23537644,0.20908305,0.19079239,0.18354056,0.18181805,0.18008946,0.17777082,0.17664910,0.17742223,0.17984459,0.18392235,0.18930937,0.19439778,0.19738295,0.19818461,0.19846434,0.19955067,0.20086533,0.20059299,0.19742736,0.19129897,0.18278198,0.17249119,0.16124354,0.15038924,0.14157608,0.13615066,0.13484173,0.13783640,0.14484131,0.15492116,0.16635954,0.17684001,0.18398432,0.18610379,0.18292610,0.17591074,0.16778790,0.16143946,0.15885185,0.16085212,0.16754810,0.17868610
0.12942355,0.11723375,0.11017277,0.11145363,0.11979441,0.13181582,0.14466733,0.15614846,0.16394780,0.16639660,0.16387661,0.15845667,0.15194554,0.14506462,0.13882223,0.13573821,0.13839845,0.14636536,0.15505271,0.15839821,0.15316636,0.14110071,0.12741118,0.11740936,0.11411685,0.11799738,0.12787722,0.14163992,0.15631938,0.16826725,0.17403953,0.17176451,0.16204798,0.14766721,0.13220908,0.11858912,0.10836382,0.10198589,0.09937829,0.10011729,0.10313592,0.10652144,0.10799522,0.10599861,0.10061568,0.09354274,0.08702777,0.08252830,0.08004902,0.07855848,0.07705100
0.06749452,0.06681135,0.06463456,0.06237022,0.06166874,0.06364194,0.06847164,0.07572287,0.08457233,0.09345942,0.10016877,0.10314554,0.10281140,0.10119165,0.10037542,0.10182685,0.10693277,0.11699486,0.13169956,0.14782200,0.16039606,0.16582807,0.16406055,0.15796560,0.15111783,0.14625992,0.14519993,0.14907222,0.15803162,0.17078382,0.18482947,0.19746775,0.20683044,0.21246034,0.21554096,0.21880021,0.22560237,0.23797291,0.25452608,0.27015322,0.27845967,0.27568045,0.26323116,0.24684042,0.23284346,0.22440421,0.22030936,0.21679275,0.21058653,0.20086298,0.18904722
0.14204986,0.14751673,0.15832021,0.17566400,0.19749814,0.21802159,0.23103104,0.23474800,0.23267002,0.22915001,0.22553845,0.22149255,0.21800197,0.21682144,0.21748400,0.21661300,0.21028829,0.19651055,0.17621510,0.15338894,0.13420077,0.12452429,0.12697790,0.13989091,0.15898516,0.17996666,0.19981722,0.21648130,0.22835331,0.23462308,0.23588291,0.23377509,0.22984013,0.22517145,0.22154629,0.22223380,0.23029394,0.24520054,0.26150105,0.27185645,0.27224509,0.26464809,0.25504797,0.24905577,0.24901527,0.25406632,0.26174971,0.26930342,0.27426653,0.27496256,0.27099816
0.08217469,0.08636333,0.08829440,0.08746115,0.08275116,0.07668250,0.07339982,0.07086021,0.06479929,0.05547384,0.04611414,0.04073942,0.04279819,0.05183426,0.06346257,0.07298967,0.07756988,0.07725343,0.07489504,0.07300991,0.07160985,0.06994651,0.06761125,0.06385445,0.05928168,0.05769123,0.06276714,0.07337443,0.08440204,0.09141115,0.09312099,0.09079485,0.08679348,0.08323292,0.08118138,0.08079968,0.08157063,0.08206139,0.08043844,0.07617500,0.07096185,0.06744505,0.06727451,0.07038907,0.07549620,0.08089384,0.08540921,0.08914606,0.09329431,0.09907191,0.10694963
0.20743768,0.20269233,0.18855176,0.16882238,0.14808636,0.13074594,0.12082094,0.12241566,0.13916896,0.17132700,0.21327901,0.25566617,0.29065917,0.31450327,0.32543424,0.32178932,0.30417701,0.27844180,0.25397219,0.23813452,0.23302912,0.23751451,0.25044308,0.27026657,0.29228852,0.30890799,0.31449829,0.31012456,0.30263000,0.29859703,0.29908204,0.29984643,0.29601553,0.28625830,0.27308415,0.26007344,0.24920063,0.24031867,0.23241718,0.22502491,0.21865034,0.21427881,0.21256320,0.21331206,0.21556968,0.21822869,0.22077764,0.22362803,0.22770837,0.23357759,0.24073892
0.21083914,0.20771601,0.20501035,0.20520053,0.21098433,0.22246278,0.23648171,0.24928019,0.25868633,0.26398872,0.26562087,0.26550794,0.26601904,0.26744523,0.26739708,0.26358114,0.25645028,0.24822318,0.24001126,0.23130850,0.22224743,0.21484281,0.21114321,0.21100813,0.21292271,0.21686962,0.22516372,0.23975287,0.25922916,0.27929576,0.29614250,0.30875498,0.31780269,0.32300971,0.32243454,0.31441136,0.29971603,0.28153871,0.26349826,0.24780148,0.23493300,0.22443038,0.21562026,0.20794406,0.20123502,0.19608571,0.19388141,0.19616139,0.20365355,0.21570719,0.23046378
0.27486127,0.27183875,0.27087461,0.27095624,0.27388016,0.28128131,0.28968076,0.29223375,0.28636707,0.27711856,0.27128888,0.26986396,0.26808419,0.26220090,0.25394784,0.24771163,0.24469530,0.24125235,0.23293426,0.21940679,0.20510819,0.19542656,0.19245907,0.19415948,0.19698748,0.19905077,0.20091420,0.20396346,0.20846826,0.21325848,0.21693535,0.21908433,0.22032436,0.22142158,0.22250442,0.22303809,0.22237411,0.22029961,0.21721428,0.21390667,0.21107669,0.20883270,0.20647935,0.20285405,0.19711841,0.18947421,0.18120774,0.17395470,0.16873711,0.16553692,0.16371124
0.34256957,0.34241199,0.33696943,0.32064126,0.29353936,0.26143459,0.23175839,0.21414163,0.21946733,0.24881524,0.28546035,0.30826468,0.31341612,0.31451667,0.32220616,0.33355704,0.34157183,0.34411679,0.34022536,0.32698157,0.30586620,0.28622250,0.27629345,0.27363732,0.26903121,0.25791333,0.24375151,0.23134583,0.22154158,0.21346896,0.20824050,0.20772456,0.21099684,0.21430251,0.21449010,0.21114931,0.20544216,0.19838887,0.19111108,0.18572394,0.18442277,0.18724153,0.19135277,0.19316916,0.19115579,0.18653508,0.18160521,0.17782884,0.17547722,0.17446305,0.17487830
0.04942001,0.05293610,0.06048557,0.06821373,0.07245220,0.07227632,0.07057028,0.07176293,0.07823459,0.08872820,0.09943939,0.10617209,0.10631393,0.10013727,0.09069086,0.08198963,0.07684976,0.07618343,0.07973483,0.08660759,0.09484648,0.10128350,0.10284854,0.09861734,0.09078705,0.08385007,0.08279541,0.09137690,0.11082225,0.13922690,0.17218109,0.20469683,0.23323470,0.25621677,0.27281629,0.28166424,0.28120530,0.27152875,0.25571707,0.23908932,0.22675203,0.22139144,0.22279171,0.22888455,0.23705284,0.24478020,0.24978143,0.25022562,0.24525510,0.23541077,0.22252215
0.17241962,0.18054278,0.18037207,0.17110077,0.15777343,0.14730406,0.14585799,0.15658299,0.17656191,0.19687006,0.20819295,0.20688728,0.19539445,0.17841642,0.16025424,0.14453847,0.13390895,0.12919107,0.12967051,0.13419121,0.14133932,0.14910294,0.15595234,0.16284881,0.17319138,0.18976245,0.21170340,0.23470912,0.25393602,0.26667968,0.27311040,0.27546902,0.27645059,0.27713419,0.27552892,0.26743651,0.24977964,0.22381578,0.19517823,0.17057481,0.15415652,0.14651786,0.14633043,0.15225118,0.16329622,0.17806126,0.19426163,0.20921326,0.22061401,0.22688083,0.22712363
0.13609312,0.13084401,0.12420986,0.11937999,0.11766166,0.11818054,0.11962323,0.12232695,0.12852771,0.14024072,0.15663178,0.17347489,0.18547227,0.18956333,0.18652025,0.17983159,0.17320124,0.16867993,0.16630914,0.16482383,0.16268080,0.15908124,0.15474867,0.15193699,0.15328746,0.16004902,0.17097907,0.18291298,0.19265296,0.19874762,0.20194128,0.20426708,0.20772981,0.21348279,0.22168188,0.23167094,0.24221755,0.25181714,0.25911951,0.26330076,0.26412025,0.26168548,0.25629947,0.24871418,0.24061192,0.23468589,0.23383454,0.23970699,0.25151990,0.26606031,0.27902891
0.14290279,0.13309893,0.12715632,0.12458151,0.12457472,0.12811260,0.13823541,0.15636546,0.17854165,0.19669664,0.20423236,0.20070587,0.19189803,0.18548829,0.18566483,0.19085564,0.19604639,0.19677971,0.19113782,0.17955388,0.16446176,0.14980808,0.13910218,0.13330090,0.13164638,0.13497140,0.14662543,0.16851955,0.19668550,0.22247430,0.23898392,0.24590533,0.24796968,0.24960803,0.25184764,0.25357977,0.25411836,0.25370047,0.25221604,0.24859956,0.24180202,0.23196607,0.22043241,0.20891253,0.19897357,0.19209196,0.18955947,0.19186351,0.19816076,0.20660743,0.21536366
0.24122794,0.24468299,0.24362763,0.24069838,0.23861937,0.23623643,0.23149033,0.22666719,0.22731575,0.23552940,0.24625920,0.25127181,0.24631278,0.23444797,0.22334276,0.21954065,0.22421954,0.23303157,0.23955817,0.23947870,0.23242690,0.22085978,0.20779270,0.19547892,0.18534072,0.17815719,0.17395633,0.17203063,0.17144565,0.17160892,0.17225268,0.17290694,0.17258605,0.17014843,0.16501395,0.15757677,0.14900405,0.14063872,0.13342515,0.12766046,0.12317226,0.11979982,0.11781319,0.11784387,0.12025138,0.12443541,0.12883525,0.13184886,0.13302029,0.13345178,0.13497518
0.12407149,0.13136924,0.13935015,0.14014407,0.13079331,0.11605202,0.10334371,0.09640034,0.09413833,0.09405683,0.09505772,0.09725780,0.10068005,0.10498866,0.10987428,0.11478033,0.11826939,0.11843517,0.11452695,0.10817387,0.10277880,0.10154378,0.10583551,0.11493336,0.12675217,0.13861648,0.14778666,0.15204582,0.15044859,0.14376050,0.13407819,0.12376396,0.11443673,0.10667692,0.10044652,0.09567758,0.09251496,0.09116140,0.09165848,0.09391796,0.09799400,0.10429848,0.11346083,0.12580368,0.14073011,0.15645488,0.17035315,0.17983292,0.18329447,0.18065688,0.17318350
0.12005293,0.09297297,0.07612829,0.07115618,0.07755931,0.09542069,0.12188194,0.14933593,0.17109781,0.18807436,0.20675426,0.22985816,0.25096078,0.25989716,0.25286410,0.23600637,0.21928873,0.20805914,0.20087812,0.19420180,0.18749658,0.18347119,0.18444355,0.18967552,0.19641564,0.20290321,0.20988967,0.21943333,0.23267592,0.24885334,0.26597755,0.28188746,0.29447058,0.30125753,0.29949904,0.28730665,0.26517321,0.23655988,0.20685552,0.18127545,0.16305272,0.15297959,0.15030463,0.15405203,0.16369012,0.17875101,0.19790568,0.21842659,0.23663545,0.24914812,0.25412758
0.15050148,0.15731747,0.16763306,0.17862862,0.18808524,0.19459332,0.19875905,0.20335913,0.21095155,0.22151634,0.23309098,0.24399046,0.25306451,0.25800755,0.25530975,0.24327958,0.22478395,0.20602695,0.19240851,0.18583567,0.18564691,0.19095055,0.20129343,0.21555295,0.23133517,0.24610161,0.25871971,0.26958955,0.27932293,0.28756533,0.29310633,0.29484274,0.29245412,0.28634880,0.27734633,0.26659139,0.25559714,0.24602393,0.23912752,0.23522951,0.23355010,0.23242885,0.22979415,0.22383306,0.21383095,0.20088649,0.18794566,0.17880288,0.17640699,0.18142135,0.19191450
0.07082713,0.08601282,0.09308759,0.08840782,0.07478658,0.05915360,0.04744327,0.04115516,0.03897591,0.04004721,0.04402512,0.04934732,0.05368810,0.05584866,0.05591331,0.05411755,0.05086803,0.04748069,0.04565840,0.04623416,0.04903277,0.05348745,0.05850580,0.06221550,0.06322784,0.06244308,0.06261529,0.06559342,0.07058985,0.07561732,0.07999584,0.08466022,0.09027577,0.09597237,0.10019549,0.10218884,0.10219386,0.10059011,0.09750932,0.09336745,0.08926977,0.08649789,0.08564562,0.08641432,0.08817879,0.09060026,0.09378600,0.09814342,0.10415364,0.11193873,0.12058238
0.19334118,0.18687259,0.18368302,0.18549215,0.19185401,0.20053569,0.20905024,0.21539974,0.21766570,0.21385824,0.20295919,0.18623535,0.16725812,0.15038857,0.13898331,0.13452173,0.13666452,0.14355999,0.15215707,0.15892426,0.16117296,0.15835279,0.15231473,0.14619449,0.14264871,0.14263701,0.14540779,0.14938981,0.15315631,0.15583818,0.15696816,0.15617197,0.15310422,0.14769600,0.14046976,0.13261655,0.12571617,0.12123542,0.12007319,0.12236117,0.12755039,0.13466158,0.14254903,0.15010480,0.15641318,0.16087607,0.16327970,0.16374488,0.16255496,0.15995568,0.15607013
0.24679574,0.24372265,0.24339655,0.24798720,0.25427372,0.25391150,0.24404596,0.23391357,0.23222694,0.23306507,0.22410737,0.20440901,0.18438893,0.17123672,0.16276809,0.15430645,0.14490987,0.13645427,0.13055723,0.12716379,0.12462818,0.12139363,0.11840403,0.11918798,0.12683047,0.14117830,0.15887031,0.17498597,0.18447609,0.18354210,0.17128311,0.15048154,0.12655889,0.10528003,0.09040930,0.08232550,0.07861620,0.07680706,0.07703176,0.08155065,0.09115424,0.10254787,0.11021815,0.11109710,0.10698099,0.10237063,0.10057594,0.10216903,0.10632896,0.11235907,0.11947318
0.12443100,0.12366755,0.11926409,0.11597234,0.11729523,0.12314702,0.13086599,0.13744784,0.14080530,0.14001640,0.13541737,0.12854855,0.12146751,0.11570424,0.11179876,0.10976634,0.10975707,0.11206195,0.11654093,0.12226446,0.12785354,0.13220616,0.13499521,0.13669947,0.13835680,0.14122654,0.14633501,0.15390960,0.16299373,0.17163719,0.17770439,0.17982516,0.17787007,0.17273714,0.16579892,0.15853526,0.15253251,0.14954704,0.15120434,0.15826204,0.16986509,0.18339690,0.19520510,0.20190659,0.20159356,0.19433917,0.18184955,0.16658881,0.15090345,0.13652027,0.12446376
0.22335150,0.20927412,0.19510633,0.18861591,0.19523067,0.21402853,0.23780645,0.25811468,0.27167956,0.28165383,0.29168958,0.29952880,0.29833849,0.28494402,0.26532564,0.25051275,0.24697548,0.25146832,0.25485086,0.25009654,0.23685567,0.21988675,0.20452316,0.19349335,0.18669564,0.18287837,0.18150298,0.18359350,0.19110054,0.20517057,0.22458889,0.24574967,0.26434252,0.27743538,0.28428685,0.28543820,0.28120515,0.27108914,0.25459685,0.23260911,0.20801317,0.18501626,0.16760813,0.15815592,0.15685681,0.16212787,0.17150215,0.18248334,0.19303150,0.20168633,0.20755614
0.31058752,0.33048855,0.34248242,0.33098383,0.32023879,0.32726198,0.33969992,0.34897104,0.35171513,0.34686303,0.33694507,0.31903419,0.29166735,0.26132105,0.23471801,0.21594251,0.20779623,0.21242754,0.22924350,0.25089688,0.26767226,0.27487822,0.27238809,0.26244465,0.24901925,0.23630434,0.22811532,0.22679532,0.23095679,0.23540224,0.23344653,0.22124975,0.20180952,0.18262211,0.16945214,0.16415325,0.16536373,0.16892881,0.17062987,0.16957962,0.16754405,0.16644625,0.16775155,0.17231471,0.17984717,0.18907009,0.19760346,0.20150765,0.19690436,0.18313058,0.16354554
0.05112365,0.04308378,0.04564536,0.05890787,0.07810446,0.09706630,0.11098802,0.11652496,0.11514550,0.11296125,0.11077665,0.10327543,0.09487683,0.10124036,0.12520263,0.14721194,0.14991336,0.13760016,0.12322241,0.11090141,0.09968760,0.09241436,0.09237047,0.09835945,0.10797095,0.12055526,0.13462945,0.14696440,0.15577460,0.16146479,0.16393398,0.16232605,0.15758028,0.15245987,0.14879055,0.14663016,0.14591693,0.14679321,0.14814646,0.14770261,0.14419398,0.13838195,0.13170021,0.12500411,0.11907148,0.11530811,0.11513526,0.11904177,0.12666901,0.13733805,0.14986236
0.11169820,0.13117148,0.14415087,0.14568245,0.13735493,0.12591568,0.11750239,0.11343155,0.11156673,0.11050545,0.11087485,0.11260911,0.11288984,0.10850853,0.10003980,0.09230192,0.09022430,0.09502595,0.10481685,0.11789970,0.13408447,0.15254838,0.16944496,0.17887173,0.17697751,0.16546623,0.15105799,0.14105266,0.13857229,0.14124993,0.14401212,0.14317551,0.13851636,0.13240022,0.12764775,0.12611049,0.12840069,0.13407151,0.14180598,0.14984665,0.15678610,0.16219655,0.16648321,0.17007197,0.17272116,0.17358796,0.17191743,0.16770193,0.16180319,0.15552978,0.15001373
0.18577617,0.20346914,0.22116514,0.22815060,0.22223811,0.21234742,0.20710799,0.20761551,0.20839183,0.20184243,0.18586327,0.16673023,0.15182011,0.14364682,0.14223414,0.14719325,0.15651002,0.16753803,0.17836188,0.18618756,0.18750127,0.18163174,0.17178658,0.16233669,0.15672656,0.15655427,0.16063644,0.16585933,0.16944262,0.16956982,0.16584886,0.16210955,0.16645362,0.18383711,0.20920569,0.23182089,0.24579368,0.25285453,0.25590254,0.25484187,0.24982961,0.24450721,0.24328482,0.24692568,0.25242406,0.25623460,0.25654174,0.25343918,0.24837796,0.24325813,0.23910837
0.15689920,0.13813475,0.13494749,0.14631334,0.16544536,0.18245539,0.18918063,0.18395371,0.17233029,0.16260747,0.15990614,0.16378155,0.17047943,0.17671683,0.18156177,0.18581574,0.19052114,0.19603299,0.20186577,0.20700711,0.21056706,0.21256477,0.21425196,0.21743717,0.22310935,0.23045074,0.23713665,0.24075323,0.24026857,0.23656406,0.23185370,0.22855281,0.22827564,0.23130964,0.23659213,0.24210978,0.24561567,0.24545772,0.24119546,0.23372637,0.22488265,0.21672620,0.21087082,0.20806989,0.20815296,0.21028910,0.21349010,0.21717615,0.22152959,0.22737831,0.23557367
0.14352488,0.15436468,0.15530854,0.14969521,0.14231289,0.13590375,0.13175814,0.13038631,0.13032251,0.12848142,0.12329068,0.11632448,0.10987978,0.10421593,0.09836389,0.09258912,0.08867085,0.08857437,0.09451408,0.10969135,0.13614432,0.17018233,0.20125437,0.21787305,0.21597434,0.20141258,0.18422631,0.17074799,0.16087908,0.15150514,0.14109788,0.13096824,0.12325817,0.11874212,0.11651162,0.11509284,0.11351918,0.11162974,0.10981004,0.10859412,0.10835709,0.10923118,0.11127534,0.11465375,0.11945031,0.12512733,0.13021962,0.13287610,0.13207951,0.12854200,0.12436155
0.16425506,0.16328793,0.16440302,0.16404441,0.16467821,0.16652655,0.16675504,0.16375601,0.15785918,0.14978355,0.14124576,0.13521798,0.13312229,0.13317350,0.13347562,0.13548675,0.14250348,0.15572261,0.17372975,0.19501117,0.21839469,0.24070481,0.25643826,0.26161281,0.25735297,0.24855581,0.23940533,0.23114938,0.22371149,0.21751993,0.21261363,0.20688758,0.19703919,0.18210247,0.16565265,0.15393270,0.15168026,0.15968569,0.17575352,0.19705251,0.22108167,0.24488461,0.26440280,0.27547482,0.27587191,0.26653041,0.25095497,0.23341733,0.21730929,0.20444014,0.19516267
0.17918308,0.18155104,0.18494426,0.19002982,0.19653124,0.20372854,0.21080412,0.21655186,0.21937145,0.21810975,0.21320647,0.20724798,0.20423998,0.20741316,0.21658996,0.22733437,0.23334199,0.23067816,0.22042574,0.20759825,0.19754569,0.19295249,0.19334164,0.19660828,0.20094951,0.20596927,0.21255072,0.22167470,0.23295062,0.24406387,0.25186872,0.25441592,0.25215543,0.24723831,0.24173750,0.23665431,0.23254178,0.23060968,0.23256849,0.23898919,0.24791373,0.25557526,0.25907407,0.25874676,0.25798134,0.26045287,0.26706940,0.27516376,0.28049389,0.28029368,0.27495935
0.04667807,0.05046179,0.05455078,0.05950863,0.06593790,0.07561769,0.08830255,0.10031334,0.10732589,0.10780497,0.10413870,0.10034987,0.09776429,0.09342720,0.08456368,0.07368314,0.06597207,0.06257233,0.06085992,0.06024813,0.06248079,0.06706997,0.07141929,0.07479424,0.07841078,0.08270831,0.08737638,0.09269876,0.09872059,0.10431938,0.10844399,0.11119111,0.11304140,0.11408474,0.11418925,0.11297881,0.10978173,0.10461465,0.09913608,0.09579676,0.09599305,0.09932521,0.10418254,0.10854839,0.11076784,0.11039776,0.10841201,0.10629792,0.10504175,0.10503947,0.10640671
0.13104943,0.12501177,0.12485665,0.12864462,0.13469915,0.14123758,0.14552960,0.14364720,0.13276928,0.11473237,0.09631562,0.08469149,0.08237923,0.08667886,0.09318044,0.09893951,0.10278621,0.10419996,0.10291465,0.09927116,0.09418991,0.08868458,0.08374870,0.08069154,0.08100589,0.08537805,0.09283412,0.10123942,0.10896918,0.11621224,0.12463652,0.13569057,0.14901195,0.16223720,0.17235488,0.17765822,0.17900490,0.17951711,0.18276978,0.19048699,0.20123169,0.21108841,0.21604614,0.21454925,0.20848082,0.20192171,0.19860101,0.19981985,0.20416971,0.20900901,0.21247101
0.26070143,0.24670177,0.23512813,0.22903318,0.22702531,0.22381012,0.21555062,0.20332934,0.19132538,0.18358854,0.18310607,0.19154239,0.20770548,0.22713813,0.24511828,0.25994500,0.27209564,0.28092429,0.28469352,0.28470431,0.28715102,0.29818777,0.31686303,0.33450410,0.34204604,0.33760158,0.32663243,0.31568391,0.30702827,0.29901492,0.28992021,0.28013816,0.27085075,0.26175333,0.25093339,0.23703712,0.22137073,0.20792636,0.20137940,0.20457471,0.21701246,0.23500772,0.25333346,0.26751691,0.27563258,0.27866681,0.27936092,0.28035721,0.28276509,0.28576629,0.28713482
0.11571147,0.10599582,0.09786809,0.09667249,0.10573674,0.12210055,0.13754812,0.14688156,0.15367915,0.16482556,0.18027022,0.19157788,0.19093696,0.17878185,0.16171908,0.14577008,0.13362334,0.12643058,0.12501824,0.12881706,0.13519703,0.14069307,0.14278122,0.14102768,0.13747828,0.13565057,0.13777736,0.14241837,0.14542153,0.14378408,0.13830780,0.13230597,0.12830124,0.12645265,0.12561465,0.12491857,0.12419608,0.12368095,0.12389357,0.12552900,0.12891065,0.13353917,0.13853788,0.14360539,0.14918694,0.15548925,0.16155094,0.16564308,0.16668743,0.16521594,0.16304896
0.12462030,0.12338898,0.12477882,0.12617088,0.12541493,0.12150340,0.11420527,0.10373819,0.09094607,0.07743326,0.06510044,0.05534906,0.04868425,0.04501815,0.04424681,0.04646039,0.05159918,0.05898592,0.06735427,0.07555930,0.08343948,0.09195771,0.10222261,0.11400431,0.12501442,0.13178415,0.13168491,0.12460646,0.11301324,0.10040198,0.08943048,0.08109640,0.07530651,0.07199324,0.07163854,0.07479038,0.08114075,0.08909708,0.09630314,0.10076535,0.10180622,0.10026892,0.09796179,0.09678226,0.09802603,0.10214234,0.10888865,0.11766261,0.12778190,0.13858134,0.14932956
0.19623262,0.18939303,0.17827698,0.16924394,0.16626360,0.16919174,0.17654559,0.18575837,0.19227918,0.19231790,0.18636873,0.17814322,0.17091158,0.16657453,0.16706790,0.17398407,0.18619285,0.19905520,0.20680251,0.20601316,0.19760645,0.18622298,0.17718097,0.17281477,0.17125381,0.16903902,0.16496095,0.16091506,0.15893624,0.15798905,0.15419111,0.14412448,0.12775211,0.10839816,0.09040039,0.07676728,0.06839037,0.06469457,0.06472436,0.06779239,0.07340930,0.08082163,0.08879875,0.09606321,0.10207643,0.10741599,0.11326358,0.12033248,0.12808774,0.13485764,0.13871847
0.22237817,0.21489702,0.20154516,0.18553815,0.16984339,0.15689763,0.14844139,0.14574701,0.14908066,0.15612001,0.16206427,0.16286834,0.15839432,0.15205286,0.14798065,0.14874933,0.15440563,0.16244155,0.16925048,0.17282674,0.17408612,0.17502322,0.17602856,0.17595364,0.17459883,0.17389500,0.17608676,0.18144195,0.18835356,0.19528079,0.20197985,0.20908045,0.21714504,0.22612369,0.23497603,0.24149631,0.24324373,0.23966803,0.23350959,0.22937839,0.23014881,0.23447990,0.23797593,0.23686351,0.23061531,0.22131364,0.21098768,0.19988657,0.18716371,0.17278459,0.15849440
0.14965592,0.17420681,0.18024727,0.17653127,0.17156916,0.17261948,0.18235696,0.19556574,0.20544679,0.21145677,0.21685433,0.22260199,0.22840410,0.23611579,0.24701136,0.25735902,0.26076077,0.25489604,0.24412428,0.23557722,0.23328290,0.23508769,0.23428133,0.22475038,0.20549431,0.18056335,0.15533922,0.13379701,0.11876723,0.11250162,0.11522444,0.12359825,0.13207240,0.13639479,0.13583146,0.13244083,0.12891383,0.12694736,0.12657382,0.12622993,0.12378723,0.11839009,0.11171899,0.10726913,0.10805119,0.11470385,0.12543545,0.13733326,0.14766772,0.15454919,0.15724828
0.20230447,0.19114145,0.18134163,0.17858479,0.18575559,0.19997864,0.21296744,0.21753674,0.21458871,0.21178631,0.21509014,0.22389765,0.23512474,0.24891476,0.26726073,0.28803076,0.30379963,0.30800404,0.30086372,0.28810846,0.27480604,0.26166461,0.24682271,0.22965584,0.21238888,0.19906732,0.19374304,0.19884452,0.21373936,0.23425319,0.25434642,0.26942159,0.27863176,0.28411822,0.28812583,0.29096985,0.29153755,0.28907604,0.28390406,0.27642588,0.26607026,0.25184475,0.23416706,0.21596886,0.20163231,0.19443168,0.19458141,0.19941282,0.20536067,0.21011178,0.21345320
0.14698724,0.15313294,0.16224310,0.16896010,0.16651441,0.15462111,0.13710769,0.11719752,0.10241578,0.10679152,0.13679514,0.17932722,0.21387347,0.23308697,0.24280553,0.24696088,0.24366660,0.23412617,0.22454678,0.21771731,0.21015125,0.19934065,0.18782889,0.17757691,0.16493300,0.14494600,0.11899462,0.09574584,0.08530784,0.09344962,0.11957882,0.15731325,0.19658729,0.22765486,0.24576010,0.25306276,0.25578569,0.25870971,0.26162979,0.26061078,0.25255712,0.23874632,0.22417830,0.21366328,0.20850201,0.20657164,0.20500308,0.20241213,0.19886885,0.19452072,0.18885426
0.07659473,0.07832010,0.08265119,0.08677774,0.09016618,0.09473080,0.10114313,0.10696426,0.10896543,0.10613073,0.09996654,0.09298206,0.08771128,0.08642983,0.09029114,0.09807872,0.10630988,0.11128815,0.11133924,0.10719023,0.10066448,0.09359035,0.08788948,0.08576204,0.08871409,0.09610621,0.10512058,0.11264379,0.11726006,0.11938849,0.11983280,0.11877167,0.11632086,0.11355092,0.11221876,0.11322056,0.11558114,0.11732764,0.11742496,0.11671387,0.11691828,0.11888670,0.12191357,0.12464899,0.12641749,0.12756190,0.12869282,0.12988527,0.13070860,0.13089686,0.13077728
0.23745756,0.24370157,0.24210936,0.23212346,0.22118768,0.21842792,0.22694955,0.23849054,0.23776235,0.21812105,0.19180085,0.17831053,0.18316585,0.19415864,0.19796098,0.19289446,0.18391945,0.17287726,0.15877008,0.14326143,0.13040163,0.12254798,0.12077828,0.12833077,0.14905664,0.18122060,0.21572509,0.24248246,0.25769897,0.26433420,0.26714807,0.26890226,0.27023762,0.27060369,0.26829695,0.26090639,0.24731552,0.22955044,0.21211293,0.19915072,0.19213757,0.18985197,0.18994510,0.19035368,0.18978289,0.18764699,0.18394930,0.17912512,0.17377574,0.16845898,0.16369906
0.18071233,0.17719510,0.18503949,0.20198445,0.22327276,0.24172027,0.24935920,0.24175232,0.22181802,0.19875033,0.18230110,0.17749312,0.18353616,0.19582969,0.20819202,0.21470643,0.21193946,0.20071757,0.18556497,0.17184089,0.16302869,0.16011650,0.16247967,0.16863260,0.17651807,0.18414880,0.19069480,0.19692896,0.20432778,0.21364301,0.22432852,0.23514063,0.24502903,0.25352593,0.26073410,0.26730367,0.27423319,0.28205459,0.28967791,0.29404752,0.29147477,0.28004450,0.26131311,0.23992092,0.22138970,0.20969407,0.20607051,0.20933957,0.21700970,0.22635217,0.23515292
0.13117313,0.11854108,0.11594242,0.12302241,0.13856351,0.15951473,0.17745871,0.18217267,0.17126402,0.15184446,0.13235012,0.11710649,0.10782244,0.10497508,0.10748028,0.11434612,0.12585560,0.14106418,0.15645444,0.16916576,0.17935408,0.18805003,0.19490378,0.19915821,0.20147653,0.20418042,0.20992499,0.21950124,0.23054848,0.23926078,0.24372143,0.24488707,0.24436971,0.24235131,0.23806488,0.23165546,0.22512118,0.22155848,0.22358777,0.23244768,0.24830022,0.27047069,0.29644400,0.32108147,0.33849284,0.34573816,0.34455134,0.33940693,0.33446089,0.33216616,0.33329800
0.20250570,0.18973457,0.17683663,0.16861149,0.16636326,0.16714146,0.16639304,0.16239875,0.15812994,0.15802866,0.16349325,0.17214167,0.18073078,0.18806613,0.19532016,0.20365350,0.21152357,0.21517162,0.21253301,0.20589920,0.19955753,0.19520026,0.19083982,0.18410145,0.17526205,0.16647714,0.15878867,0.15080952,0.14050870,0.12797865,0.11622533,0.10921769,0.10914067,0.11528462,0.12504288,0.13554809,0.14464046,0.15122686,0.15545661,0.15842244,0.16111905,0.16354774,0.16520376,0.16660540,0.16989960,0.17732333,0.18880036,0.20116435,0.20992026,0.21197291,0.20709865
0.24033828,0.22847811,0.22811353,0.24245979,0.26607684,0.29131335,0.31481496,0.33321778,0.34106526,0.33840997,0.33165065,0.32393607,0.31259472,0.29676040,0.28063822,0.26892336,0.26384448,0.26605875,0.27437222,0.28518342,0.29518017,0.30366960,0.31009956,0.31107513,0.30280016,0.28600592,0.26657673,0.25147341,0.24481399,0.24694576,0.25566498,0.26794551,0.28127689,0.29421503,0.30592421,0.31486511,0.31786650,0.31141145,0.29490622,0.27255799,0.25114342,0.23565369,0.22729395,0.22511912,0.22839742,0.23698788,0.25010917,0.26533302,0.27877892,0.28651413,0.28661389
0.22485011,0.22857678,0.24128283,0.25592876,0.26527246,0.26628492,0.26008637,0.25011411,0.24029226,0.23344452,0.23105561,0.23438071,0.24431575,0.25904778,0.27293310,0.27960993,0.27666654,0.26676417,0.25465346,0.24421957,0.23825749,0.23932588,0.24923284,0.26751343,0.29082474,0.31382516,0.33069437,0.33682925,0.33072981,0.31521262,0.29645938,0.28091299,0.27232267,0.27127112,0.27691849,0.28852000,0.30504980,0.32384573,0.34041034,0.35012986,0.35057343,0.34256877,0.32955721,0.31606650,0.30624570,0.30274853,0.30596638,0.31391397,0.32317417,0.33067332,0.33521833
0.20131870,0.21495695,0.24067270,0.27282067,0.30174903,0.31925012,0.32690747,0.33302560,0.33874522,0.33613559,0.32288553,0.30900349,0.30546169,0.31371962,0.32773372,0.33941127,0.34160924,0.33199288,0.31573376,0.30203023,0.29789082,0.30533018,0.32127377,0.33811213,0.34725979,0.34560719,0.33830429,0.33390061,0.33699885,0.34567395,0.35436475,0.35814522,0.35559912,0.34972263,0.34622017,0.34924223,0.35743823,0.36425867,0.36287993,0.35143828,0.33405563,0.31758894,0.30770636,0.30698815,0.31464752,0.32665155,0.33669814,0.33901358,0.33180878,0.31853446,0.30569759
0.19157865,0.19017419,0.19731121,0.20955567,0.22496801,0.24320701,0.26321232,0.28098581,0.29034593,0.28681852,0.27118335,0.24903779,0.22686586,0.20864585,0.19573159,0.18872983,0.18856054,0.19591888,0.21039203,0.23010595,0.25162076,0.27005973,0.28034928,0.27983435,0.27062470,0.25932973,0.25367398,0.25815297,0.27172582,0.28888516,0.30298754,0.30948527,0.30727846,0.29798633,0.28426950,0.26859262,0.25299637,0.23934847,0.22919098,0.22301749,0.21980084,0.21766853,0.21552692,0.21424920,0.21612506,0.22275779,0.23312732,0.24358174,0.24993631,0.25007263,0.24504976
0.14409387,0.14976688,0.15128961,0.15295335,0.15844223,0.16780137,0.17919408,0.19151757,0.20302979,0.20888114,0.20397561,0.18959224,0.17457882,0.16768625,0.16952542,0.17355274,0.17402307,0.17086423,0.16681609,0.16225900,0.15468581,0.14260283,0.12829870,0.11633043,0.11003256,0.10982030,0.11404313,0.12040295,0.12644849,0.12967841,0.12831389,0.12247563,0.11443916,0.10737312,0.10359710,0.10391529,0.10834182,0.11698558,0.12981482,0.14552626,0.16102983,0.17258960,0.17789750,0.17725411,0.17282561,0.16679403,0.16016889,0.15316452,0.14638439,0.14133361,0.13961967
0.12682245,0.13224426,0.14021757,0.14764275,0.15062168,0.14781244,0.14126552,0.13476429,0.13177097,0.13366798,0.13957426,0.14811719,0.15834075,0.16847677,0.17573937,0.17850869,0.17749464,0.17454998,0.17241097,0.17569194,0.18863687,0.20979535,0.23128301,0.24585108,0.25338166,0.25826516,0.26186950,0.26091130,0.25341002,0.24316203,0.23653141,0.23623413,0.23996018,0.24434686,0.24839015,0.25259767,0.25619085,0.25636034,0.25030300,0.23764240,0.22096135,0.20420764,0.19030890,0.17966746,0.17051918,0.16079643,0.14996746,0.13941890,0.13133533,0.12729502,0.12766963
0.25401572,0.22203504,0.20097118,0.19434031,0.20036251,0.21443503,0.23166433,0.24832735,0.26204210,0.27096340,0.27343960,0.26940800,0.26222627,0.25785584,0.26074766,0.27008390,0.28044759,0.28639078,0.28622615,0.28165564,0.27469689,0.26582628,0.25493170,0.24308928,0.23268846,0.22592230,0.22356358,0.22513897,0.22967225,0.23574448,0.24099684,0.24232509,0.23736265,0.22625584,0.21214403,0.19983358,0.19366339,0.19596860,0.20669823,0.22376582,0.24357963,0.26172272,0.27404353,0.27803443,0.27379972,0.26390916,0.25214262,0.24191836,0.23533058,0.23311567,0.23512542
0.04934798,0.05388678,0.06757861,0.08929386,0.10960663,0.11938067,0.11879753,0.11407709,0.10910701,0.10417637,0.09964296,0.09678371,0.09613750,0.09706747,0.09819876,0.09748669,0.09295996,0.08429071,0.07324063,0.06234432,0.05350625,0.04765760,0.04495670,0.04508488,0.04784777,0.05366154,0.06289819,0.07432874,0.08460475,0.09005404,0.08937868,0.08454875,0.07908919,0.07569958,0.07538900,0.07811387,0.08335028,0.08989194,0.09579134,0.09931451,0.10020916,0.09982068,0.09983660,0.10115227,0.10425578,0.11056503,0.12265938,0.14231466,0.16783627,0.19350512,0.21229741
0.08923814,0.08258558,0.07846524,0.07662525,0.07646751,0.07621893,0.07310068,0.06604948,0.05851453,0.05652198,0.06272097,0.07343114,0.08244755,0.08672600,0.08752330,0.08726076,0.08695960,0.08647501,0.08566492,0.08463337,0.08340322,0.08189593,0.08010756,0.07808338,0.07584175,0.07350355,0.07145187,0.07025633,0.07043599,0.07225934,0.07558743,0.07974101,0.08358174,0.08596864,0.08635172,0.08500756,0.08270188,0.08007778,0.07725343,0.07385957,0.06940612,0.06372345,0.05724768,0.05099415,0.04619293,0.04375655,0.04388539,0.04603711,0.04923658,0.05250264,0.05517170
0.14547123,0.12887272,0.11809466,0.11464015,0.11870497,0.13062233,0.14906889,0.16956546,0.18636682,0.19595300,0.19855865,0.19716767,0.19583534,0.19814522,0.20533159,0.21490007,0.22181358,0.22218547,0.21612191,0.20676443,0.19680560,0.18649311,0.17495553,0.16259953,0.15152682,0.14389853,0.14065063,0.14192085,0.14790904,0.15840383,0.17136166,0.18264757,0.18797769,0.18555728,0.17700841,0.16593476,0.15575518,0.14873237,0.14640227,0.15005495,0.16021470,0.17561757,0.19306233,0.20873838,0.22013296,0.22702062,0.23089513,0.23355845,0.23610267,0.23885943,0.24186960
0.15176082,0.15695114,0.15484991,0.15224131,0.15672162,0.16837938,0.17946967,0.18243888,0.17678194,0.16803447,0.16198035,0.16073007,0.16296192,0.16616805,0.16844844,0.16903941,0.16796462,0.16571753,0.16348971,0.16317396,0.16596780,0.17020925,0.17103782,0.16337139,0.14608871,0.12349268,0.10255638,0.08845810,0.08213141,0.08115911,0.08236806,0.08377820,0.08493934,0.08617859,0.08772361,0.08935151,0.09071922,0.09202325,0.09427521,0.09868732,0.10551129,0.11341194,0.12016895,0.12427379,0.12602890,0.12712582,0.12907887,0.13193244,0.13432824,0.13471212,0.13250177
0.08070706,0.08083128,0.08032096,0.07874177,0.07524468,0.06964191,0.06308484,0.05775643,0.05560656,0.05705327,0.06083651,0.06517740,0.06901644,0.07210035,0.07415470,0.07443909,0.07231518,0.06806742,0.06293138,0.05831242,0.05508217,0.05357718,0.05401251,0.05663082,0.06137779,0.06753465,0.07380128,0.07883964,0.08185976,0.08285944,0.08245467,0.08148424,0.08060616,0.08004028,0.07954051,0.07858151,0.07663680,0.07340399,0.06891919,0.06358125,0.05809116,0.05328504,0.04990625,0.04845367,0.04918901,0.05219774,0.05732092,0.06396733,0.07107702,0.07747278,0.08245194
0.18135075,0.17886605,0.16343304,0.14543642,0.13401650,0.13206156,0.13597316,0.13764902,0.13009665,0.11330103,0.09363388,0.07792227,0.06954403,0.06893697,0.07479515,0.08413375,0.09327953,0.10037245,0.10660227,0.11431497,0.12404240,0.13381849,0.14124088,0.14552893,0.14724459,0.14655161,0.14265549,0.13525233,0.12601386,0.11805157,0.11384562,0.11385632,0.11694766,0.12161246,0.12653675,0.13042979,0.13212595,0.13135966,0.12932186,0.12797834,0.12848724,0.13031222,0.13216992,0.13405135,0.13820974,0.14778405,0.16399958,0.18439216,0.20372019,0.21694043,0.22200959
0.16072927,0.14796894,0.14365090,0.15536374,0.17786016,0.19813737,0.20702944,0.20379231,0.19280478,0.17962042,0.16908773,0.16370359,0.16254069,0.16275362,0.16254078,0.16223753,0.16282578,0.16420203,0.16490225,0.16292669,0.15708072,0.14861057,0.14188319,0.14231520,0.15216379,0.16793606,0.18246636,0.19007040,0.18992533,0.18487050,0.17767690,0.16890953,0.15797840,0.14534485,0.13316215,0.12392416,0.11885311,0.11758324,0.11901868,0.12221058,0.12655244,0.13157003,0.13687759,0.14239289,0.14843213,0.15540230,0.16326663,0.17122338,0.17787184,0.18176827,0.18204756
0.18207827,0.17949969,0.17837790,0.18135369,0.18791806,0.19599991,0.20427041,0.21213035,0.21855501,0.22207012,0.22163994,0.21719841,0.20985345,0.20206101,0.19692868,0.19623955,0.19882449,0.20113158,0.19947810,0.19193613,0.17899917,0.16361151,0.15057245,0.14456263,0.14741349,0.15704550,0.16940518,0.18146258,0.19222432,0.20141188,0.20828437,0.21225956,0.21397216,0.21469343,0.21463956,0.21273887,0.20870327,0.20486694,0.20491664,0.21026513,0.21807824,0.22363261,0.22497412,0.22509512,0.22924495,0.23996462,0.25468200,0.26802450,0.27640434,0.28056651,0.28412733
0.09509905,0.10340883,0.10737006,0.10725351,0.10628107,0.10737602,0.10991654,0.11070529,0.10712070,0.09881367,0.08774647,0.07755283,0.07175004,0.07116834,0.07323390,0.07448719,0.07376655,0.07266690,0.07337905,0.07672301,0.08194918,0.08750817,0.09181752,0.09410140,0.09520222,0.09737260,0.10262022,0.11094943,0.12028735,0.12809967,0.13290449,0.13431758,0.13218977,0.12631671,0.11714836,0.10645091,0.09682470,0.09029273,0.08724449,0.08671343,0.08771092,0.09040634,0.09611865,0.10611063,0.12017027,0.13616114,0.15098506,0.16228596,0.16960800,0.17413651,0.17729688
0.18022500,0.17960245,0.18517384,0.19536618,0.20672817,0.21502574,0.21842703,0.21916513,0.22104347,0.22573132,0.23248157,0.24091238,0.25219025,0.26652918,0.28049458,0.28832528,0.28650995,0.27677365,0.26436374,0.25359387,0.24511868,0.23714094,0.22873278,0.22178498,0.21983396,0.22501697,0.23594696,0.24833017,0.25773222,0.26213497,0.26229332,0.26001107,0.25631721,0.25134734,0.24573262,0.24156739,0.24142285,0.24603519,0.25296151,0.25785354,0.25758493,0.25263210,0.24664705,0.24357107,0.24469336,0.24797103,0.24992878,0.24839659,0.24390899,0.23891182,0.23570523
0.23193803,0.23638436,0.23698384,0.23207287,0.22361632,0.21466173,0.20732387,0.20186324,0.19724788,0.19283419,0.18835105,0.18262643,0.17540924,0.17111119,0.17710042,0.19593846,0.22120514,0.24260783,0.25369246,0.25387294,0.24590113,0.23408411,0.22349668,0.21769674,0.21644525,0.21681885,0.21660502,0.21569155,0.21459590,0.21328621,0.21178089,0.21052985,0.20957484,0.20867191,0.20949359,0.21671112,0.23460562,0.26162156,0.28929522,0.30796715,0.31402771,0.31161537,0.30779601,0.30677109,0.30841094,0.31089622,0.31346068,0.31663140,0.32088403,0.32581666,0.33038194
0.04050613,0.03869201,0.03825181,0.03978291,0.04324979,0.04752905,0.05115261,0.05352396,0.05526069,0.05722709,0.05926338,0.05999762,0.05802821,0.05335823,0.04768831,0.04325927,0.04126225,0.04115453,0.04133969,0.04050430,0.03848900,0.03613534,0.03444674,0.03384020,0.03400355,0.03429589,0.03426630,0.03392038,0.03364867,0.03395447,0.03516189,0.03722327,0.03968757,0.04185440,0.04307578,0.04307264,0.04208051,0.04070770,0.03956676,0.03890440,0.03847311,0.03773000,0.03622517,0.03391764,0.03122099,0.02877925,0.02715214,0.02661919,0.02718735,0.02872024,0.03103466
0.11688594,0.11514484,0.11785573,0.11913040,0.11978847,0.12383575,0.13308748,0.14642481,0.16146521,0.17493665,0.18313839,0.18455577,0.18197113,0.18033699,0.18197445,0.18449647,0.18359163,0.17713198,0.16636117,0.15406657,0.14262652,0.13358301,0.12785475,0.12549955,0.12552155,0.12665426,0.12860157,0.13215041,0.13768213,0.14365959,0.14701429,0.14538950,0.13912362,0.13104528,0.12436331,0.12071436,0.11995406,0.12129372,0.12416943,0.12797672,0.13142936,0.13284746,0.13154123,0.12896550,0.12819871,0.13178582,0.13961272,0.14862770,0.15472771,0.15535996,0.15089900
0.09957799,0.10616658,0.10857524,0.10829404,0.10810119,0.11074669,0.11535815,0.11631121,0.10839387,0.09281942,0.07622073,0.06406748,0.05677984,0.05186882,0.04767920,0.04432771,0.04240809,0.04196126,0.04239096,0.04276063,0.04232455,0.04118802,0.04040467,0.04115553,0.04379899,0.04776295,0.05214189,0.05612760,0.05898586,0.06007544,0.05917244,0.05665413,0.05315703,0.04907439,0.04449537,0.03952942,0.03443099,0.02936627,0.02437779,0.01991934,0.01736899,0.01855925,0.02433648,0.03343950,0.04296295,0.05019601,0.05426568,0.05622781,0.05775507,0.05976264,0.06208136
0.16654859,0.16993779,0.17339801,0.17386261,0.17233238,0.17028623,0.16743888,0.16200523,0.15208527,0.13756281,0.12124390,0.10728749,0.09811744,0.09396046,0.09589750,0.10762641,0.13202602,0.16583587,0.19934152,0.22262894,0.23247601,0.23337294,0.23245368,0.23364373,0.23584889,0.23546982,0.23003842,0.21990545,0.20740808,0.19508190,0.18462225,0.17688674,0.17203963,0.16924765,0.16655764,0.16194582,0.15527157,0.14938030,0.14885314,0.15698659,0.17339061,0.19415566,0.21428311,0.23030772,0.24137132,0.24872361,0.25475572,0.26227149,0.27370275,0.28983992,0.30857710
0.17138120,0.15746127,0.15881364,0.17026675,0.18481401,0.19805280,0.20779152,0.21264693,0.21311631,0.21310333,0.21816820,0.23115237,0.24972662,0.26849131,0.28328919,0.29354554,0.30119102,0.30808281,0.31430558,0.31802206,0.31634795,0.30685404,0.28942429,0.26752741,0.24754153,0.23583981,0.23530560,0.24380608,0.25580950,0.26588788,0.27150095,0.27329977,0.27329254,0.27270527,0.27118286,0.26759081,0.26141090,0.25349964,0.24571397,0.23983676,0.23664578,0.23571095,0.23592026,0.23629228,0.23656837,0.23731632,0.23958551,0.24434347,0.25195395,0.26189068,0.27278858
0.13169922,0.10563982,0.08694530,0.08134558,0.08613412,0.09611529,0.10597622,0.11079153,0.10953632,0.10615180,0.10427739,0.10347349,0.10237190,0.10224873,0.10556365,0.11362352,0.12686108,0.14457429,0.16314824,0.17733699,0.18517235,0.18977490,0.19464887,0.19862565,0.19730999,0.18883463,0.17647505,0.16557894,0.15911161,0.15629081,0.15425326,0.15018110,0.14249200,0.13128703,0.11826119,0.10594457,0.09661249,0.09161179,0.09127473,0.09486940,0.10038333,0.10482694,0.10560210,0.10215768,0.09637036,0.09108872,0.08805136,0.08692703,0.08602680,0.08374933,0.07951889
0.19317684,0.19342307,0.19476144,0.19493277,0.19468653,0.19421350,0.19332876,0.19262223,0.19259856,0.19254410,0.19124717,0.18829927,0.18419573,0.18005658,0.17813689,0.18179883,0.19332546,0.21128450,0.23091391,0.24774414,0.26054532,0.27049705,0.27817930,0.28228135,0.28115331,0.27464839,0.26388959,0.24975439,0.23244296,0.21267320,0.19268560,0.17550282,0.16316587,0.15588677,0.15284978,0.15351231,0.15797616,0.16634421,0.17810243,0.19225366,0.20785917,0.22422206,0.24053175,0.25549259,0.26743101,0.27478585,0.27653352,0.27234754,0.26270367,0.24912532,0.23433663
0.16123409,0.15327095,0.14316042,0.13243313,0.12439231,0.12262429,0.12868906,0.14003092,0.15187336,0.15962971,0.16211802,0.16236232,0.16322494,0.16585818,0.17063375,0.17622379,0.18346724,0.19655677,0.20985602,0.20474124,0.17374220,0.13445286,0.10810411,0.09866387,0.09983941,0.10786319,0.12127667,0.13724609,0.15159732,0.16006489,0.16098368,0.15742707,0.15444411,0.15505829,0.16015036,0.16912767,0.17948761,0.18914685,0.19937925,0.21152675,0.22127123,0.22083816,0.20754688,0.18703422,0.16777536,0.15483575,0.14888703,0.14865725,0.15281575,0.15992069,0.16751985
0.10339014,0.10887167,0.10621425,0.09857097,0.09029119,0.08490498,0.08649656,0.09771374,0.11548211,0.13315522,0.14833447,0.16506578,0.18685989,0.21049422,0.22858943,0.23656590,0.23575646,0.23128742,0.22845555,0.23007057,0.23528493,0.24043742,0.24162573,0.23702086,0.22736320,0.21523919,0.20421892,0.19760406,0.19656095,0.19915248,0.20184407,0.20231801,0.20055134,0.19711044,0.19107667,0.18040366,0.16442305,0.14566146,0.12899795,0.11898211,0.11758271,0.12375903,0.13463734,0.14727601,0.16003313,0.17284301,0.18622604,0.19971310,0.21101182,0.21685776,0.21513439
0.27646321,0.27160084,0.24802494,0.21850023,0.19321118,0.17474816,0.16493388,0.16710016,0.17988928,0.19485890,0.20333272,0.20311638,0.19716394,0.18850616,0.17884549,0.17047892,0.16655550,0.16875485,0.17611642,0.18691123,0.20066307,0.21700443,0.23266929,0.24120478,0.23713786,0.22058669,0.19707464,0.17261754,0.14961487,0.12784201,0.10850903,0.09587796,0.09433595,0.10439545,0.12198839,0.14128623,0.15775751,0.16909631,0.17476385,0.17585759,0.17527957,0.17684453,0.18308674,0.19345319,0.20459134,0.21243959,0.21423072,0.20905072,0.19731943,0.18036142,0.16046714
0.22607452,0.22725719,0.23584544,0.24670782,0.25734408,0.26861706,0.28094103,0.29111021,0.29432997,0.28915017,0.27902833,0.26863464,0.25966821,0.25103599,0.24224711,0.23508166,0.23147318,0.23062643,0.22916416,0.22423735,0.21617444,0.20801515,0.20262159,0.20016180,0.19799761,0.19279419,0.18309757,0.17054767,0.15895925,0.15196289,0.15091409,0.15459832,0.16082538,0.16838630,0.17752604,0.18850345,0.19971527,0.20741383,0.20764673,0.19897825,0.18374824,0.16680907,0.15273684,0.14361536,0.13880266,0.13639165,0.13489285,0.13386263,0.13335387,0.13304962,0.13198900
0.09408565,0.06958720,0.05404363,0.04893459,0.05323738,0.06506159,0.08199797,0.10061001,0.11751666,0.13135580,0.14292831,0.15384133,0.16555454,0.17824820,0.18893956,0.19178493,0.18251355,0.16273627,0.13869879,0.11614569,0.09772639,0.08475102,0.07895260,0.08145257,0.09144623,0.10716397,0.12726304,0.14999746,0.17160022,0.18725001,0.19436688,0.19434828,0.19073319,0.18629168,0.18223584,0.17921100,0.17750645,0.17600017,0.17213455,0.16426236,0.15416212,0.14639427,0.14436424,0.14678448,0.14815513,0.14298934,0.13004312,0.11313772,0.09843079,0.09074107,0.09156178
0.21830022,0.23774185,0.25015187,0.24746321,0.23229250,0.21587116,0.20796449,0.21028921,0.21846408,0.22733129,0.23397082,0.23786424,0.23956139,0.23877424,0.23375469,0.22349019,0.21049214,0.19993602,0.19514717,0.19476792,0.19537673,0.19636581,0.20088835,0.21167079,0.22682658,0.24060332,0.24810595,0.24890454,0.24631574,0.24391007,0.24295277,0.24259544,0.24167135,0.23996739,0.23800906,0.23591928,0.23249815,0.22533695,0.21206128,0.19204712,0.16748009,0.14285348,0.12301566,0.11100306,0.10712167,0.10975890,0.11704926,0.12798645,0.14226931,0.15933975,0.17764593
0.11371358,0.10957301,0.10457295,0.10537257,0.11708631,0.14103453,0.17391370,0.20534228,0.22132746,0.21568753,0.19603103,0.17573833,0.16254050,0.15666171,0.15620309,0.16014804,0.16709881,0.17443494,0.17981571,0.18283728,0.18518820,0.18956790,0.19795316,0.20996735,0.22271489,0.23266150,0.23800032,0.23921961,0.23757620,0.23354622,0.22715650,0.21959705,0.21371597,0.21216770,0.21488749,0.21874214,0.22004511,0.21749393,0.21265546,0.20788610,0.20422747,0.20136616,0.19906961,0.19797753,0.19882120,0.20123193,0.20369985,0.20475747,0.20408234,0.20244683,0.20073022
0.17267463,0.18508413,0.18562090,0.17838991,0.16638891,0.15336007,0.14399401,0.14076623,0.14229537,0.14534113,0.14722461,0.14625219,0.14141325,0.13281252,0.12213318,0.11215449,0.10571387,0.10485271,0.11027127,0.12118963,0.13590206,0.15262882,0.16963467,0.18452366,0.19415317,0.19626028,0.19161550,0.18424908,0.17898074,0.17829738,0.18127489,0.18509236,0.18729613,0.18679821,0.18334580,0.17669325,0.16656504,0.15331704,0.13841953,0.12414642,0.11266450,0.10523337,0.10206935,0.10282725,0.10713896,0.11463521,0.12439276,0.13437989,0.14164495,0.14346950,0.13886923
0.06618294,0.05824154,0.05269704,0.05435955,0.06517104,0.08413076,0.10866276,0.13544283,0.16052302,0.17993010,0.19106848,0.19376192,0.18983144,0.18169093,0.17147041,0.16128337,0.15361197,0.15061706,0.15277585,0.15846153,0.16516694,0.17112740,0.17564537,0.17806660,0.17699977,0.17098720,0.16001775,0.14627236,0.13331812,0.12442238,0.12116864,0.12300988,0.12776099,0.13279545,0.13650430,0.13920650,0.14274094,0.14888140,0.15783848,0.16817320,0.17814048,0.18707257,0.19543119,0.20362344,0.21100999,0.21628336,0.21884590,0.21966548,0.22057704,0.22260963,0.22496586
0.07341073,0.07103750,0.07362846,0.07979789,0.08735783,0.09472347,0.10111695,0.10609913,0.10926099,0.11035750,0.10958780,0.10765143,0.10553722,0.10419321,0.10413518,0.10507062,0.10583300,0.10486120,0.10098719,0.09401367,0.08484375,0.07527938,0.06753397,0.06337486,0.06317069,0.06559572,0.06845812,0.07011492,0.07034595,0.07011913,0.07071288,0.07299013,0.07709547,0.08236837,0.08740965,0.09053022,0.09057023,0.08752034,0.08235404,0.07623279,0.06993927,0.06412811,0.05998386,0.05930397,0.06360388,0.07296729,0.08577288,0.09963850,0.11276630,0.12455944,0.13518797
0.08400547,0.07997153,0.08965951,0.11309043,0.14535777,0.17515605,0.19170637,0.19346352,0.18609682,0.17482876,0.16446285,0.16334797,0.17836088,0.20509526,0.22937794,0.24041286,0.23864810,0.23032375,0.21919539,0.20591263,0.19185393,0.17986042,0.17198023,0.16871837,0.17025013,0.17678885,0.18760351,0.20059955,0.21309497,0.22271188,0.22789112,0.22833207,0.22500725,0.21923662,0.21171959,0.20295534,0.19452458,0.18900176,0.18785447,0.18971547,0.19146828,0.19122555,0.18988406,0.18964619,0.19141803,0.19394177,0.19514819,0.19383181,0.19003425,0.18443723,0.17793336
0.10070496,0.09247433,0.08714555,0.08522204,0.08656503,0.09202119,0.10300309,0.11876309,0.13464022,0.14409308,0.14318845,0.13346180,0.12088236,0.11239495,0.11277787,0.12303588,0.14018664,0.15835159,0.17112026,0.17436753,0.16806207,0.15602560,0.14376420,0.13565429,0.13328196,0.13596214,0.14259108,0.15273687,0.16586662,0.17993962,0.19148936,0.19761094,0.19800319,0.19504071,0.19181510,0.18990516,0.18860506,0.18592159,0.18034073,0.17201158,0.16254419,0.15365679,0.14584114,0.13827841,0.13014247,0.12203439,0.11604120,0.11423260,0.11701534,0.12294006,0.13008949
0.12541952,0.14547096,0.15920394,0.16246172,0.15815576,0.15465729,0.15789965,0.16717327,0.17907767,0.18852279,0.18566091,0.16459955,0.13923283,0.13632567,0.16492452,0.20398020,0.22811687,0.23521476,0.24031076,0.25227997,0.26736356,0.27958163,0.28647510,0.28614815,0.27696013,0.26079645,0.24173098,0.22153962,0.20066475,0.18328693,0.17670953,0.18402501,0.20030016,0.21784488,0.23338193,0.24829176,0.26324928,0.27507424,0.27925426,0.27447400,0.26431990,0.25509154,0.25191383,0.25599180,0.26470867,0.27412403,0.28145279,0.28534264,0.28445488,0.27693618,0.26206659
0.07350413,0.08098228,0.09031609,0.09960762,0.10608290,0.10897905,0.11021634,0.11213882,0.11645565,0.12447965,0.13629758,0.15020100,0.16423521,0.17770036,0.19026061,0.20028943,0.20510503,0.20290327,0.19417313,0.18111112,0.16579919,0.14963051,0.13506114,0.12678790,0.12881285,0.13946317,0.15094242,0.15545801,0.15150234,0.14347336,0.13624581,0.13167347,0.12965485,0.12994055,0.13152194,0.13163949,0.12741606,0.11873823,0.10849429,0.09954457,0.09203913,0.08406904,0.07441863,0.06409465,0.05541225,0.05027616,0.04946298,0.05291325,0.06007166,0.06994986,0.08128342
0.10484762,0.10215558,0.10315905,0.10256773,0.09913372,0.09604405,0.09616302,0.10031952,0.10822984,0.11868876,0.13070920,0.14532054,0.16410730,0.18483286,0.19980037,0.20118149,0.18967944,0.17600950,0.17100015,0.17579231,0.18442802,0.19290862,0.20078009,0.20594655,0.20414064,0.19436319,0.18097277,0.16939030,0.16199502,0.15833617,0.15693723,0.15621890,0.15539362,0.15532708,0.15753142,0.16163833,0.16451525,0.16256540,0.15487006,0.14405683,0.13450355,0.12981724,0.13134292,0.13809710,0.14768390,0.15754802,0.16588682,0.17176382,0.17459383,0.17373925,0.16879277
0.17158572,0.18800294,0.20323474,0.21227193,0.21899386,0.23057764,0.24763046,0.26327434,0.27182559,0.27496357,0.27809138,0.28311843,0.28682021,0.28492872,0.27579920,0.26084219,0.24391105,0.23093084,0.22789937,0.23663869,0.25183691,0.26327908,0.26228349,0.24705689,0.22291787,0.19820598,0.17973420,0.17055719,0.17003640,0.17485577,0.18023164,0.18138685,0.17523171,0.16155427,0.14292484,0.12326292,0.10593820,0.09256100,0.08305544,0.07669426,0.07320641,0.07318581,0.07762759,0.08700557,0.10052557,0.11601728,0.13055542,0.14153214,0.14766879,0.14945153,0.14874550
0.12535915,0.13129502,0.14317754,0.16348685,0.18977214,0.21616273,0.23525434,0.24109411,0.23303763,0.21711806,0.20279467,0.19749150,0.20305913,0.21583781,0.22928529,0.23746337,0.23782223,0.23184747,0.22320890,0.21499382,0.20834377,0.20324810,0.20013856,0.20055855,0.20647150,0.21894017,0.23706058,0.25776389,0.27686101,0.29108411,0.29984792,0.30517305,0.30961062,0.31402314,0.31742052,0.31897789,0.31993896,0.32307745,0.32997953,0.33889715,0.34557581,0.34654789,0.34189925,0.33498906,0.32949838,0.32658999,0.32462212,0.32131924,0.31613039,0.31064744,0.30698820
0.22734623,0.21238895,0.19703800,0.18820762,0.18637278,0.18855089,0.19710185,0.21885553,0.25255298,0.28318110,0.29418590,0.28297304,0.26080157,0.23975346,0.22381458,0.21140089,0.20174048,0.19668796,0.19785251,0.20340912,0.20787746,0.20575348,0.19677123,0.18758392,0.18651836,0.19544740,0.20733500,0.21257178,0.20746688,0.19618688,0.18537026,0.17839860,0.17494183,0.17414754,0.17632720,0.18145247,0.18743671,0.19108317,0.19080696,0.18807070,0.18617977,0.18793730,0.19429276,0.20451619,0.21698691,0.22978847,0.24111074,0.24967014,0.25495950,0.25702269,0.25593063
0.20804180,0.19761808,0.18223556,0.16555893,0.15289380,0.14712256,0.14759790,0.15250984,0.16095492,0.17275417,0.18705861,0.20131148,0.21176494,0.21608394,0.21628365,0.21831136,0.22710714,0.24154656,0.25504557,0.26172411,0.26156481,0.25915683,0.25808915,0.25767586,0.25524218,0.25051055,0.24674663,0.24765048,0.25370356,0.26165696,0.26713601,0.26759941,0.26346372,0.25734965,0.25253252,0.25140584,0.25437946,0.25973135,0.26478576,0.26786014,0.26950509,0.27189455,0.27679567,0.28387541,0.29081254,0.29503897,0.29554272,0.29329568,0.29023124,0.28788772,0.28682110
0.12479435,0.10765517,0.09930000,0.09950483,0.10536176,0.11399077,0.12447662,0.13693002,0.14995731,0.16010495,0.16460281,0.16443215,0.16390867,0.16680617,0.17292521,0.17844939,0.17937905,0.17449694,0.16547990,0.15503012,0.14544728,0.13860218,0.13610262,0.13838407,0.14345417,0.14733339,0.14686569,0.14280761,0.14013094,0.14470162,0.15884770,0.17944008,0.19990978,0.21432389,0.22029568,0.21899816,0.21310423,0.20475149,0.19492657,0.18411837,0.17318594,0.16360101,0.15698585,0.15441197,0.15597069,0.16084334,0.16775894,0.17550555,0.18315613,0.18990768,0.19478067
0.14460014,0.14149045,0.13649732,0.13040347,0.12473574,0.12001109,0.11635550,0.11522138,0.11878626,0.12858229,0.14393486,0.15890822,0.16317524,0.15164766,0.13233573,0.11899175,0.11635242,0.11773558,0.11631591,0.11264291,0.11032346,0.10999508,0.11011885,0.11010013,0.10988607,0.10847814,0.10514823,0.10122055,0.09907353,0.09980922,0.10279291,0.10685313,0.11090160,0.11369023,0.11403452,0.11165660,0.10758767,0.10377813,0.10244498,0.10538023,0.11323937,0.12543391,0.14109582,0.16007273,0.18234288,0.20621324,0.22780190,0.24324006,0.25161719,0.25537274,0.25759316
0.09067831,0.10417846,0.11120887,0.11755364,0.12598480,0.13395051,0.13977108,0.14543793,0.15147610,0.15382452,0.14946749,0.14211021,0.13805973,0.13795581,0.13659729,0.13065745,0.12309708,0.11944279,0.12249683,0.13158287,0.14442404,0.15785279,0.16804330,0.17236878,0.17158081,0.16952763,0.17053965,0.17711048,0.18938173,0.20574736,0.22356576,0.23978914,0.25157395,0.25679648,0.25455392,0.24570262,0.23292347,0.21970262,0.20868050,0.20081412,0.19610506,0.19486894,0.19791898,0.20542726,0.21584907,0.22618517,0.23333869,0.23533397,0.23166413,0.22306709,0.21129229
0.07627066,0.08686689,0.11173794,0.14347903,0.17047024,0.18563047,0.19075892,0.19232074,0.19420790,0.19538201,0.19342590,0.18854359,0.18363392,0.18137626,0.18189600,0.18298459,0.18222137,0.17908071,0.17528577,0.17296119,0.17209652,0.16986293,0.16286144,0.15042272,0.13578259,0.12395640,0.11835024,0.11914285,0.12440832,0.13227443,0.14185366,0.15239549,0.16200792,0.16757078,0.16619769,0.15719668,0.14308116,0.12886797,0.11999042,0.11992762,0.12874695,0.14321887,0.15833508,0.16940449,0.17374845,0.17137149,0.16454932,0.15670112,0.15105162,0.14952180,0.15215844
0.04827181,0.04625759,0.05158079,0.06326761,0.07846578,0.09318136,0.10453299,0.11297564,0.12210339,0.13539293,0.15237835,0.16799964,0.17626410,0.17507077,0.16766709,0.15949166,0.15364643,0.14916243,0.14299539,0.13320382,0.12047872,0.10747572,0.09721394,0.09170187,0.09110745,0.09361373,0.09628727,0.09680012,0.09486766,0.09212860,0.09047169,0.09030948,0.09037315,0.08912262,0.08636766,0.08364148,0.08312983,0.08616673,0.09241591,0.10007428,0.10669969,0.11013389,0.10923398,0.10427118,0.09682238,0.08906140,0.08270534,0.07821933,0.07481852,0.07127370,0.06694001
0.27690851,0.27565547,0.27156922,0.26392442,0.25333521,0.24331916,0.23712792,0.23411363,0.23093623,0.22579498,0.21981873,0.21449663,0.20958413,0.20421361,0.19874084,0.19432138,0.19121901,0.18865797,0.18632544,0.18516422,0.18652392,0.19134910,0.20068513,0.21618922,0.23877816,0.26618679,0.29243452,0.31071257,0.31752653,0.31438392,0.30566438,0.29487658,0.28259451,0.26731301,0.24778405,0.22463370,0.20031982,0.17802294,0.16047857,0.14922444,0.14423263,0.14391836,0.14569829,0.14709043,0.14685561,0.14543238,0.14431378,0.14481456,0.14719018,0.15080044,0.15513400
0.11305228,0.10521565,0.09944463,0.09969431,0.10610458,0.11996670,0.14323438,0.17191275,0.19577628,0.20787051,0.21095701,0.21189567,0.21250181,0.20911939,0.19930596,0.18509759,0.16963655,0.15363260,0.13640389,0.11870901,0.10322454,0.09310175,0.09104470,0.09885568,0.11611724,0.13902340,0.16180072,0.18038712,0.19468061,0.20679246,0.21729236,0.22368728,0.22265157,0.21333405,0.19823554,0.18108077,0.16410348,0.14722275,0.12934897,0.11019296,0.09099565,0.07389035,0.06069094,0.05205011,0.04741470,0.04559930,0.04548119,0.04638746,0.04807995,0.05056499,0.05399789
0.08993232,0.07559184,0.05987343,0.05030723,0.04931480,0.05720052,0.07236472,0.08942687,0.10391787,0.11885008,0.14028044,0.16640529,0.18808501,0.20136425,0.21250307,0.22761399,0.24291387,0.24946991,0.24424642,0.23240998,0.22045397,0.21052881,0.20094211,0.18938928,0.17534690,0.16116946,0.15152142,0.15060464,0.15895266,0.17277717,0.18632771,0.19490349,0.19654387,0.19230835,0.18551303,0.18000300,0.17830838,0.18124453,0.18916261,0.20289784,0.22270114,0.24620946,0.26821306,0.28319829,0.28849824,0.28518308,0.27623755,0.26414497,0.25002177,0.23441814,0.21831687
0.10259590,0.09738307,0.08966951,0.08294847,0.08113914,0.08672243,0.09845940,0.11189646,0.12315559,0.13190973,0.13992085,0.14773560,0.15448706,0.15986372,0.16359812,0.16326312,0.15553313,0.14057041,0.12319685,0.10876312,0.09921496,0.09382746,0.09222166,0.09534348,0.10408171,0.11785391,0.13435809,0.15034037,0.16303788,0.17132937,0.17524880,0.17432673,0.16732091,0.15447577,0.13960329,0.12854151,0.12471038,0.12634445,0.12838760,0.12695559,0.12192709,0.11589688,0.11155108,0.11017352,0.11177911,0.11566949,0.12065574,0.12530888,0.12859842,0.13046894,0.13172707
0.05020593,0.05344462,0.05961484,0.06598742,0.07096128,0.07352792,0.07378146,0.07211036,0.06769417,0.05881218,0.04570691,0.03313025,0.02839277,0.03556341,0.05164547,0.06893125,0.08120158,0.08710323,0.08811551,0.08630411,0.08490445,0.08655703,0.08863999,0.08534813,0.07728379,0.07340236,0.07964383,0.09077244,0.09770260,0.09883424,0.10021311,0.10749695,0.12103957,0.13680531,0.14964411,0.15687558,0.15982081,0.16066308,0.15785842,0.14700095,0.12688947,0.10255382,0.08118313,0.06664209,0.05879479,0.05620921,0.05756177,0.06115175,0.06497030,0.06777511,0.06957394
0.15321239,0.15171229,0.14505390,0.13603596,0.12823486,0.12449732,0.12563831,0.12977774,0.13366897,0.13567789,0.13755640,0.14294436,0.15413884,0.17037391,0.18864829,0.20534299,0.21703471,0.22101507,0.21657747,0.20635131,0.19567105,0.18946659,0.18899476,0.19145115,0.19293315,0.19196309,0.19028319,0.19042157,0.19268195,0.19455354,0.19292153,0.18671174,0.17744474,0.16748080,0.15795222,0.14834764,0.13779105,0.12642836,0.11555612,0.10665522,0.10055433,0.09754011,0.09803042,0.10282869,0.11254414,0.12675170,0.14378055,0.16138864,0.17772832,0.19180327,0.20318416
0.04653492,0.04032748,0.04104179,0.04782627,0.05901795,0.07160914,0.08298741,0.09178294,0.09694458,0.09786849,0.09623215,0.09620472,0.10131479,0.11126935,0.12257266,0.13200920,0.13884374,0.14394114,0.14792228,0.15074110,0.15236656,0.15290851,0.15196316,0.14848052,0.14179770,0.13278142,0.12371571,0.11697359,0.11376269,0.11394585,0.11672129,0.12127087,0.12685818,0.13257847,0.13723482,0.13957601,0.13879808,0.13505007,0.12965927,0.12484292,0.12286783,0.12496396,0.13057260,0.13742940,0.14251569,0.14337514,0.13908388,0.13041829,0.11926723,0.10772733,0.09738442
0.24597079,0.24424132,0.23924676,0.23057931,0.21640502,0.19712992,0.18010809,0.17596519,0.18777263,0.20679101,0.22129720,0.22750647,0.22970543,0.23209148,0.23432986,0.23482883,0.23450952,0.23518122,0.23595388,0.23392198,0.22875240,0.22504843,0.22895724,0.24231529,0.26024574,0.27436315,0.27851588,0.27241068,0.26092231,0.25033865,0.24448725,0.24309351,0.24288659,0.24025376,0.23355879,0.22379728,0.21354765,0.20525884,0.20008940,0.19781897,0.19748411,0.19804063,0.19864207,0.19860956,0.19737495,0.19452820,0.18988053,0.18343040,0.17526886,0.16556207,0.15467134
0.08479975,0.08406447,0.08895832,0.09643024,0.10266742,0.10566158,0.10536531,0.10261158,0.09876838,0.09586282,0.09569469,0.09816551,0.10087222,0.10095044,0.09741328,0.09148957,0.08481038,0.07779717,0.07017501,0.06279724,0.05832501,0.05964394,0.06747414,0.07946234,0.09147246,0.09983043,0.10289494,0.10134995,0.09756518,0.09450473,0.09449995,0.09831027,0.10500291,0.11277303,0.12011164,0.12648892,0.13225418,0.13814028,0.14485260,0.15278103,0.16162171,0.17001671,0.17573230,0.17668012,0.17226545,0.16398098,0.15459231,0.14641668,0.14000777,0.13423465,0.12757355
0.06735762,0.07841046,0.09380057,0.11148713,0.12764443,0.13906350,0.14391036,0.14181997,0.13531049,0.12836554,0.12339221,0.12164429,0.12429469,0.13131570,0.14112527,0.15090641,0.15673790,0.15636424,0.15183137,0.14618434,0.13932682,0.13053092,0.12197275,0.11610248,0.11229306,0.10888041,0.10602385,0.10466022,0.10478721,0.10617018,0.10929763,0.11472977,0.12219709,0.13067198,0.13898874,0.14626870,0.15169179,0.15383789,0.15079964,0.14165828,0.12786012,0.11274238,0.09965407,0.09057370,0.08608014,0.08593183,0.08930231,0.09458171,0.09941270,0.10153823,0.10004678
0.35884643,0.36077968,0.36735699,0.36999879,0.36454780,0.35428241,0.34463070,0.33791519,0.33244929,0.32444164,0.31185414,0.29777503,0.28874489,0.28930040,0.29914498,0.31436911,0.32906663,0.33682570,0.33386396,0.32178682,0.30668560,0.29557749,0.29311782,0.29932383,0.30890704,0.31424534,0.31123632,0.30274178,0.29591964,0.29634120,0.30454103,0.31690842,0.32869352,0.33661040,0.33994731,0.33983716,0.33721997,0.33138102,0.32072683,0.30502540,0.28652833,0.26869006,0.25400598,0.24329046,0.23674315,0.23506804,0.23915315,0.24878527,0.26207474,0.27640244,0.28994152
0.16636623,0.16009679,0.15442221,0.15816969,0.17065326,0.17989398,0.18061719,0.18043768,0.18751224,0.20185350,0.21520305,0.21798550,0.21003288,0.19832094,0.18662805,0.17670083,0.17046993,0.16524964,0.15735099,0.14770888,0.13792784,0.13327682,0.14825602,0.18911540,0.23604274,0.26200297,0.26138007,0.24709033,0.23132107,0.21893551,0.20936220,0.19795217,0.18041008,0.15747940,0.13354626,0.11306555,0.09944562,0.09435266,0.09710715,0.10573580,0.11771374,0.12989238,0.14040417,0.15076979,0.16380659,0.18002661,0.19777781,0.21465753,0.22624863,0.22647373,0.21347388
0.18478493,0.19676919,0.20779783,0.21435731,0.21861369,0.22356437,0.23093393,0.24060057,0.24948265,0.25285755,0.24923434,0.24269119,0.23772847,0.23217658,0.21808923,0.19094848,0.15646376,0.12679029,0.11056917,0.10758150,0.11220496,0.11998419,0.13014880,0.14336362,0.15914091,0.17596492,0.19286020,0.20970047,0.22585303,0.23914687,0.24679767,0.24763736,0.24345909,0.23797330,0.23399535,0.23113249,0.22599975,0.21499074,0.19744935,0.17662745,0.15762100,0.14406065,0.13635457,0.13276587,0.13198169,0.13459017,0.14214671,0.15494988,0.17085564,0.18634914,0.19887386
0.18697167,0.19190677,0.18532310,0.16994197,0.15447362,0.14215024,0.13088627,0.11793846,0.10123452,0.08579688,0.08586981,0.10808962,0.13779513,0.15430035,0.15372564,0.14689561,0.14236283,0.14134024,0.14335930,0.14802563,0.15369894,0.15938835,0.16600538,0.17331340,0.17802966,0.17697491,0.17057761,0.16209392,0.15445277,0.14849667,0.14346849,0.13864016,0.13461834,0.13309515,0.13542487,0.14183353,0.15168142,0.16329170,0.17328038,0.17761554,0.17475598,0.16734769,0.15984173,0.15466215,0.15139642,0.14907304,0.14767007,0.14716411,0.14666216,0.14569462,0.14568323
0.22772826,0.20163816,0.17954964,0.17064626,0.17682942,0.19455922,0.21908486,0.24567553,0.26915318,0.28512632,0.29196115,0.29047603,0.28205441,0.26847398,0.25348858,0.24243743,0.23845805,0.23930330,0.23915747,0.23403401,0.22492663,0.21560553,0.20812501,0.20107722,0.19171350,0.17877516,0.16313549,0.14670078,0.13167367,0.12066169,0.11619093,0.11888709,0.12591515,0.13190305,0.13232046,0.12659275,0.11819893,0.11176239,0.10981935,0.11191332,0.11621895,0.12166327,0.12853817,0.13746588,0.14818841,0.15951313,0.17030586,0.18031144,0.18986596,0.19880678,0.20576769
0.11764985,0.12452030,0.13052556,0.13424050,0.13330739,0.12799700,0.12257389,0.12088284,0.12228579,0.12427431,0.12736168,0.13440010,0.14623698,0.16132469,0.17888608,0.19866368,0.21737134,0.22972656,0.23527960,0.24128018,0.25548098,0.27698217,0.29674662,0.30690445,0.30729722,0.30273114,0.29642352,0.28795757,0.27639545,0.26296318,0.24996239,0.23814520,0.22615395,0.21250423,0.19781864,0.18525317,0.17888627,0.18121509,0.19135450,0.20521616,0.21774997,0.22572364,0.22892393,0.22897621,0.22711092,0.22302318,0.21567745,0.20493880,0.19227771,0.17993910,0.16951389
0.24971350,0.23526367,0.20855565,0.18009959,0.16177212,0.15865456,0.16657641,0.17667861,0.18244062,0.18328459,0.18273200,0.18416264,0.18858995,0.19564330,0.20518849,0.21699096,0.22905996,0.23745347,0.23865362,0.23231390,0.22140574,0.20955055,0.19835736,0.18741813,0.17657091,0.16763384,0.16358794,0.16604915,0.17363102,0.18276809,0.19010063,0.19422042,0.19551018,0.19472357,0.19189832,0.18651484,0.17847531,0.16882358,0.15955505,0.15273208,0.14959104,0.15016156,0.15346870,0.15808291,0.16273451,0.16677910,0.17036855,0.17426537,0.17938142,0.18626553,0.19478637
0.05236472,0.05540539,0.06105885,0.07150232,0.08650367,0.10327938,0.12019864,0.13696742,0.15040803,0.15494225,0.14948791,0.14003731,0.13304416,0.12898176,0.12405576,0.11577410,0.10508670,0.09458703,0.08630855,0.08111144,0.07911968,0.07971796,0.08104070,0.08073529,0.07817059,0.07513396,0.07358446,0.07352246,0.07373162,0.07358535,0.07319888,0.07266512,0.07219435,0.07253406,0.07443861,0.07805574,0.08335265,0.09055179,0.09929418,0.10765115,0.11293123,0.11384016,0.11158720,0.10879059,0.10751904,0.10836330,0.11098724,0.11517394,0.12116627,0.12893498,0.13716836
0.20758565,0.19744274,0.19036122,0.18722132,0.18362899,0.17595631,0.16519220,0.15576860,0.15248744,0.15833094,0.17309752,0.19282720,0.21120850,0.22285946,0.22595161,0.22204069,0.21394982,0.20411536,0.19429484,0.18563172,0.17834707,0.17171807,0.16501730,0.15869131,0.15444087,0.15403232,0.15806144,0.16572837,0.17537850,0.18493721,0.19208011,0.19478555,0.19251569,0.18711193,0.18217295,0.18088966,0.18388583,0.18886021,0.19238981,0.19246682,0.18981444,0.18711023,0.18687772,0.18965110,0.19359982,0.19567646,0.19342033,0.18632714,0.17611744,0.16591251,0.15886657
0.16182256,0.18147462,0.20092380,0.21388922,0.21768286,0.21430441,0.20764388,0.19929905,0.18742670,0.16983029,0.14779980,0.12657630,0.11220943,0.10820741,0.11479635,0.13021038,0.15161621,0.17482246,0.19429767,0.20500240,0.20522060,0.19789492,0.18897393,0.18385902,0.18452189,0.18904489,0.19338814,0.19393709,0.18942241,0.18146124,0.17357241,0.16907841,0.16896139,0.17108075,0.17154176,0.16751237,0.15952606,0.15148204,0.14821261,0.15233479,0.16261803,0.17489478,0.18466323,0.18948332,0.18972313,0.18758648,0.18546241,0.18474781,0.18559598,0.18729105,0.18871917
0.09012529,0.09771637,0.10772204,0.11381968,0.11186574,0.10325357,0.09313891,0.08621252,0.08481533,0.08942183,0.09875397,0.10970317,0.11901908,0.12565740,0.13066605,0.13480781,0.13752981,0.13864362,0.13966067,0.14214524,0.14509588,0.14522315,0.14033246,0.13199335,0.12451676,0.12145872,0.12314933,0.12710330,0.13028563,0.13112333,0.13004649,0.12864401,0.12827218,0.12912897,0.13041633,0.13130403,0.13165535,0.13175789,0.13148126,0.13003323,0.12682008,0.12252939,0.11911534,0.11850316,0.12128128,0.12671220,0.13393700,0.14291364,0.15394778,0.16632201,0.17767418
0.22800807,0.23398507,0.23927281,0.24529439,0.25366182,0.26352383,0.27075788,0.27127682,0.26532337,0.25751800,0.25226065,0.24967161,0.24632054,0.23915435,0.22793501,0.21437143,0.20042342,0.18847493,0.18262155,0.18809148,0.20774790,0.23842495,0.27105324,0.29549898,0.30663382,0.30674225,0.30247252,0.29928718,0.29828655,0.29763567,0.29633068,0.29611137,0.29965266,0.30714655,0.31495093,0.31776949,0.31233619,0.29933283,0.28222275,0.26457048,0.24838160,0.23446320,0.22368728,0.21747103,0.21700049,0.22216530,0.23135368,0.24222924,0.25263482,0.26084130,0.26523871
0.17721146,0.16526858,0.17066746,0.19135262,0.22215717,0.25256592,0.26878930,0.26677717,0.25323179,0.23468204,0.21646071,0.20302061,0.19328321,0.18741064,0.19094142,0.19850953,0.19164477,0.16674375,0.14366632,0.13708848,0.14094686,0.14551311,0.14981484,0.15517552,0.16165924,0.17133391,0.18562622,0.20065759,0.21032094,0.21207014,0.20786042,0.20210376,0.19937816,0.20173872,0.20774579,0.21478269,0.22138791,0.22698334,0.23103900,0.23321154,0.23301167,0.22907660,0.22014543,0.20702900,0.19248102,0.17896852,0.16750114,0.15850474,0.15258029,0.15020765,0.15193011
0.25472627,0.23288647,0.20788523,0.18878448,0.17755125,0.17124008,0.16718056,0.16511156,0.16578551,0.16910571,0.17363545,0.17739187,0.17942925,0.18121629,0.18605550,0.19608238,0.20947902,0.22135747,0.22815087,0.23110493,0.23496582,0.24307194,0.25400925,0.26332666,0.26846700,0.27182648,0.27886656,0.29309096,0.31257407,0.33111559,0.34285496,0.34627539,0.34437182,0.34131725,0.33894245,0.33615881,0.33145583,0.32566402,0.32201720,0.32324922,0.32841731,0.33256711,0.32986970,0.31778390,0.29890019,0.27909836,0.26364026,0.25425017,0.24910799,0.24522571,0.24102198
0.06716235,0.07902712,0.09163381,0.09857328,0.09621608,0.08815465,0.08104992,0.07908699,0.08492769,0.10190262,0.12996894,0.16052260,0.18018768,0.18185791,0.17056469,0.15788304,0.15217766,0.15481688,0.16323769,0.17443002,0.18512326,0.19115025,0.18906061,0.17878303,0.16403754,0.14983085,0.13954216,0.13391790,0.13189708,0.13187434,0.13257105,0.13347993,0.13485249,0.13707729,0.13975576,0.14133815,0.13994742,0.13498680,0.12823242,0.12326714,0.12335554,0.12925424,0.13874531,0.14839057,0.15609293,0.16227828,0.16875335,0.17646731,0.18439196,0.19054436,0.19402473
0.08771754,0.08307955,0.07296686,0.06061260,0.05059669,0.04693600,0.05197381,0.06495752,0.08147006,0.09642277,0.10827280,0.11853264,0.12691994,0.12972377,0.12452350,0.11450828,0.10596553,0.10237427,0.10265266,0.10437781,0.10658354,0.10928993,0.11216115,0.11463026,0.11658906,0.11832195,0.12036935,0.12413411,0.13215083,0.14661615,0.16693613,0.18870114,0.20547174,0.21229185,0.20840043,0.19724618,0.18398814,0.17260328,0.16484321,0.16129771,0.16266938,0.16944141,0.18035255,0.19178133,0.19925516,0.19997898,0.19426062,0.18491571,0.17549697,0.16868583,0.16548538
0.24301519,0.26130180,0.27595171,0.28145874,0.27684012,0.26849743,0.25331910,0.23118704,0.19953308,0.16008206,0.15260957,0.19052987,0.23545676,0.26928839,0.29162013,0.29929144,0.30101824,0.30408486,0.30857697,0.31295039,0.31211599,0.30574313,0.29766560,0.28816278,0.27719527,0.26580266,0.25593565,0.25106779,0.25218796,0.25714499,0.26317391,0.26779636,0.27099954,0.27488151,0.28032400,0.28650777,0.29107242,0.29088061,0.28582698,0.27960694,0.27588099,0.27608060,0.27920921,0.28220596,0.28239271,0.27966279,0.27579865,0.27292062,0.27225975,0.27328784,0.27466171
0.14088969,0.13250219,0.11769850,0.10790978,0.11431420,0.13832596,0.17119407,0.20153236,0.22286959,0.23546110,0.24291985,0.24809542,0.25168424,0.25347012,0.25372393,0.25310895,0.25180628,0.24940124,0.24567235,0.24111097,0.23659588,0.23298451,0.23130104,0.23289241,0.23859412,0.24739573,0.25633824,0.26238481,0.26469393,0.26495264,0.26533672,0.26615912,0.26554341,0.26130311,0.25306553,0.24271326,0.23303788,0.22600761,0.22193402,0.21971136,0.21757987,0.21398454,0.20839680,0.20183216,0.19653812,0.19464905,0.19651983,0.20006023,0.20185613,0.19944109,0.19302045
0.20962022,0.19816267,0.18192359,0.16786302,0.16150078,0.16142997,0.16187683,0.15986208,0.15836377,0.16200920,0.17086490,0.17989874,0.18447777,0.18508643,0.18597657,0.19000267,0.19587944,0.20052576,0.20326916,0.20713805,0.21596925,0.23033667,0.24639504,0.25897718,0.26614600,0.27065364,0.27649627,0.28378715,0.28732576,0.28075811,0.26245937,0.23743559,0.21364021,0.19655884,0.18692384,0.18249938,0.18088636,0.18039479,0.17920509,0.17508332,0.16671042,0.15523921,0.14413906,0.13720067,0.13643387,0.14145977,0.15035253,0.16074877,0.17044754,0.17775813,0.18208279
0.06105558,0.06271724,0.06586085,0.06946365,0.07125602,0.07130566,0.07061503,0.08291576,0.11121659,0.13066079,0.13317645,0.13535275,0.14303273,0.15342335,0.16561939,0.17606511,0.18173806,0.18197408,0.17700272,0.16899269,0.15983299,0.15128497,0.14707268,0.14963507,0.15811455,0.16996043,0.18166265,0.19012219,0.19387234,0.19288542,0.18907195,0.18561985,0.18487258,0.18755628,0.19189019,0.19372975,0.19099180,0.18627169,0.18275904,0.18061251,0.17843353,0.17521736,0.17035908,0.16343134,0.15424024,0.14323436,0.13203091,0.12278139,0.11688617,0.11477386,0.11624496
0.15485664,0.19170920,0.22334136,0.24301790,0.25205192,0.25580387,0.25591097,0.25185997,0.24752172,0.24936556,0.25787051,0.26572014,0.26615825,0.26015130,0.25382752,0.25109705,0.25060991,0.24872957,0.24363407,0.23664377,0.23071988,0.22786017,0.22729061,0.22603707,0.22182355,0.21578992,0.21216584,0.21491617,0.22446358,0.23737977,0.24887180,0.25551609,0.25619848,0.25137670,0.24209558,0.22974494,0.21636954,0.20473685,0.19769357,0.19707198,0.20286757,0.21328311,0.22565738,0.23769706,0.24823644,0.25709661,0.26426225,0.26909349,0.27029194,0.26679637,0.25901868
0.17859630,0.15808514,0.13589722,0.11967019,0.11148843,0.11005148,0.11882348,0.14377127,0.18102482,0.21439368,0.22967991,0.22753304,0.21924203,0.21362033,0.21132982,0.20885463,0.20322495,0.19311235,0.17893994,0.16339464,0.15044751,0.14283929,0.14083806,0.14338210,0.14955260,0.15883113,0.17104876,0.18673561,0.20662573,0.22968626,0.25188934,0.26814270,0.27604624,0.27746378,0.27631212,0.27539915,0.27571114,0.27781301,0.28229681,0.28804838,0.29072682,0.28431882,0.26531597,0.23600443,0.20393033,0.17788387,0.16333431,0.16020561,0.16396105,0.16891630,0.17161022
0.22497351,0.21288616,0.20027449,0.19096559,0.18651580,0.18695892,0.19073127,0.19534418,0.19989152,0.20569310,0.21357213,0.22172451,0.22686996,0.22652478,0.22002095,0.20866026,0.19556345,0.18453838,0.17813930,0.17651705,0.17787832,0.17969347,0.17970162,0.17665646,0.17086077,0.16410196,0.15879099,0.15675843,0.15842555,0.16283001,0.16851469,0.17463042,0.18118878,0.18805015,0.19369875,0.19542635,0.19116421,0.18128738,0.16859941,0.15658292,0.14762980,0.14256604,0.14116838,0.14260734,0.14548090,0.14802218,0.14889296,0.14805837,0.14686594,0.14713379,0.14999060
0.02151896,0.02159814,0.02350199,0.02623119,0.02884669,0.03150644,0.03469948,0.03822565,0.04157404,0.04486110,0.04864915,0.05292680,0.05694685,0.06028676,0.06357326,0.06768153,0.07228540,0.07553605,0.07532786,0.07088035,0.06320190,0.05425717,0.04576527,0.03855002,0.03263630,0.02770335,0.02345404,0.01974047,0.01654535,0.01396499,0.01221446,0.01155892,0.01212278,0.01370122,0.01578443,0.01784981,0.01970229,0.02154241,0.02366277,0.02602282,0.02808805,0.02909979,0.02857257,0.02663101,0.02394323,0.02132735,0.01932587,0.01801437,0.01710797,0.01623196,0.01516098
0.22970051,0.22303995,0.21351301,0.20324060,0.19406998,0.18828995,0.18685995,0.18738343,0.18615032,0.18320815,0.18404747,0.19483283,0.21627344,0.24294897,0.26803134,0.28751013,0.30040507,0.30729018,0.31027923,0.31344591,0.32073176,0.33196401,0.34145971,0.34195139,0.33084708,0.31295759,0.29713644,0.29000467,0.29213854,0.29920744,0.30608826,0.31012340,0.31134766,0.31046972,0.30701487,0.29937385,0.28652384,0.26966365,0.25214879,0.23771251,0.22854280,0.22486463,0.22615419,0.23247196,0.24431016,0.26096008,0.27912115,0.29352165,0.29955078,0.29597234,0.28555078
0.04256925,0.03705045,0.03506994,0.03581394,0.03698012,0.03722484,0.03656743,0.03545346,0.03446729,0.03465232,0.03720207,0.04252132,0.04974821,0.05714216,0.06278971,0.06525051,0.06416838,0.06054159,0.05613928,0.05235849,0.04962146,0.04784347,0.04720806,0.04825112,0.05127956,0.05590673,0.06111937,0.06565117,0.06843096,0.06911351,0.06848218,0.06818581,0.06966300,0.07301423,0.07685455,0.07931993,0.07932645,0.07706668,0.07357337,0.06997180,0.06705330,0.06528976,0.06503427,0.06666191,0.07056447,0.07700364,0.08588107,0.09656800,0.10796214,0.11880137,0.12805724
0.21925602,0.24578210,0.27179353,0.29175263,0.30367405,0.30560983,0.29711730,0.28338424,0.27368459,0.27351184,0.27958710,0.28415885,0.28335515,0.27982954,0.27785640,0.27798049,0.27724187,0.27319096,0.26622337,0.25848803,0.25212934,0.24910002,0.25144474,0.26022816,0.27380871,0.28780114,0.29734782,0.29962139,0.29434431,0.28249483,0.26515552,0.24370684,0.22063054,0.19951727,0.18394939,0.17614691,0.17627052,0.18246638,0.19131452,0.19862734,0.20076675,0.19620562,0.18641359,0.17523696,0.16695738,0.16427228,0.16751110,0.17539112,0.18643278,0.19979989,0.21499788
0.10802889,0.10856227,0.11288976,0.12027813,0.12883132,0.13680801,0.14337831,0.14846750,0.15214785,0.15423398,0.15440879,0.15262725,0.14923513,0.14461975,0.13888491,0.13208384,0.12476923,0.11802859,0.11267984,0.10840945,0.10394393,0.09832595,0.09210126,0.08716627,0.08530213,0.08670102,0.08977985,0.09236375,0.09315081,0.09228960,0.09081006,0.08958838,0.08871482,0.08760186,0.08553451,0.08214895,0.07755971,0.07220563,0.06664343,0.06143926,0.05714936,0.05430043,0.05331446,0.05440383,0.05750570,0.06230145,0.06830461,0.07495167,0.08163421,0.08766635,0.09225142
0.13670197,0.13151557,0.13775327,0.16129202,0.19674839,0.22969579,0.24865509,0.25369556,0.25351525,0.25611654,0.26304602,0.27071416,0.27482962,0.27314702,0.26548361,0.25283387,0.23729479,0.22268706,0.21427956,0.21640605,0.22902441,0.24627146,0.25920528,0.26136035,0.25290235,0.24011675,0.23086368,0.22970291,0.23604740,0.24586092,0.25489918,0.26105495,0.26463812,0.26703103,0.26907030,0.27039006,0.27004469,0.26767430,0.26409959,0.26085648,0.25921168,0.25961488,0.26194775,0.26601152,0.27148642,0.27732588,0.28138672,0.28106804,0.27478952,0.26321914,0.24920081
0.09167656,0.08856414,0.09076040,0.09855975,0.11005503,0.12000364,0.12225625,0.11394640,0.09731460,0.07860604,0.06598962,0.06657773,0.08211699,0.10644206,0.12878704,0.14131922,0.14373668,0.14071507,0.13605941,0.13019788,0.12236002,0.11321361,0.10462287,0.09781143,0.09286512,0.08992961,0.09006958,0.09458170,0.10372512,0.11629765,0.13020889,0.14329642,0.15395878,0.16164288,0.16698527,0.17116261,0.17461889,0.17624415,0.17396736,0.16642124,0.15422318,0.13976677,0.12585005,0.11442806,0.10635921,0.10186831,0.10088035,0.10285608,0.10655115,0.11027981,0.11268177
0.20989870,0.19132851,0.16935528,0.14721732,0.13049308,0.12262802,0.12221176,0.12514528,0.12828131,0.13074941,0.13318368,0.13673622,0.14242021,0.15051451,0.16026974,0.17019663,0.17854817,0.18357894,0.18383883,0.17882677,0.16955479,0.15825473,0.14727971,0.13815375,0.13149984,0.12758245,0.12671604,0.12923001,0.13523733,0.14443452,0.15589267,0.16791622,0.17839051,0.18584817,0.19062276,0.19488092,0.20099928,0.20931340,0.21716620,0.22032491,0.21584972,0.20420955,0.18905073,0.17494498,0.16493672,0.15957944,0.15774071,0.15812218,0.16020747,0.16412552,0.16984117
0.13630044,0.15163258,0.16489667,0.17358060,0.17823974,0.18040372,0.18128954,0.18165433,0.18160590,0.18023832,0.17607623,0.16853058,0.15906630,0.15071558,0.14615097,0.14600269,0.14889925,0.15307135,0.15794537,0.16431340,0.17313794,0.18429731,0.19642401,0.20776993,0.21710016,0.22382390,0.22749032,0.22737969,0.22272251,0.21345262,0.20095058,0.18819505,0.17901252,0.17657540,0.18183231,0.19285696,0.20577138,0.21691023,0.22488988,0.23111521,0.23828918,0.24796642,0.25893417,0.26759290,0.27003736,0.26436723,0.25173210,0.23562345,0.22010462,0.20817306,0.20107989
0.11097830,0.11819660,0.12482404,0.12575327,0.12120739,0.11365809,0.10575755,0.10131570,0.10124832,0.10049744,0.09488028,0.08737340,0.08315697,0.08292528,0.08422581,0.08487074,0.08303732,0.07799668,0.07172133,0.06682055,0.06358657,0.06198985,0.06459518,0.07328040,0.08408828,0.08953367,0.08634453,0.07820335,0.07083059,0.06687412,0.06586260,0.06660199,0.06815406,0.06956056,0.06988732,0.06851558,0.06516154,0.05999324,0.05395247,0.04853966,0.04491849,0.04338360,0.04380408,0.04618458,0.05037681,0.05539210,0.05948300,0.06117022,0.06021748,0.05770590,0.05532093
0.08232287,0.07830573,0.07754431,0.07906951,0.08210976,0.08655538,0.09183206,0.09648487,0.09943966,0.10104189,0.10229923,0.10352419,0.10427822,0.10434476,0.10409610,0.10398748,0.10440838,0.10622403,0.11065968,0.11773027,0.12475635,0.12722729,0.12193758,0.10962528,0.09460682,0.08185687,0.07426454,0.07211034,0.07435162,0.07990103,0.08784875,0.09710424,0.10638326,0.11467014,0.12152322,0.12680909,0.13023671,0.13135855,0.13015238,0.12757101,0.12539232,0.12537016,0.12835434,0.13404682,0.14145620,0.14954515,0.15754880,0.16488657,0.17099062,0.17536263,0.17784001
0.09579712,0.10056990,0.10758661,0.11406164,0.11895730,0.12065684,0.11793716,0.11260601,0.10932462,0.11220939,0.12158751,0.13359721,0.14255622,0.14419525,0.13763214,0.12509248,0.11014411,0.09607685,0.08522645,0.07879391,0.07668826,0.07773094,0.08058106,0.08477770,0.09086514,0.09948740,0.11045519,0.12267525,0.13476559,0.14559170,0.15439707,0.16079459,0.16479296,0.16661224,0.16615736,0.16264867,0.15511582,0.14369438,0.13063319,0.11983790,0.11492836,0.11713562,0.12461910,0.13370648,0.14112553,0.14569170,0.14848612,0.15168021,0.15694447,0.16440291,0.17256635
0.29482605,0.27589789,0.25181770,0.23254539,0.22410847,0.22572174,0.23135294,0.23212639,0.22085133,0.19890506,0.17764586,0.16980008,0.17957103,0.20182734,0.22840851,0.25306902,0.27230336,0.28465801,0.29009374,0.28949254,0.28472879,0.27874182,0.27421521,0.27176721,0.27039285,0.27005206,0.27277002,0.28035923,0.29151084,0.30186831,0.30720525,0.30687384,0.30471813,0.30638934,0.31454128,0.32590433,0.33373518,0.33409757,0.32964561,0.32662912,0.32835902,0.33232755,0.33359050,0.32982866,0.32255445,0.31442283,0.30684859,0.30037103,0.29604643,0.29534906,0.29877331
0.10782487,0.09927173,0.09326595,0.09426421,0.10239635,0.11505842,0.12972032,0.14488782,0.15979176,0.17418189,0.18771977,0.19867290,0.20378735,0.20067076,0.19048944,0.17766327,0.16674019,0.15990030,0.15711125,0.15735705,0.15882015,0.15853295,0.15335772,0.14219391,0.12712819,0.11208556,0.10027680,0.09283963,0.08944991,0.08961808,0.09316654,0.09971001,0.10802350,0.11607356,0.12176191,0.12390279,0.12282894,0.12017955,0.11786175,0.11679009,0.11632200,0.11487591,0.11127441,0.10574249,0.09980872,0.09529536,0.09325310,0.09356200,0.09526456,0.09720405,0.09855300
0.16608215,0.15627365,0.15411057,0.15871625,0.16355465,0.16346935,0.15868650,0.15267416,0.14830293,0.14673482,0.14909400,0.15775923,0.17480783,0.19866619,0.22254531,0.23726336,0.23743841,0.22637143,0.21457025,0.21188017,0.21988948,0.23171377,0.23870378,0.23685691,0.22769774,0.21528618,0.20359762,0.19547228,0.19196383,0.19208656,0.19389406,0.19609704,0.19818867,0.19902650,0.19625891,0.18799083,0.17491308,0.16029094,0.14779587,0.13953664,0.13589278,0.13640000,0.14018305,0.14573432,0.15097447,0.15406742,0.15436487,0.15265294,0.15059920,0.14989919,0.15158279
0.19846051,0.19315998,0.18155407,0.16015361,0.13727574,0.12110375,0.11336775,0.11101714,0.11157304,0.11504632,0.12220911,0.13262835,0.14297551,0.14958802,0.15144478,0.15004763,0.14778527,0.14545860,0.14286025,0.14139903,0.14370668,0.15170489,0.16521016,0.18067562,0.19186611,0.19432619,0.18991512,0.18503913,0.18473377,0.19003156,0.19871850,0.20694450,0.21201907,0.21366965,0.21201142,0.20637962,0.19663653,0.18409526,0.17127035,0.16102374,0.15531370,0.15482690,0.15966545,0.16953243,0.18342449,0.19970636,0.21618411,0.23023928,0.23978361,0.24436472,0.24517652
0.17916676,0.20196354,0.21509426,0.22257844,0.23334475,0.25094685,0.27402488,0.29680288,0.30884112,0.30691881,0.29568806,0.27861164,0.25907860,0.23882646,0.21620126,0.19150291,0.16568897,0.13923162,0.11765814,0.10989835,0.12179328,0.15185362,0.18818718,0.21543452,0.22791962,0.22916296,0.22242064,0.20958388,0.19459805,0.18294433,0.17928631,0.18465803,0.19461848,0.20205570,0.20214355,0.19430718,0.18137252,0.16754273,0.15604275,0.14847433,0.14588957,0.14923139,0.15918011,0.17613662,0.19886263,0.22272745,0.24152813,0.25217058,0.25655306,0.25884921,0.26202227
0.14117204,0.15000282,0.18686299,0.23336099,0.25948910,0.25994491,0.25065335,0.24102844,0.22790984,0.20810376,0.18362117,0.15886840,0.13897699,0.12840877,0.12908589,0.14017951,0.15795282,0.17565821,0.18724063,0.19257089,0.19698613,0.20554023,0.21919763,0.23535449,0.24969858,0.25829571,0.25979563,0.25526806,0.24523865,0.22846037,0.20490993,0.17860484,0.15584685,0.14136227,0.13701821,0.14278294,0.15677412,0.17458242,0.19050471,0.20044435,0.20337090,0.20026663,0.19281490,0.18348858,0.17579256,0.17307591,0.17669715,0.18543248,0.19644132,0.20653519,0.21296154
0.20885837,0.22321047,0.23972050,0.25222093,0.25421662,0.24463163,0.23048858,0.22189482,0.22320201,0.22909001,0.22978586,0.22059553,0.20633206,0.19606300,0.19384750,0.19563079,0.19512176,0.19079594,0.18571387,0.18184689,0.17734384,0.17014202,0.16242885,0.15980280,0.16626088,0.18088978,0.19904361,0.21544181,0.22595361,0.22802605,0.22131288,0.20838562,0.19387720,0.18171058,0.17247895,0.16332980,0.15047529,0.13222646,0.11032595,0.08897401,0.07258394,0.06383636,0.06305777,0.06892209,0.07962669,0.09356531,0.10920519,0.12475608,0.13839336,0.14905376,0.15699184
0.13631400,0.12612757,0.13128328,0.14993761,0.17498990,0.19741583,0.21069430,0.21432372,0.21298186,0.21146405,0.21021550,0.20555966,0.19371734,0.17455021,0.15214746,0.13239193,0.11968908,0.11525908,0.11788010,0.12572402,0.13711366,0.14982219,0.16085824,0.16828155,0.17357105,0.18133065,0.19544596,0.21490114,0.23347955,0.24400862,0.24340120,0.23412123,0.22127646,0.20843246,0.19575426,0.18134244,0.16378077,0.14350512,0.12234603,0.10233409,0.08504690,0.07173792,0.06358062,0.06142903,0.06521865,0.07363432,0.08447451,0.09552362,0.10532780,0.11340513,0.11992131
0.18424401,0.18646173,0.19060557,0.18791201,0.18027116,0.17397873,0.17064405,0.16789845,0.16538485,0.16564364,0.17005027,0.17696492,0.18403240,0.19057414,0.19749976,0.20582237,0.21522994,0.22352762,0.22807377,0.22892761,0.23027549,0.23706504,0.24932440,0.26055166,0.26268016,0.25267980,0.23423564,0.21388210,0.19658661,0.18462747,0.17864207,0.17794835,0.18001665,0.18127043,0.17969085,0.17664586,0.17554293,0.17837636,0.18366892,0.18777040,0.18797295,0.18446842,0.17993594,0.17793074,0.18159570,0.19285817,0.21148711,0.23421002,0.25514124,0.26824812,0.27066805
0.14456523,0.14236932,0.14732461,0.15650224,0.16637948,0.17297961,0.17381638,0.17007085,0.16492030,0.16035213,0.15674225,0.15414709,0.15244074,0.15084050,0.14827482,0.14382787,0.13669869,0.12710121,0.11822998,0.11613984,0.12549687,0.14473015,0.16632667,0.18267270,0.19137888,0.19494314,0.19657119,0.19771931,0.19914572,0.20206657,0.20670544,0.21042140,0.20914809,0.20165061,0.19192726,0.18667842,0.19019310,0.20164542,0.21687486,0.23210652,0.24586850,0.25810489,0.26847027,0.27594037,0.27976897,0.28023011,0.27809661,0.27347226,0.26542104,0.25300425,0.23684340
0.23060046,0.23518568,0.24000333,0.24078336,0.24030482,0.24407029,0.25661830,0.27751461,0.29821591,0.30695520,0.29870013,0.27812479,0.25394563,0.23408573,0.22476658,0.22849572,0.24134476,0.25548067,0.26580029,0.27229253,0.27575483,0.27392933,0.26341743,0.24413026,0.22063115,0.19961940,0.18644160,0.18275704,0.18610764,0.19177726,0.19604353,0.19821052,0.19971615,0.20185885,0.20501190,0.20969169,0.21709666,0.22763891,0.23920490,0.24784532,0.25084617,0.24912731,0.24638843,0.24581217,0.24756291,0.24928274,0.24871359,0.24578281,0.24248194,0.24114485,0.24288311
0.34304803,0.33260687,0.30769847,0.28173139,0.26486826,0.25719718,0.25441553,0.25322704,0.25158908,0.24816137,0.24235481,0.23365775,0.22175186,0.20843688,0.19820497,0.19541844,0.20142108,0.21488310,0.23336714,0.25311075,0.26877268,0.27628901,0.27677588,0.27610903,0.27953451,0.28704705,0.29426733,0.29682924,0.29304850,0.28324602,0.26853148,0.25128400,0.23592513,0.22751811,0.22853047,0.23675938,0.24657847,0.25254576,0.25252278,0.24828817,0.24375689,0.24233858,0.24505346,0.25027872,0.25502474,0.25683174,0.25511004,0.25122988,0.24755826,0.24622487,0.24828876
0.15730002,0.16825002,0.18110793,0.19428211,0.20734466,0.21737331,0.22156481,0.22216786,0.22393100,0.22826657,0.23399487,0.24154753,0.25195962,0.26296114,0.26969330,0.26899564,0.26144102,0.25064315,0.24191622,0.23919229,0.24068489,0.23904454,0.22845155,0.21111237,0.19489811,0.18517763,0.18100776,0.17901208,0.17837545,0.18082265,0.18727636,0.19630770,0.20560983,0.21371216,0.21991591,0.22327585,0.22227603,0.21561551,0.20337274,0.18757574,0.17153821,0.15814252,0.14827332,0.14074855,0.13379324,0.12659891,0.11956182,0.11333109,0.10796004,0.10299727,0.09811056
0.25583906,0.27346208,0.27444626,0.26480474,0.25639368,0.25720868,0.26725709,0.28108919,0.29166490,0.29387783,0.28726933,0.27523162,0.26122109,0.24705951,0.23473084,0.22705334,0.22534611,0.22856699,0.23619670,0.24989302,0.26994063,0.29120047,0.30553065,0.30912853,0.30627719,0.30535070,0.31198084,0.32615436,0.34417824,0.36179649,0.37585587,0.38483350,0.38888142,0.38896844,0.38518675,0.37581801,0.35858078,0.33327294,0.30340229,0.27523861,0.25491988,0.24555672,0.24595694,0.25148351,0.25651759,0.25723690,0.25315459,0.24652356,0.24016289,0.23540915,0.23164549
0.24549863,0.25083662,0.25456446,0.25741586,0.25941932,0.25822369,0.25289281,0.24661657,0.24318970,0.24293645,0.24302442,0.24048669,0.23522528,0.23042492,0.22909586,0.23098780,0.23440453,0.23930913,0.24629784,0.25426619,0.26174476,0.26915034,0.27716057,0.28384991,0.28587009,0.28229836,0.27576562,0.26988051,0.26656150,0.26562450,0.26582542,0.26597096,0.26557999,0.26495757,0.26478764,0.26568426,0.26790214,0.27097830,0.27341545,0.27307561,0.26847001,0.26002368,0.25024305,0.24271712,0.24065699,0.24554309,0.25621350,0.26894974,0.27904819,0.28333255,0.28193653
0.21883631,0.21670074,0.20950856,0.20241881,0.19497071,0.18277675,0.16527450,0.14813171,0.13894680,0.14327860,0.16292946,0.19380681,0.22572645,0.24871287,0.26152714,0.27190064,0.28676711,0.30370507,0.31349398,0.30997664,0.29566375,0.27825082,0.26376498,0.25358692,0.24605648,0.23863907,0.22834130,0.21187018,0.18745923,0.15745252,0.12873472,0.10949989,0.10425885,0.11096069,0.12263675,0.13227251,0.13699894,0.13854833,0.14035989,0.14442884,0.15053895,0.15775721,0.16601225,0.17609239,0.18844638,0.20233310,0.21613263,0.22821116,0.23732936,0.24242369,0.24243670
0.07026616,0.07148193,0.07210570,0.07194046,0.07015113,0.06776823,0.06702662,0.06921319,0.07418328,0.08003278,0.08294600,0.08022166,0.07421084,0.07083590,0.07362859,0.08130012,0.09112111,0.10172637,0.11169138,0.11824230,0.11967626,0.11789031,0.11664616,0.11770766,0.11988673,0.12144308,0.12207746,0.12259025,0.12386638,0.12668359,0.13155261,0.13779763,0.14303021,0.14436739,0.14056899,0.13292032,0.12407435,0.11624062,0.11039939,0.10674249,0.10537565,0.10652486,0.11028447,0.11630598,0.12370052,0.13123524,0.13775198,0.14255036,0.14543503,0.14643155,0.14556312
0.09437303,0.09707416,0.10063469,0.10378929,0.10630826,0.10771526,0.10636757,0.10065890,0.09107643,0.08043451,0.07181225,0.06647611,0.06384036,0.06296865,0.06362208,0.06589169,0.06926937,0.07243769,0.07402656,0.07356614,0.07183218,0.07041920,0.07091492,0.07415449,0.07985784,0.08672923,0.09292709,0.09671632,0.09708669,0.09413304,0.08903375,0.08357868,0.07941067,0.07735220,0.07719917,0.07809380,0.07920550,0.08024922,0.08151594,0.08345456,0.08614394,0.08903104,0.09110660,0.09141408,0.08960463,0.08623052,0.08259813,0.08022039,0.08012197,0.08234923,0.08594598
0.22445905,0.21070293,0.20452944,0.20347893,0.19980979,0.18885354,0.17286494,0.15726263,0.14548780,0.13814960,0.13517500,0.13696062,0.14372616,0.15483155,0.16869178,0.18258042,0.19255357,0.19463202,0.18701262,0.17133489,0.15170275,0.13245917,0.11662096,0.10564283,0.09987684,0.09917540,0.10358336,0.11376307,0.13038795,0.15253796,0.17659583,0.19725459,0.21035062,0.21527063,0.21491396,0.21341692,0.21364866,0.21614799,0.21949873,0.22118050,0.21842313,0.20935488,0.19446561,0.17741666,0.16400853,0.15937566,0.16514408,0.17861715,0.19455630,0.20812617,0.21687423
0.15288669,0.15458431,0.16075143,0.16968958,0.17605871,0.17519269,0.16799685,0.16017124,0.15684951,0.15886908,0.16357671,0.16751823,0.16793627,0.16312927,0.15284842,0.13848232,0.12230890,0.10642778,0.09252424,0.08228550,0.07728274,0.07808759,0.08377431,0.09259814,0.10307343,0.11420538,0.12489221,0.13367368,0.13946023,0.14242535,0.14384942,0.14488082,0.14545987,0.14452119,0.14126658,0.13627010,0.13143175,0.12889959,0.12988490,0.13418641,0.14054844,0.14740665,0.15349642,0.15807874,0.16085424,0.16178312,0.16099431,0.15883392,0.15596595,0.15338076,0.15222422
0.25327416,0.24152857,0.22740024,0.21659827,0.21281397,0.21504329,0.21990313,0.22550078,0.23236534,0.24080378,0.24830111,0.25058986,0.24567280,0.23626235,0.22744323,0.22166747,0.21637996,0.20684257,0.19116557,0.17243409,0.15616810,0.14603738,0.14178820,0.14045525,0.13892172,0.13563214,0.13092905,0.12659524,0.12493862,0.12740408,0.13321483,0.13918540,0.14132348,0.13728753,0.12779539,0.11586754,0.10465634,0.09573377,0.08906942,0.08429947,0.08187992,0.08312214,0.08928267,0.10061624,0.11607582,0.13363936,0.15084246,0.16525031,0.17492314,0.17895417,0.17788075
0.15196140,0.15004535,0.14670255,0.14081778,0.13322542,0.12617831,0.12068575,0.11442666,0.10440484,0.09227590,0.08510172,0.08948382,0.10562645,0.12754318,0.14787024,0.16181328,0.16802565,0.16799107,0.16519583,0.16373312,0.16628121,0.17266047,0.18015659,0.18548985,0.18706695,0.18584864,0.18410034,0.18309375,0.18194981,0.17875833,0.17271188,0.16500675,0.15787973,0.15322988,0.15219767,0.15530000,0.16199200,0.16987843,0.17510112,0.17448989,0.16782768,0.15797290,0.14861462,0.14181452,0.13748383,0.13471016,0.13307286,0.13264013,0.13322030,0.13425886,0.13569714
0.22890353,0.21857161,0.20082961,0.18371470,0.17473885,0.16773395,0.14977311,0.13199912,0.14110475,0.17505988,0.20455845,0.21614473,0.21960287,0.22111068,0.21822506,0.21288003,0.20938480,0.20649476,0.20110999,0.19236704,0.17840159,0.15679376,0.13026346,0.10647110,0.09146846,0.08646596,0.09003827,0.10033293,0.11506788,0.13115350,0.14517968,0.15474138,0.15977260,0.16225621,0.16400554,0.16484966,0.16317427,0.15761474,0.14771952,0.13366634,0.11644881,0.09844686,0.08295737,0.07245939,0.06724049,0.06575616,0.06615596,0.06737746,0.06912153,0.07134514,0.07400380
0.07653104,0.08177364,0.09244862,0.10719914,0.11917134,0.12345869,0.12141016,0.11669937,0.11109218,0.10509335,0.09932260,0.09339358,0.08558622,0.07564320,0.06667542,0.06250963,0.06404670,0.06991210,0.07964528,0.09376568,0.11062072,0.12537429,0.13331329,0.13358610,0.12936961,0.12497965,0.12300803,0.12342596,0.12449615,0.12427174,0.12156802,0.11613225,0.10847071,0.09973222,0.09159497,0.08601035,0.08478554,0.08897957,0.09829451,0.11111811,0.12561246,0.14094664,0.15715764,0.17361011,0.18799852,0.19744514,0.20066262,0.19872307,0.19365119,0.18663239,0.17781621
0.16508909,0.14032254,0.11550764,0.10500937,0.11020924,0.12443692,0.14418326,0.16987952,0.19932762,0.22632958,0.24567899,0.25621640,0.25869075,0.25297529,0.23873536,0.21825484,0.19710321,0.18027822,0.16684971,0.14970350,0.12291292,0.09000412,0.06339836,0.05441802,0.06421610,0.08479894,0.10741675,0.12820899,0.14648071,0.16065019,0.16820654,0.16907486,0.16706352,0.16715574,0.17187775,0.18050154,0.19087164,0.20111787,0.21004491,0.21729382,0.22398850,0.23267578,0.24537977,0.26098042,0.27472000,0.28100903,0.27741460,0.26641162,0.25353880,0.24375829,0.23895543
0.22787070,0.21389377,0.20578967,0.20781232,0.21831074,0.23021426,0.23801842,0.24420488,0.25546516,0.27249711,0.28841544,0.29799984,0.30206253,0.30032501,0.28747188,0.26207075,0.23447710,0.21879538,0.21804944,0.22205043,0.21936002,0.20736881,0.19077627,0.17463195,0.16124447,0.15165498,0.14693033,0.14731479,0.15132939,0.15668612,0.16219646,0.16863195,0.17764613,0.18970295,0.20283614,0.21353825,0.21950096,0.22217057,0.22657340,0.23774291,0.25636023,0.27766340,0.29504360,0.30515216,0.30971164,0.31260440,0.31557984,0.31689118,0.31366096,0.30503736,0.29308763
0.07764426,0.08746616,0.09296006,0.09431754,0.09380631,0.09207422,0.08812663,0.08218266,0.07665190,0.07371834,0.07308623,0.07292886,0.07236900,0.07206770,0.07277546,0.07466518,0.07861454,0.08711211,0.10246244,0.12365432,0.14561651,0.16232491,0.17099996,0.17344274,0.17359968,0.17410002,0.17493786,0.17478365,0.17287305,0.16948216,0.16497497,0.15888416,0.15013006,0.13809285,0.12343462,0.10796421,0.09377721,0.08239997,0.07442977,0.06964578,0.06730369,0.06642419,0.06606944,0.06562871,0.06502502,0.06469561,0.06529856,0.06728140,0.07055152,0.07442904,0.07789086
0.18402674,0.20951732,0.22218017,0.21494486,0.20418636,0.20483342,0.21232211,0.21516201,0.21165674,0.20744466,0.20534566,0.20356046,0.19960662,0.19269972,0.18433996,0.17761399,0.17438846,0.17328592,0.17180649,0.16962734,0.16793730,0.16607791,0.16101602,0.15059171,0.13600388,0.12066434,0.10756326,0.09821994,0.09329236,0.09310912,0.09746730,0.10542450,0.11560795,0.12667722,0.13745862,0.14687039,0.15406085,0.15873923,0.16115599,0.16145671,0.15902597,0.15275678,0.14224879,0.12874210,0.11471606,0.10254914,0.09366670,0.08886821,0.08895795,0.09444554,0.10442809
0.15956943,0.16031560,0.15593352,0.14697230,0.13739050,0.13112004,0.12894912,0.12939099,0.13202921,0.13845064,0.14949163,0.16288753,0.17465304,0.18233994,0.18639210,0.18877125,0.19085403,0.19242706,0.19218758,0.18917088,0.18388568,0.17804306,0.17315783,0.16956495,0.16668982,0.16371094,0.15962527,0.15318952,0.14368027,0.13197334,0.12041804,0.11124055,0.10512640,0.10146516,0.09969183,0.10000869,0.10288772,0.10837648,0.11617324,0.12606043,0.13769363,0.14975290,0.15962276,0.16445469,0.16299404,0.15664315,0.14885527,0.14335190,0.14243410,0.14631235,0.15352348
0.13562142,0.13786731,0.14731908,0.15907221,0.16777458,0.17131225,0.17215256,0.17431449,0.17859406,0.18140806,0.17861551,0.16968558,0.15756237,0.14521992,0.13346072,0.12191194,0.11084727,0.10117979,0.09315929,0.08604679,0.07931532,0.07366309,0.07043794,0.07020464,0.07217942,0.07505547,0.07813477,0.08157745,0.08575429,0.09055666,0.09527405,0.09892971,0.10067909,0.10009692,0.09737820,0.09339962,0.08949927,0.08699496,0.08671249,0.08880036,0.09284056,0.09805015,0.10343765,0.10798425,0.11094254,0.11213275,0.11196298,0.11107721,0.10991842,0.10865493,0.10760161
0.08693769,0.09090930,0.10620266,0.12968604,0.15064342,0.16127034,0.16329093,0.16239022,0.16028058,0.15572576,0.15015422,0.14738866,0.14842982,0.15015506,0.14949752,0.14653379,0.14334284,0.14204205,0.14437182,0.15119440,0.16131504,0.17187065,0.18071069,0.18768162,0.19307150,0.19580241,0.19425826,0.18854037,0.18090676,0.17391030,0.16874516,0.16542785,0.16374823,0.16345450,0.16383681,0.16376023,0.16230671,0.15932806,0.15554259,0.15233939,0.15126418,0.15299527,0.15631504,0.15827183,0.15598932,0.14883449,0.13898915,0.12992140,0.12428290,0.12308508,0.12638776
0.22025663,0.21707995,0.22383123,0.22568422,0.21980865,0.21473562,0.21574518,0.22128954,0.23018940,0.24287219,0.25570647,0.26073505,0.25270204,0.23378923,0.21174525,0.19576124,0.19317082,0.20625210,0.23033992,0.25626434,0.27610317,0.28722701,0.29186957,0.29410655,0.29698381,0.30076219,0.30287782,0.30035852,0.29333341,0.28604243,0.28366510,0.28802456,0.29665088,0.30566399,0.31264925,0.31651451,0.31564634,0.30766995,0.29159743,0.26986280,0.24780143,0.23096336,0.22258828,0.22279691,0.22921371,0.23806530,0.24536696,0.24819357,0.24565504,0.23893041,0.23030476
0.15285990,0.13518411,0.12664258,0.12400425,0.12427247,0.12592297,0.13001153,0.13908848,0.15324689,0.16740697,0.17415541,0.16976351,0.15648684,0.13908702,0.12075003,0.10278368,0.08628709,0.07250315,0.06241834,0.05737631,0.05939895,0.06924579,0.08406055,0.09827348,0.10754756,0.11152316,0.11280333,0.11425696,0.11777891,0.12463061,0.13547178,0.14959527,0.16467552,0.17768538,0.18599305,0.18775376,0.18213047,0.17007762,0.15497586,0.14167022,0.13394529,0.13247108,0.13512057,0.13925046,0.14368161,0.14872311,0.15475578,0.16114631,0.16649355,0.16963607,0.17027796
0.11486554,0.10847296,0.10618320,0.10730461,0.11082821,0.11629611,0.12356641,0.13196568,0.14039777,0.14801824,0.15417703,0.15820825,0.16014322,0.16114005,0.16202094,0.16142200,0.15644554,0.14546890,0.12977299,0.11239226,0.09608773,0.08264251,0.07331638,0.06909149,0.07025158,0.07589693,0.08407649,0.09270780,0.10071108,0.10825434,0.11565671,0.12215766,0.12628463,0.12765467,0.12791518,0.12928822,0.13221289,0.13489662,0.13530571,0.13320689,0.13008129,0.12754748,0.12649146,0.12758720,0.13173751,0.13921164,0.14840141,0.15606579,0.15930993,0.15744642,0.15198318
0.07842630,0.07639034,0.07745577,0.08148966,0.08660187,0.09033930,0.09183422,0.09246575,0.09430122,0.09829742,0.10415989,0.11143097,0.12013661,0.13035999,0.14153625,0.15231366,0.16095333,0.16581952,0.16582952,0.16098911,0.15284517,0.14430909,0.13853721,0.13737477,0.14048705,0.14596937,0.15205438,0.15851305,0.16649832,0.17693453,0.18894795,0.19990778,0.20720253,0.21020287,0.21057721,0.21058494,0.21085078,0.20965719,0.20446269,0.19437760,0.18148591,0.16989217,0.16325020,0.16266214,0.16637428,0.17120438,0.17443502,0.17487293,0.17269729,0.16867923,0.16359804
0.25544009,0.26821783,0.27540458,0.28344189,0.29250318,0.29747086,0.29621942,0.29171110,0.28540687,0.27357881,0.25288566,0.22644455,0.20084563,0.17854226,0.15679384,0.13438690,0.11631979,0.10994434,0.11757603,0.13428924,0.15236977,0.16669127,0.17620532,0.18210005,0.18568402,0.18753050,0.18759106,0.18577370,0.18260484,0.17924552,0.17640262,0.17301729,0.16637381,0.15402759,0.13591486,0.11467629,0.09405991,0.07706950,0.06529093,0.05918535,0.05827436,0.06093357,0.06459560,0.06693051,0.06727499,0.06693973,0.06798272,0.07157931,0.07749001,0.08490324,0.09348005
0.24194210,0.23199374,0.21914944,0.19989044,0.17673607,0.15919872,0.15529331,0.16316585,0.17236420,0.17305806,0.16345971,0.14920500,0.13742112,0.13207599,0.13360267,0.14077115,0.15182621,0.16436976,0.17535681,0.18201668,0.18301931,0.17885379,0.17130770,0.16276379,0.15585232,0.15325178,0.15711099,0.16802973,0.18423143,0.20171932,0.21561725,0.22205524,0.21957003,0.20934531,0.19438813,0.17831070,0.16438192,0.15506606,0.15183934,0.15501900,0.16360658,0.17539533,0.18754166,0.19748252,0.20378581,0.20650844,0.20691636,0.20676904,0.20754628,0.20992638,0.21362719
0.11858267,0.11147338,0.10886254,0.11287015,0.12080927,0.12966459,0.13949044,0.15192702,0.16687964,0.18161346,0.19241917,0.19675257,0.19448901,0.18774185,0.17939136,0.17156149,0.16519409,0.16036730,0.15646512,0.15239043,0.14740886,0.14201258,0.13759724,0.13507192,0.13389719,0.13252971,0.12971436,0.12546298,0.12114419,0.11879046,0.12000205,0.12496789,0.13216574,0.13898591,0.14298079,0.14312189,0.14045187,0.13768477,0.13772197,0.14183238,0.14882670,0.15603090,0.16132852,0.16448182,0.16663648,0.16874365,0.17061685,0.17144379,0.17091361,0.16959166,0.16822424
0.27976962,0.25969147,0.23550674,0.21526418,0.20269545,0.19792043,0.19898183,0.20330704,0.20746314,0.21078885,0.21956321,0.24147680,0.27233261,0.29423128,0.29532530,0.28300367,0.27145096,0.26846716,0.27461627,0.28477240,0.29298935,0.29679223,0.29495962,0.28832582,0.28199929,0.28042741,0.28478144,0.29509626,0.30807513,0.31728499,0.31961329,0.31622007,0.30933377,0.30258218,0.29860790,0.29533015,0.29000881,0.28207140,0.26855136,0.24761650,0.22884641,0.22692759,0.24401691,0.26913132,0.29210321,0.30833291,0.31508339,0.31297543,0.30799556,0.30628904,0.30960800
0.20416582,0.20602515,0.20397487,0.19738695,0.18783841,0.17701301,0.16794538,0.16580360,0.17360415,0.18912439,0.20854589,0.23002284,0.25090481,0.26510109,0.26741342,0.25883138,0.24450048,0.22806294,0.21092628,0.19536678,0.18391002,0.17483531,0.16182048,0.14096891,0.11774446,0.10511341,0.11383223,0.14392097,0.18442821,0.22063655,0.24247857,0.24853608,0.24415666,0.23624290,0.22883000,0.22210694,0.21445884,0.20504627,0.19486190,0.18601108,0.18014243,0.17703191,0.17415420,0.16787469,0.15598575,0.13988922,0.12440954,0.11497403,0.11426544,0.12095750,0.13123245
0.06519336,0.06116373,0.06149523,0.06421867,0.06646758,0.06668581,0.06524361,0.06360788,0.06319906,0.06449791,0.06652338,0.06710784,0.06425978,0.05779915,0.04974896,0.04293923,0.03903709,0.03774266,0.03763357,0.03760203,0.03759018,0.03829660,0.04042642,0.04412042,0.04878279,0.05327980,0.05646571,0.05787018,0.05811765,0.05863612,0.06068982,0.06438621,0.06844020,0.07092518,0.07046791,0.06702738,0.06177205,0.05626458,0.05159745,0.04802516,0.04519371,0.04266963,0.04036771,0.03864441,0.03807271,0.03907785,0.04164253,0.04522088,0.04889299,0.05168800,0.05293646
0.14898475,0.15496209,0.16088096,0.16561933,0.16982756,0.17492139,0.18087804,0.18817603,0.20085192,0.22226667,0.24616026,0.25722078,0.24530309,0.21702416,0.18935860,0.17305841,0.16594019,0.16097132,0.15552210,0.15122816,0.14922760,0.14931346,0.15227804,0.15973764,0.17133072,0.18412498,0.19550709,0.20552228,0.21585510,0.22751471,0.24020515,0.25306050,0.26477544,0.27319895,0.27608253,0.27298249,0.26604774,0.25832290,0.25124649,0.24407138,0.23561970,0.22617428,0.21753544,0.21162729,0.20942077,0.21100599,0.21607672,0.22394505,0.23331347,0.24261103,0.25091695
0.24238764,0.23977434,0.22852853,0.21432915,0.20265698,0.19712536,0.19999231,0.21231098,0.23257635,0.25602522,0.27642136,0.28894341,0.29177738,0.28608032,0.27535012,0.26441062,0.25770959,0.25766480,0.26423731,0.27555433,0.28842641,0.29873295,0.30288338,0.30031354,0.29464684,0.29148446,0.29421473,0.30167505,0.30971554,0.31469089,0.31534703,0.31198141,0.30489794,0.29438924,0.28200602,0.27103155,0.26498449,0.26529873,0.27031365,0.27642056,0.28024653,0.28012131,0.27607838,0.26898994,0.25986006,0.24973407,0.23994539,0.23219508,0.22824222,0.22936235,0.23589399
0.19329725,0.19937227,0.20749268,0.21584580,0.22354841,0.23045323,0.23719368,0.23973084,0.23010812,0.20970457,0.19092099,0.18180368,0.18081862,0.18565775,0.19532103,0.20605271,0.21357230,0.21673813,0.21574642,0.21037335,0.20129241,0.19048094,0.18011297,0.17193362,0.16699669,0.16606821,0.17072105,0.18244278,0.19958402,0.21682397,0.22874650,0.23296735,0.22996540,0.22187202,0.21186226,0.20320003,0.19823009,0.19855664,0.20524800,0.21751325,0.23170062,0.24313183,0.24917353,0.24998991,0.24688968,0.24112750,0.23414422,0.22757622,0.22227338,0.21773170,0.21292023
0.27851807,0.27314461,0.26959834,0.26905007,0.26750981,0.26166854,0.25377727,0.24893415,0.24803477,0.24561816,0.23580687,0.21942065,0.20404476,0.19731631,0.20092257,0.21073805,0.22122587,0.22881385,0.23198626,0.23001316,0.22264191,0.21069048,0.19618999,0.18170165,0.16958086,0.16164853,0.15887858,0.16085411,0.16560423,0.17048855,0.17367960,0.17492214,0.17489896,0.17405651,0.17231128,0.16993339,0.16837483,0.16967943,0.17461477,0.18120803,0.18528251,0.18289870,0.17291843,0.15778059,0.14202763,0.12979752,0.12302401,0.12125038,0.12267118,0.12534251,0.12778184
0.10508835,0.11108808,0.12175649,0.13305049,0.13991551,0.14010836,0.13558434,0.13040387,0.12740435,0.12652667,0.12572952,0.12324122,0.11926892,0.11608237,0.11656003,0.12214364,0.13151366,0.14100802,0.14675484,0.14717805,0.14403655,0.14113412,0.14164688,0.14611170,0.15250701,0.15810263,0.16143248,0.16292673,0.16405931,0.16602920,0.16907971,0.17276063,0.17664482,0.18085348,0.18611705,0.19348193,0.20386111,0.21754566,0.23380213,0.25079535,0.26606282,0.27747049,0.28417298,0.28696243,0.28772466,0.28832392,0.28964198,0.29137458,0.29263461,0.29285619,0.29234478
0.27001467,0.26155920,0.24037608,0.21727147,0.20027520,0.19314268,0.19668129,0.20678889,0.21406589,0.21088101,0.19896859,0.18684568,0.17997497,0.17655461,0.17289157,0.16914251,0.16810533,0.17116975,0.17808519,0.18906307,0.20362358,0.21688839,0.21991724,0.20636009,0.17904337,0.14920375,0.12897496,0.12425662,0.13324688,0.14963863,0.16644042,0.17823343,0.18220085,0.17844044,0.16924789,0.15747967,0.14525746,0.13410669,0.12593406,0.12314031,0.12715477,0.13667563,0.14756298,0.15488484,0.15562782,0.15006973,0.14109906,0.13241685,0.12705801,0.12687323,0.13257830
0.17042189,0.17011515,0.16413804,0.15262633,0.14125349,0.13373656,0.12813359,0.12145662,0.11553078,0.11595348,0.12551998,0.14039786,0.15339142,0.15996612,0.16041821,0.15732043,0.15264787,0.14755193,0.14321459,0.14036238,0.13807107,0.13411224,0.12693629,0.11700748,0.10613472,0.09611400,0.08853218,0.08545293,0.08914525,0.10026498,0.11627148,0.13219055,0.14356730,0.14916461,0.15116360,0.15298289,0.15683057,0.16287095,0.17001126,0.17690768,0.18217381,0.18422012,0.18184193,0.17573539,0.16958853,0.16910581,0.17891327,0.19938070,0.22589665,0.25135837,0.27008841
0.02339597,0.02796940,0.03101068,0.03032185,0.02659860,0.02226040,0.01925647,0.01817589,0.01878713,0.02068532,0.02336770,0.02625621,0.02908595,0.03208958,0.03543634,0.03861012,0.04076477,0.04170708,0.04210124,0.04254155,0.04278153,0.04215354,0.04051022,0.03841465,0.03648562,0.03485648,0.03329530,0.03162539,0.02997787,0.02882529,0.02882705,0.03040848,0.03328337,0.03647783,0.03902708,0.04067035,0.04175373,0.04248886,0.04252077,0.04134647,0.03904038,0.03639533,0.03434764,0.03336506,0.03336490,0.03401966,0.03498636,0.03593830,0.03663617,0.03711571,0.03770740
0.14181827,0.15432114,0.14159082,0.11342344,0.08959187,0.08235300,0.10883820,0.16815252,0.22332658,0.24571525,0.24670725,0.24456332,0.23830478,0.22487577,0.20875996,0.19099293,0.16983553,0.14885141,0.13257969,0.12111686,0.11434916,0.11425151,0.12114944,0.13283851,0.14651989,0.15879971,0.16683281,0.17128904,0.17468776,0.17604673,0.17097832,0.15763734,0.13928342,0.12069154,0.10484049,0.09319314,0.08644586,0.08413462,0.08508057,0.08886638,0.09596982,0.10619143,0.11776905,0.12839944,0.13666518,0.14221096,0.14489337,0.14417992,0.13949465,0.13110358,0.12055671
0.15633334,0.15262973,0.15327247,0.15541577,0.16099330,0.17027403,0.17933086,0.18585476,0.19160371,0.19857526,0.20537306,0.20741227,0.20058315,0.18598950,0.17121434,0.16479444,0.16879605,0.17854404,0.18878469,0.19726657,0.20312065,0.20497103,0.20166424,0.19413047,0.18568536,0.17980865,0.17782232,0.17903684,0.18222833,0.18646749,0.19159727,0.19837153,0.20718707,0.21639298,0.22253350,0.22253538,0.21575174,0.20437058,0.19194687,0.18097278,0.17150388,0.16209650,0.15182225,0.14124070,0.13187592,0.12521374,0.12205672,0.12242957,0.12589022,0.13186547,0.13971800
0.04011178,0.04386355,0.04938321,0.05527649,0.06047866,0.06548147,0.07145830,0.07744270,0.08009421,0.07737262,0.07111636,0.06492790,0.06056748,0.05732144,0.05380379,0.04916484,0.04327408,0.03713678,0.03302039,0.03290608,0.03631404,0.04030431,0.04216948,0.04191859,0.04183388,0.04388094,0.04801724,0.05293287,0.05778710,0.06273611,0.06796081,0.07278167,0.07606762,0.07732086,0.07698697,0.07562345,0.07302641,0.06841910,0.06147010,0.05296272,0.04444215,0.03733567,0.03244083,0.03002648,0.03008087,0.03230708,0.03601808,0.04028701,0.04433783,0.04778826,0.05050396
0.11906733,0.11194828,0.09530427,0.07204708,0.05379035,0.05001380,0.06141319,0.08387029,0.11247472,0.14028109,0.15870928,0.16256144,0.15347148,0.13785947,0.12197751,0.10750326,0.09064457,0.06739502,0.04144447,0.02469100,0.02683219,0.04520912,0.06753433,0.08423512,0.09572677,0.10806420,0.12491605,0.14514871,0.16546099,0.18243369,0.19274623,0.19430322,0.18842481,0.17987619,0.17359663,0.17131240,0.17126186,0.17039839,0.16637789,0.15842681,0.14806314,0.13965444,0.13915946,0.15054492,0.17241691,0.19822299,0.22033392,0.23459957,0.24166673,0.24461136,0.24567391
0.06980555,0.07199031,0.07228422,0.07170061,0.07023005,0.06754124,0.06457451,0.06299604,0.06284044,0.06196062,0.05853006,0.05332590,0.04883233,0.04662845,0.04640854,0.04724144,0.04889392,0.05170543,0.05570055,0.06020591,0.06417385,0.06662232,0.06683845,0.06449578,0.05986179,0.05392743,0.04812918,0.04367532,0.04100208,0.03987704,0.03998201,0.04124404,0.04354454,0.04632286,0.04879339,0.05066500,0.05247874,0.05504889,0.05856800,0.06233998,0.06534828,0.06695081,0.06702386,0.06566643,0.06303945,0.05954772,0.05599619,0.05335522,0.05227986,0.05282879,0.05456255
0.25327974,0.25280466,0.24051953,0.22944054,0.22638032,0.22933388,0.23430108,0.23841435,0.23970614,0.23896519,0.24043210,0.24714275,0.25590022,0.25885907,0.25026707,0.23125024,0.20887902,0.19156648,0.18476537,0.18917898,0.20122643,0.21452206,0.22196003,0.21863139,0.20451282,0.18448292,0.16483434,0.14901115,0.13628517,0.12401186,0.11078743,0.09788803,0.08865803,0.08681461,0.09442717,0.11033057,0.13018039,0.14867055,0.16243086,0.17112475,0.17593907,0.17733192,0.17448027,0.16673871,0.15516501,0.14229775,0.13045629,0.12036547,0.11135377,0.10264628,0.09431572
0.20608374,0.21559322,0.22389989,0.23007687,0.23551235,0.23666633,0.22779173,0.20751614,0.18042563,0.15565704,0.13991419,0.13369750,0.13581710,0.14534405,0.15809022,0.16533627,0.16090355,0.14788413,0.13321724,0.12098341,0.11378663,0.11315400,0.11909489,0.13202489,0.15063913,0.16952730,0.18292643,0.18841838,0.18720903,0.18273357,0.17763894,0.17289415,0.16924358,0.16591330,0.16036754,0.15185908,0.14041772,0.12356142,0.10170430,0.08356409,0.07817245,0.08493032,0.09644513,0.10659781,0.11301267,0.11608715,0.11775545,0.11945086,0.12108291,0.12187201,0.12085635
0.15673581,0.17454879,0.18668883,0.18718310,0.17705417,0.16235263,0.14840672,0.13698093,0.12772973,0.12009464,0.11363027,0.10824087,0.10487422,0.10509705,0.10939406,0.11636694,0.12384600,0.13021414,0.13448916,0.13608607,0.13541384,0.13438589,0.13545493,0.13997882,0.14794937,0.15913528,0.17347546,0.18969721,0.20416978,0.21241621,0.21249842,0.20676486,0.19987393,0.19498568,0.19185504,0.18832696,0.18324127,0.17779551,0.17447681,0.17506250,0.17954284,0.18643646,0.19373123,0.19965183,0.20308300,0.20379562,0.20247318,0.20043381,0.19915830,0.19994081,0.20380717
0.14113194,0.14281271,0.14681841,0.15601431,0.17236793,0.19539224,0.22137805,0.24430469,0.25852062,0.26130487,0.25364690,0.23939735,0.22380052,0.21214591,0.20875047,0.21592253,0.23266020,0.25410800,0.27341886,0.28559852,0.29010033,0.28959524,0.28647740,0.28117332,0.27385484,0.26684492,0.26421339,0.26847645,0.27768020,0.28588071,0.28688557,0.27835474,0.26315970,0.24707899,0.23473231,0.22702857,0.22209522,0.21852013,0.21754347,0.22185953,0.23213788,0.24482897,0.25371025,0.25403079,0.24565127,0.23261068,0.21985107,0.21010014,0.20322735,0.19785511,0.19322206
0.24441869,0.25175385,0.24330244,0.23092310,0.22329949,0.22291316,0.22891299,0.23824303,0.24632579,0.25023368,0.25101520,0.25166991,0.25348036,0.25535857,0.25636836,0.25772128,0.26164472,0.26838304,0.27490985,0.27726514,0.27428656,0.26859016,0.26367843,0.26058758,0.25790037,0.25480934,0.25340263,0.25741773,0.26868382,0.28488626,0.30094972,0.31281525,0.32001170,0.32449299,0.32697589,0.32482503,0.31417152,0.29444029,0.27060484,0.25060155,0.24020515,0.23998302,0.24645507,0.25543448,0.26419425,0.27130859,0.27561294,0.27595242,0.27179088,0.26369602,0.25319710
0.07450866,0.09060404,0.10688936,0.11852926,0.12244594,0.11765607,0.10549869,0.08958823,0.07418610,0.06164247,0.05203211,0.04531818,0.04236062,0.04352203,0.04828794,0.05725060,0.07259414,0.09485425,0.12019163,0.14278262,0.15993382,0.17355806,0.18633507,0.19746066,0.20293018,0.19965066,0.18862156,0.17409958,0.16027602,0.14915834,0.14115822,0.13651002,0.13522846,0.13596924,0.13602537,0.13320180,0.12763207,0.12151956,0.11736881,0.11688637,0.12127192,0.13140184,0.14670547,0.16391013,0.17780602,0.18413108,0.18208061,0.17410042,0.16339714,0.15174590,0.13941552
0.12191796,0.12255235,0.12522269,0.12923482,0.13525502,0.14402793,0.15463863,0.16402991,0.16916801,0.16989049,0.16880441,0.16808859,0.16730223,0.16505743,0.16211750,0.16151903,0.16541863,0.17281847,0.18110012,0.18923479,0.19845102,0.20957300,0.22052360,0.22722634,0.22697898,0.22058073,0.21117261,0.20146098,0.19233083,0.18373243,0.17607451,0.17020219,0.16612226,0.16226669,0.15647506,0.14795009,0.13839851,0.13137253,0.13042850,0.13749327,0.15228686,0.17264794,0.19517676,0.21590130,0.23105581,0.23800608,0.23599788,0.22627685,0.21147980,0.19471381,0.17889990
0.11103128,0.09910927,0.09730670,0.10691014,0.12414012,0.14094052,0.14953104,0.14674514,0.13440665,0.11687612,0.09878492,0.08378394,0.07375801,0.06861372,0.06682839,0.06621678,0.06459883,0.06070768,0.05509169,0.04988902,0.04726093,0.04804562,0.05200976,0.05891030,0.06857742,0.07989756,0.09045164,0.09788728,0.10180990,0.10420979,0.10809907,0.11579691,0.12809213,0.14414539,0.16157318,0.17695231,0.18729292,0.19192614,0.19313534,0.19456589,0.19859023,0.20497940,0.21194460,0.21819885,0.22381386,0.22920557,0.23372971,0.23570575,0.23395900,0.22920614,0.22374241
0.04559805,0.05516929,0.06711429,0.07825763,0.08570753,0.08856405,0.08884465,0.08968802,0.09255813,0.09642322,0.09913053,0.09916549,0.09664020,0.09314453,0.09031078,0.08809596,0.08472274,0.07859348,0.07000740,0.06088792,0.05334795,0.04880636,0.04778846,0.04967321,0.05270905,0.05509576,0.05648358,0.05822782,0.06209715,0.06898155,0.07878270,0.09084242,0.10381894,0.11532760,0.12251632,0.12362270,0.11909290,0.11114982,0.10235280,0.09452947,0.08864165,0.08501568,0.08334382,0.08263799,0.08161268,0.07941227,0.07604210,0.07209904,0.06812331,0.06422854,0.06028432
0.19369111,0.20651986,0.20771584,0.19242978,0.16821328,0.14558690,0.12990740,0.12196265,0.11999355,0.12056575,0.12031955,0.11763791,0.11307440,0.10872054,0.10688223,0.10910907,0.11610305,0.12766935,0.14220317,0.15616841,0.16462212,0.16391276,0.15525054,0.14498752,0.14005712,0.14312963,0.15273632,0.16743408,0.18813813,0.21520354,0.24393285,0.26530936,0.27280768,0.26779438,0.25713465,0.24650182,0.23752518,0.23017733,0.22484125,0.22118939,0.21706672,0.21001423,0.19938564,0.18653370,0.17393140,0.16483551,0.16262731,0.16861065,0.17996531,0.19080454,0.19621795
0.05117625,0.05095889,0.05281728,0.05697627,0.06098742,0.06141150,0.05770481,0.05296481,0.05059646,0.05164672,0.05558633,0.06176889,0.06888730,0.07428911,0.07564868,0.07329661,0.06981766,0.06725931,0.06556197,0.06382500,0.06215792,0.06170753,0.06345266,0.06772937,0.07470696,0.08442869,0.09597669,0.10705153,0.11501378,0.11856786,0.11840273,0.11630211,0.11381731,0.11168337,0.11001839,0.10860465,0.10692323,0.10426412,0.10018213,0.09497805,0.08965572,0.08530383,0.08247769,0.08115293,0.08119559,0.08275604,0.08612823,0.09124551,0.09740860,0.10360732,0.10915665
0.20304976,0.20674651,0.22502879,0.25457980,0.28038822,0.28864202,0.28178948,0.27371152,0.27281245,0.27628426,0.27898346,0.28088149,0.28435654,0.28850383,0.28862211,0.27998439,0.26124387,0.23545703,0.20873903,0.18713445,0.17374174,0.16855995,0.17068535,0.17965728,0.19420838,0.21053377,0.22303553,0.22733853,0.22264000,0.21140796,0.19726981,0.18313151,0.17053625,0.15998480,0.15166000,0.14614720,0.14465034,0.14829439,0.15688044,0.16827034,0.17928794,0.18763812,0.19325928,0.19795943,0.20374852,0.21139217,0.22032920,0.22973124,0.23952746,0.25046430,0.26326729
0.17491811,0.16857801,0.16319957,0.16316478,0.16574706,0.16036343,0.14446736,0.12969843,0.12646385,0.13195495,0.13879181,0.14641667,0.15726278,0.16827769,0.17339836,0.17136094,0.16588713,0.16000134,0.15429025,0.14972532,0.14838600,0.15082461,0.15496892,0.15848526,0.16107576,0.16384445,0.16716588,0.16985869,0.17032652,0.16829685,0.16553209,0.16473358,0.16723897,0.17139362,0.17327725,0.16941699,0.15920373,0.14512077,0.13106036,0.12042976,0.11519617,0.11572693,0.12089017,0.12838018,0.13549871,0.14021286,0.14187522,0.14116890,0.13941654,0.13774870,0.13654666
0.27568697,0.27873834,0.28305997,0.28236269,0.27184256,0.25624166,0.24481648,0.24106791,0.24063343,0.23693289,0.22555556,0.20491386,0.17676995,0.14671341,0.12162491,0.10542978,0.09779283,0.09642367,0.09908699,0.10333966,0.10622217,0.10563880,0.10175108,0.09646166,0.09192806,0.09001637,0.09249543,0.10046556,0.11307117,0.12721835,0.13909631,0.14619438,0.14813300,0.14611463,0.14191529,0.13704037,0.13209882,0.12659962,0.11959145,0.11095435,0.10226003,0.09623811,0.09513793,0.09932237,0.10715873,0.11608898,0.12394063,0.12969201,0.13353879,0.13649189,0.13974988
0.13468439,0.12437196,0.12045886,0.12178194,0.12644774,0.13404472,0.14566724,0.16152511,0.17928491,0.19504344,0.20603399,0.21302181,0.22022086,0.23178093,0.24739672,0.26177047,0.26902286,0.26714136,0.25753260,0.24128763,0.21787086,0.18805514,0.15687606,0.13242159,0.12153114,0.12651961,0.14488670,0.17086468,0.19748481,0.21903235,0.23332550,0.24206485,0.24846412,0.25416910,0.25845110,0.26011841,0.25950467,0.25811216,0.25665354,0.25429544,0.25032741,0.24631036,0.24591101,0.25211551,0.26444515,0.27892278,0.29085438,0.29790790,0.30097785,0.30255555,0.30439626
0.09094043,0.07830202,0.06474529,0.05417319,0.05105324,0.05763014,0.07215482,0.09000020,0.10667242,0.12006111,0.13046466,0.13916821,0.14713715,0.15452411,0.16076968,0.16500379,0.16664452,0.16591351,0.16380091,0.16139569,0.15915493,0.15677436,0.15366957,0.14946987,0.14408741,0.13757839,0.13027665,0.12320903,0.11820925,0.11723395,0.12115450,0.12894580,0.13800033,0.14541013,0.14930951,0.14941603,0.14662371,0.14219184,0.13717486,0.13230613,0.12809204,0.12481171,0.12241048,0.12053527,0.11888033,0.11766239,0.11778865,0.12041495,0.12605697,0.13384156,0.14149737
0.20250203,0.20468752,0.20468281,0.19769623,0.18762578,0.18774609,0.21030784,0.24934216,0.28097047,0.28818571,0.27763342,0.26578868,0.25872058,0.25325887,0.24855176,0.24652512,0.24551852,0.24084748,0.23007904,0.21461307,0.19858437,0.18840600,0.19031708,0.20500484,0.22532710,0.24131039,0.24779715,0.24735374,0.24666496,0.25036992,0.25731702,0.26183745,0.25877413,0.24778041,0.23302817,0.21908116,0.20736900,0.19633086,0.18405564,0.17028744,0.15638856,0.14422234,0.13529947,0.13049056,0.12998033,0.13338334,0.14018328,0.15033427,0.16442661,0.18299898,0.20539290
0.17572864,0.17980613,0.18841216,0.20174250,0.21360416,0.21838022,0.21997774,0.22746219,0.24343817,0.26118568,0.27260734,0.27515081,0.26968285,0.25518290,0.23076773,0.20320362,0.18632167,0.18854570,0.20394228,0.21966805,0.22990909,0.23814822,0.24769630,0.25584633,0.25842417,0.25600365,0.25342551,0.25502091,0.26152627,0.27008288,0.27606215,0.27619448,0.27135852,0.26574392,0.26215205,0.25837053,0.24904762,0.23108580,0.20667063,0.18135573,0.16010344,0.14517118,0.13657808,0.13345629,0.13494883,0.14048254,0.14952197,0.16091186,0.17237455,0.18091333,0.18408426
0.21545213,0.22855810,0.24421862,0.25983773,0.27031105,0.27719494,0.28486302,0.29209220,0.29430888,0.29151234,0.28805030,0.28584377,0.28286842,0.27804346,0.27326371,0.26984047,0.26637640,0.26173264,0.25779023,0.25729884,0.25999107,0.26234263,0.26072230,0.25373419,0.24209527,0.22787915,0.21427667,0.20479216,0.20136432,0.20311282,0.20728131,0.21136314,0.21407532,0.21456847,0.21151413,0.20356644,0.19069671,0.17480235,0.15894166,0.14601730,0.13795152,0.13549835,0.13820462,0.14432799,0.15108246,0.15553705,0.15587026,0.15221576,0.14652930,0.14155853,0.13954184
0.06637213,0.05944853,0.05231356,0.04667674,0.04511513,0.04817938,0.05282974,0.05463188,0.05183342,0.04697107,0.04428512,0.04578774,0.04994170,0.05371088,0.05536886,0.05541839,0.05544980,0.05659752,0.05894552,0.06189379,0.06476921,0.06720955,0.06935770,0.07202789,0.07674581,0.08535617,0.09910548,0.11766818,0.13893824,0.16000964,0.17875879,0.19473845,0.20855233,0.22027400,0.22850790,0.23124086,0.22797165,0.22126067,0.21612813,0.21745675,0.22720494,0.24339488,0.26146076,0.27685979,0.28718509,0.29268401,0.29531856,0.29730717,0.30004940,0.30377749,0.30777003
0.14726421,0.14451368,0.14292513,0.13793492,0.12937225,0.12018957,0.11243310,0.10729309,0.10272124,0.09191682,0.07232407,0.05415260,0.05109590,0.06389619,0.08042832,0.09000026,0.09068084,0.08482409,0.07514119,0.06556432,0.06030431,0.06031073,0.06313307,0.06655161,0.07051899,0.07601109,0.08402263,0.09547269,0.11016555,0.12561773,0.13840124,0.14717868,0.15366511,0.16051936,0.16913806,0.17952920,0.19101001,0.20200926,0.20970468,0.21109261,0.20505713,0.19334779,0.17944456,0.16646705,0.15591223,0.14782154,0.14166548,0.13700417,0.13362729,0.13152448,0.13105496
0.19112867,0.18291517,0.17376239,0.16780200,0.16719737,0.17040528,0.17439991,0.17738103,0.17891286,0.17845908,0.17491715,0.16785796,0.15886179,0.15107527,0.14698094,0.14659553,0.14828748,0.15144668,0.15760832,0.16817120,0.18127572,0.19200690,0.19629583,0.19428554,0.18941636,0.18447214,0.17909481,0.17112732,0.15970065,0.14656234,0.13469618,0.12614939,0.12110530,0.11840394,0.11651271,0.11426664,0.11134154,0.10840691,0.10669702,0.10710707,0.10953783,0.11312227,0.11706166,0.12111694,0.12521414,0.12868939,0.13017827,0.12848564,0.12371102,0.11759842,0.11279342
0.11022325,0.10702019,0.10847454,0.11543128,0.12762985,0.14228193,0.15760238,0.17139138,0.17704312,0.16867862,0.15030497,0.13360013,0.12658537,0.12846370,0.13344554,0.13520770,0.13005434,0.12048250,0.11403263,0.11484865,0.11832197,0.11780876,0.11454698,0.11623258,0.12631439,0.13902250,0.14580792,0.14350355,0.13491520,0.12411752,0.11349133,0.10421837,0.09729071,0.09346210,0.09306577,0.09618397,0.10246642,0.11051755,0.11785846,0.12200041,0.12184052,0.11820035,0.11311442,0.10844908,0.10490419,0.10220255,0.10027901,0.10017921,0.10342699,0.11018441,0.11807903
0.07500905,0.07140024,0.07473757,0.08480313,0.10150644,0.12367668,0.14834863,0.17158675,0.18997642,0.20171956,0.20687230,0.20660590,0.20196804,0.19336889,0.18148931,0.16843467,0.15713856,0.14893495,0.14185882,0.13207834,0.11759616,0.10067226,0.08654846,0.07978945,0.08172943,0.09093134,0.10531603,0.12333623,0.14328393,0.16219867,0.17620197,0.18231553,0.18011344,0.17171524,0.16024790,0.14817588,0.13667892,0.12607731,0.11648386,0.10804350,0.10081741,0.09473780,0.08982906,0.08647685,0.08542518,0.08744363,0.09289823,0.10150291,0.11236017,0.12423564,0.13596306
0.19498002,0.19166580,0.19191848,0.19128116,0.18848025,0.18756347,0.19298887,0.20410749,0.21739660,0.22878212,0.23353476,0.23017699,0.22326674,0.21751210,0.21266912,0.20897361,0.21160144,0.22225162,0.23185701,0.23043529,0.21997648,0.21026557,0.20671481,0.20838801,0.21255969,0.21570904,0.21471522,0.21112054,0.21045862,0.21520744,0.22181372,0.22577915,0.22685395,0.22866060,0.23495675,0.24587467,0.25655590,0.26053822,0.25582378,0.24681953,0.23966617,0.23682547,0.23663448,0.23633942,0.23427610,0.23017925,0.22481571,0.21923480,0.21380675,0.20816516,0.20227061
0.14552060,0.14197470,0.13306986,0.12243101,0.11649112,0.11665245,0.11846834,0.11844458,0.11791204,0.11918352,0.12157899,0.12290772,0.12199038,0.11885614,0.11468988,0.11185834,0.11251341,0.11664998,0.12159943,0.12378980,0.12170525,0.11710250,0.11303211,0.11124420,0.11168937,0.11324042,0.11402474,0.11196827,0.10615642,0.09766933,0.08870212,0.08088794,0.07456487,0.06948171,0.06590231,0.06476562,0.06671271,0.07124682,0.07721153,0.08402155,0.09204249,0.10175046,0.11290972,0.12459943,0.13550021,0.14388533,0.14788226,0.14647177,0.14037932,0.13177210,0.12304681
0.11362314,0.11264000,0.11550237,0.12495097,0.14233938,0.16431610,0.18389315,0.19561616,0.19918972,0.19794869,0.19539970,0.19458990,0.19935549,0.21286367,0.23327856,0.25227471,0.26022970,0.25395106,0.23907812,0.22478710,0.21649822,0.21363814,0.21336856,0.21511131,0.22099589,0.23252612,0.24759450,0.26094338,0.26738757,0.26481942,0.25490273,0.24168262,0.22961913,0.22212415,0.22068653,0.22433715,0.22961107,0.23148170,0.22532755,0.20910018,0.18437665,0.15553029,0.12753298,0.10386729,0.08583302,0.07334540,0.06619350,0.06460873,0.06886146,0.07854511,0.09236615
0.23955857,0.24063029,0.23306652,0.21849654,0.20513999,0.19914239,0.20050193,0.20633572,0.21511695,0.22629399,0.23760251,0.24540567,0.24791473,0.24623866,0.24144390,0.23215088,0.21696525,0.19919387,0.18734271,0.18943777,0.20651360,0.23166464,0.25509531,0.27007219,0.27527156,0.27353829,0.26972099,0.26906013,0.27560690,0.29031976,0.31002925,0.32865861,0.34025503,0.34165061,0.33298490,0.31637828,0.29448491,0.27015134,0.24684339,0.22866894,0.21941242,0.22112949,0.23329893,0.25301177,0.27590250,0.29724507,0.31289933,0.32010498,0.31810608,0.30837265,0.29414957
0.23723217,0.24642730,0.26022542,0.26866761,0.26671745,0.25592704,0.24114431,0.22700357,0.21667388,0.21142450,0.20990944,0.20860850,0.20433988,0.19672098,0.18789383,0.17996638,0.17318025,0.16658317,0.16000173,0.15508864,0.15459716,0.16055064,0.17239691,0.18622974,0.19603892,0.19690743,0.18818498,0.17393613,0.15995609,0.14983794,0.14352716,0.13925513,0.13638690,0.13617488,0.14006020,0.14783241,0.15772818,0.16802653,0.17800665,0.18714366,0.19373151,0.19494189,0.18873164,0.17585234,0.15989780,0.14515832,0.13408462,0.12639122,0.12020888,0.11396009,0.10736409
0.07272020,0.08041619,0.08414057,0.08954058,0.09952583,0.11251308,0.12613291,0.13806498,0.14362423,0.13762246,0.12041182,0.09875870,0.07959341,0.06571652,0.05758529,0.05514992,0.05662359,0.05859729,0.05902114,0.05849597,0.05817224,0.05808068,0.05791981,0.05795251,0.05854572,0.05972530,0.06139994,0.06323946,0.06423413,0.06314971,0.05970299,0.05489938,0.05015054,0.04639923,0.04402788,0.04311043,0.04358097,0.04541569,0.04869501,0.05319818,0.05788772,0.06116088,0.06189111,0.06015302,0.05687056,0.05297419,0.04904769,0.04550704,0.04265718,0.04045428,0.03847345
0.17576025,0.18719980,0.19664516,0.20238112,0.20071113,0.18907097,0.16956526,0.14828071,0.13075325,0.11867518,0.11094964,0.10670204,0.10626744,0.10971456,0.11564954,0.12201211,0.12760986,0.13238940,0.13638537,0.13899791,0.13966441,0.13909936,0.13939407,0.14235859,0.14740532,0.15107147,0.14903971,0.13924171,0.12344462,0.10591485,0.09035510,0.07784276,0.06742443,0.05841033,0.05189253,0.05004059,0.05410923,0.06331950,0.07569657,0.08985402,0.10581944,0.12410294,0.14403757,0.16310059,0.17791617,0.18608587,0.18739804,0.18370553,0.17792083,0.17304057,0.17164758
0.18294964,0.14970556,0.14062819,0.15852384,0.17976825,0.19098045,0.19685240,0.20059241,0.20234772,0.20635145,0.21525455,0.22649661,0.23771701,0.24745058,0.25242345,0.25062124,0.24436255,0.23829693,0.23790897,0.24826174,0.26846719,0.28880261,0.29845673,0.29546722,0.28617872,0.27690717,0.26913666,0.26141295,0.25296566,0.24520604,0.24057726,0.23975801,0.23990579,0.23662763,0.22833959,0.21819245,0.21114088,0.20925701,0.21010689,0.20932742,0.20428002,0.19537943,0.18484382,0.17507384,0.16813206,0.16566868,0.16832158,0.17510254,0.18379184,0.19201519,0.19782266
0.19331537,0.20066659,0.21500380,0.23215819,0.25011951,0.26706993,0.28007073,0.28648634,0.28550776,0.27818070,0.26684434,0.25449878,0.24383689,0.23660472,0.23405532,0.23734609,0.24620758,0.25697077,0.26318823,0.25965884,0.24630786,0.22805042,0.21118679,0.20035161,0.19831391,0.20679177,0.22558168,0.25058575,0.27398091,0.28799124,0.28956110,0.28180642,0.27117414,0.26322223,0.26053990,0.26342624,0.27119884,0.28228935,0.29364125,0.30120818,0.30207789,0.29656858,0.28817608,0.28109311,0.27727268,0.27542830,0.27263454,0.26701604,0.25929817,0.25214500,0.24803773
0.21234719,0.22393181,0.23763188,0.24419279,0.24073024,0.23344654,0.23092832,0.23528988,0.24067741,0.23989458,0.23112199,0.21803842,0.20493906,0.19305600,0.18119608,0.16857418,0.15638473,0.14705361,0.14251148,0.14321276,0.14857674,0.15820791,0.17249974,0.19171363,0.21421641,0.23576510,0.25102711,0.25638920,0.25177662,0.24013102,0.22534063,0.21051931,0.19769379,0.18838924,0.18397397,0.18526983,0.19187376,0.20191634,0.21257062,0.22108247,0.22582273,0.22687579,0.22587202,0.22510457,0.22634709,0.22997093,0.23477204,0.23849387,0.23872175,0.23382136,0.22373399
0.12813361,0.13674444,0.14179167,0.13839551,0.12574973,0.11145712,0.10471271,0.10638803,0.11093182,0.11449597,0.11682863,0.11914226,0.12307524,0.12904467,0.13489194,0.13777637,0.13671294,0.13266204,0.12754599,0.12321025,0.12001941,0.11662208,0.11152986,0.10427769,0.09539379,0.08654565,0.08014699,0.07711858,0.07525838,0.07113602,0.06347550,0.05410814,0.04639095,0.04335720,0.04628685,0.05373496,0.06220095,0.06859591,0.07215188,0.07395535,0.07533087,0.07708137,0.07957856,0.08272620,0.08591974,0.08857189,0.09071253,0.09282254,0.09519485,0.09772252,0.10011866
0.19675118,0.18360242,0.16967773,0.16532886,0.17198637,0.18436092,0.19759768,0.20909336,0.21824411,0.22478579,0.22513081,0.21476026,0.19639703,0.17923656,0.16780772,0.15841299,0.14836591,0.14140314,0.14081720,0.14285432,0.14071166,0.13213644,0.12039631,0.10973188,0.10235493,0.09900518,0.09986218,0.10396388,0.10881370,0.11173076,0.11159623,0.10883941,0.10401227,0.09715467,0.08860548,0.07963395,0.07177018,0.06583965,0.06199412,0.06036299,0.06115703,0.06411513,0.06817408,0.07181694,0.07369252,0.07302431,0.06976699,0.06461020,0.05877417,0.05356518,0.04989124
0.07410105,0.08065238,0.09104718,0.10366674,0.11701018,0.12959832,0.13946302,0.14468006,0.14467041,0.14058674,0.13442624,0.12834695,0.12487861,0.12661823,0.13440722,0.14585849,0.15692911,0.16578910,0.17465616,0.18683557,0.20176261,0.21365825,0.21574251,0.20594686,0.18859620,0.17091026,0.15813915,0.15154435,0.14980488,0.15130967,0.15505083,0.16012003,0.16518315,0.16874584,0.16983177,0.16833649,0.16483270,0.16012334,0.15487703,0.14946362,0.14398081,0.13842905,0.13291115,0.12766159,0.12282284,0.11815676,0.11302344,0.10676843,0.09927826,0.09126554,0.08403544
0.12794296,0.11576810,0.10310534,0.09436970,0.09115080,0.09184859,0.09418358,0.09703733,0.09961498,0.10062141,0.10025257,0.10226807,0.11137870,0.12750876,0.14430325,0.15483676,0.15808409,0.15858333,0.16054815,0.16419194,0.16785037,0.17143120,0.17595452,0.18041719,0.18116722,0.17531057,0.16410040,0.15228357,0.14434671,0.14179439,0.14359511,0.14815087,0.15426988,0.16077536,0.16614837,0.16902901,0.16894234,0.16640026,0.16250426,0.15871674,0.15689436,0.15900097,0.16621218,0.17802228,0.19223777,0.20597178,0.21683346,0.22347828,0.22548428,0.22315414,0.21763298
0.15646593,0.15222609,0.14520761,0.14080301,0.14253535,0.15039087,0.16140394,0.17103735,0.17594833,0.17618479,0.17398463,0.17068315,0.16588107,0.15958722,0.15392390,0.15188944,0.15462891,0.16040110,0.16640107,0.17144839,0.17660122,0.18304048,0.18976139,0.19399202,0.19406702,0.19146144,0.18964573,0.19115003,0.19602245,0.20277880,0.21004457,0.21696447,0.22258899,0.22565384,0.22520556,0.22126010,0.21488468,0.20803566,0.20349439,0.20439760,0.21277745,0.22778201,0.24529582,0.25986277,0.26768155,0.26829082,0.26372957,0.25626384,0.24686145,0.23552405,0.22265884
0.10045465,0.09265339,0.09466534,0.10654979,0.12364198,0.13630413,0.13817501,0.13105622,0.12078901,0.11197663,0.10707950,0.10692800,0.11054547,0.11573116,0.11991225,0.11991293,0.11287842,0.10007981,0.08897651,0.08820328,0.09927056,0.11486025,0.12639554,0.13211345,0.13661053,0.14364223,0.15137939,0.15487899,0.15153158,0.14308345,0.13330566,0.12514060,0.12000381,0.11828790,0.11938174,0.12155162,0.12286246,0.12266400,0.12189368,0.12176802,0.12256525,0.12408987,0.12712478,0.13375856,0.14577726,0.16267998,0.18143721,0.19831413,0.21107729,0.21977032,0.22578413
0.16818968,0.15967262,0.15431184,0.15437836,0.15964561,0.16467394,0.16536864,0.16380663,0.16332688,0.16394024,0.16443866,0.16448253,0.16402469,0.16379108,0.16484837,0.16516486,0.15997547,0.14888834,0.13905968,0.13738109,0.14221711,0.14645197,0.14637472,0.14395362,0.14206076,0.14135217,0.14167415,0.14347625,0.14692847,0.15111618,0.15469339,0.15664200,0.15653230,0.15505162,0.15430520,0.15654480,0.16220838,0.16986080,0.17828241,0.18783122,0.19928165,0.21207858,0.22465197,0.23616471,0.24685608,0.25624899,0.26174858,0.25992068,0.24940221,0.23240503,0.21341800
0.07713247,0.06940638,0.06238862,0.05753506,0.05577838,0.05712912,0.06103899,0.06669979,0.07272560,0.07732213,0.07927911,0.07853282,0.07596681,0.07337332,0.07330822,0.07766759,0.08578802,0.09446973,0.10028098,0.10172596,0.09943932,0.09512215,0.09062901,0.08742119,0.08611047,0.08636207,0.08734676,0.08821967,0.08820652,0.08667591,0.08353087,0.07938602,0.07500530,0.07063569,0.06625428,0.06239895,0.06011303,0.05962529,0.05946338,0.05769127,0.05439732,0.05258883,0.05600582,0.06570324,0.07871750,0.09007250,0.09616583,0.09661402,0.09353264,0.08958765,0.08664972
0.27180084,0.27844530,0.28950547,0.29030969,0.27982495,0.27343852,0.28203038,0.29826214,0.30762490,0.30511190,0.29597096,0.28600652,0.27720602,0.26989237,0.26366608,0.25689032,0.24908985,0.24383634,0.24624491,0.25701358,0.27102322,0.28241648,0.28915279,0.29157140,0.28834288,0.27623962,0.25410715,0.22570439,0.19799618,0.17714200,0.16618551,0.16535067,0.17299940,0.18590890,0.19954676,0.20931810,0.21235910,0.20858249,0.20034289,0.19118521,0.18446240,0.18228624,0.18501558,0.19139383,0.19917958,0.20577787,0.20850209,0.20471736,0.19246767,0.17164753,0.14482709
0.05365711,0.04478768,0.03936208,0.04087272,0.04880616,0.06023542,0.07270496,0.08497771,0.09624972,0.10554246,0.11155579,0.11312868,0.11041080,0.10547499,0.10114249,0.09917137,0.09992444,0.10344814,0.11003721,0.11950592,0.13036009,0.14000350,0.14572531,0.14570076,0.13971476,0.12947615,0.11810400,0.10866050,0.10257971,0.09923839,0.09696304,0.09443870,0.09130393,0.08778440,0.08415918,0.08065729,0.07760058,0.07537877,0.07428420,0.07449643,0.07619433,0.07950389,0.08430021,0.09027242,0.09735474,0.10590997,0.11605795,0.12659199,0.13480069,0.13789046,0.13500785
0.21820181,0.21994905,0.21091161,0.19878032,0.19036763,0.18411894,0.17338296,0.15540789,0.13473938,0.11831503,0.10936407,0.10631110,0.10573374,0.10524828,0.10448510,0.10468142,0.10746093,0.11326834,0.12070029,0.12770977,0.13364482,0.13979895,0.14768159,0.15689165,0.16496350,0.16928403,0.16896953,0.16494505,0.15864406,0.15104718,0.14292088,0.13545391,0.13006140,0.12728130,0.12594264,0.12369114,0.11864632,0.11083193,0.10218378,0.09517788,0.09124007,0.09013966,0.09062901,0.09158868,0.09269892,0.09424092,0.09640603,0.09879733,0.10050341,0.10059596,0.09862634
0.18456776,0.18631332,0.18388859,0.17977397,0.17759286,0.17857068,0.18070988,0.18244612,0.18681626,0.20018266,0.22523861,0.25555528,0.27868880,0.28602978,0.28006540,0.27206744,0.27256102,0.28332515,0.29747047,0.30653363,0.30776471,0.30539067,0.30551667,0.31010991,0.31589695,0.31865475,0.31780095,0.31633524,0.31673406,0.31789697,0.31659710,0.31137405,0.30411070,0.29759740,0.29217534,0.28536520,0.27468057,0.26030273,0.24487902,0.23117397,0.22039134,0.21264801,0.20840296,0.20881251,0.21457076,0.22462785,0.23623699,0.24633917,0.25311344,0.25664695,0.25856408
0.09613603,0.10055361,0.10851899,0.11754529,0.12765197,0.13850147,0.14833532,0.15573228,0.16091870,0.16424975,0.16404526,0.15736168,0.14341991,0.12573578,0.11042074,0.10244290,0.10336269,0.11183240,0.12542380,0.14197707,0.15991576,0.17790810,0.19447326,0.20813431,0.21833365,0.22632130,0.23461622,0.24472771,0.25494937,0.26071567,0.25791829,0.24657730,0.23156058,0.21956265,0.21484421,0.21713490,0.22296577,0.22875910,0.23292051,0.23556866,0.23680388,0.23550441,0.22983872,0.21895965,0.20428432,0.18918584,0.17731655,0.17087291,0.17000771,0.17352092,0.17995603
0.15303496,0.15044157,0.15105938,0.15335188,0.15706960,0.16304682,0.17039922,0.17581470,0.17633777,0.17189554,0.16481746,0.15805073,0.15434159,0.15569589,0.16187366,0.16938968,0.17340781,0.17174792,0.16711329,0.16495050,0.16872279,0.17690507,0.18425129,0.18598856,0.18132043,0.17365007,0.16787875,0.16727734,0.17216507,0.18066512,0.19020560,0.19850343,0.20391441,0.20572285,0.20453804,0.20226464,0.20118947,0.20258762,0.20591788,0.20936257,0.21140457,0.21225699,0.21398935,0.21909372,0.22836784,0.23959348,0.24811379,0.24921005,0.24089048,0.22526709,0.20754245
0.08245198,0.09273071,0.10305908,0.11366997,0.12138879,0.11858483,0.10030414,0.07328084,0.05348070,0.05215455,0.06631546,0.08400618,0.09619298,0.10184681,0.10438314,0.10689307,0.11056921,0.11481324,0.11753342,0.11647188,0.11143522,0.10515107,0.10145779,0.10251273,0.10759950,0.11420283,0.11998943,0.12405749,0.12680276,0.12884761,0.13009547,0.12979670,0.12755554,0.12424974,0.12188388,0.12245314,0.12680981,0.13437120,0.14362095,0.15277488,0.16017670,0.16449705,0.16499415,0.16185906,0.15638133,0.15065025,0.14676322,0.14585657,0.14748722,0.14980847,0.15056703
0.10324856,0.10257664,0.10340330,0.10703736,0.11295611,0.11797407,0.12133457,0.12992133,0.15042692,0.17793485,0.20061604,0.21267364,0.21538318,0.21059099,0.20073789,0.19082036,0.18393473,0.17742630,0.16692536,0.15220914,0.13773085,0.12941639,0.13145765,0.14411154,0.16330470,0.18257677,0.19597742,0.20042322,0.19702953,0.19045297,0.18570142,0.18471393,0.18589034,0.18644708,0.18473340,0.18090256,0.17653603,0.17386045,0.17461017,0.17911469,0.18643340,0.19523361,0.20426294,0.21208738,0.21696299,0.21753389,0.21384879,0.20756514,0.20089356,0.19512240,0.19012841
0.16892210,0.15875476,0.14988018,0.14272031,0.13714226,0.13325899,0.13166500,0.13323568,0.13843168,0.14646154,0.15524675,0.16241905,0.16631133,0.16604820,0.16118497,0.15181078,0.13902559,0.12488693,0.11151834,0.10015048,0.09094783,0.08359756,0.07798436,0.07443894,0.07354930,0.07579114,0.08125414,0.08967451,0.10076201,0.11444377,0.13054893,0.14797935,0.16416473,0.17567731,0.17993507,0.17677534,0.16856070,0.15865108,0.14946013,0.14157436,0.13434380,0.12705885,0.11954466,0.11186294,0.10380763,0.09499038,0.08552181,0.07651862,0.06974195,0.06651744,0.06683709
0.09508283,0.10264185,0.11502624,0.13133374,0.14467011,0.14966847,0.14978946,0.15241027,0.16083097,0.17358181,0.18593337,0.19137433,0.18653983,0.17416006,0.15945412,0.14625853,0.13588497,0.12598555,0.11284726,0.09822859,0.09019884,0.09407840,0.10643079,0.12012846,0.13132080,0.13988621,0.14691201,0.15349184,0.15968711,0.16383335,0.16422941,0.16126817,0.15666666,0.15128744,0.14498815,0.13791948,0.13070827,0.12372462,0.11706723,0.11112186,0.10690372,0.10651635,0.11349835,0.13136548,0.16023634,0.19480926,0.22665438,0.24925682,0.26129165,0.26580669,0.26706927
0.16567461,0.16423607,0.16812034,0.17664471,0.18700536,0.19728082,0.20748367,0.21812587,0.22887563,0.23896578,0.24808740,0.25590098,0.26064808,0.25917197,0.24930083,0.23257314,0.21434328,0.20064697,0.19435127,0.19379609,0.19480959,0.19408982,0.19117145,0.18788286,0.18642792,0.18796934,0.19255439,0.19976396,0.20902415,0.21928866,0.22876760,0.23547204,0.23847615,0.23887091,0.23936992,0.24254456,0.24886215,0.25602113,0.26019272,0.25837054,0.25021149,0.23815331,0.22586819,0.21625736,0.21036593,0.20775874,0.20776793,0.21046977,0.21661944,0.22668522,0.23983550
0.26629121,0.26853333,0.27969168,0.29885398,0.31730549,0.32863003,0.33211243,0.32803071,0.31586776,0.29810623,0.28150568,0.27261263,0.27351686,0.28207257,0.29398241,0.30427200,0.30938505,0.30970703,0.30911925,0.31100232,0.31544294,0.32105544,0.32817834,0.33839004,0.35096650,0.36148344,0.36488408,0.35957256,0.34815829,0.33466300,0.32152771,0.30913963,0.29765051,0.28883898,0.28595957,0.29138423,0.30399798,0.31892829,0.33028379,0.33467053,0.33241780,0.32578727,0.31643218,0.30470372,0.29095337,0.27681588,0.26492524,0.25758503,0.25589165,0.25982248,0.26852959
0.29932340,0.26360508,0.22032671,0.17953069,0.15141587,0.14103436,0.14525621,0.15843000,0.17724301,0.19733137,0.21253716,0.22083543,0.22481938,0.22586408,0.22343286,0.21777996,0.20776981,0.19011489,0.16653333,0.14741153,0.14260108,0.15102964,0.16275354,0.16882469,0.16728198,0.16223757,0.15933561,0.16148437,0.16814132,0.17748989,0.18752118,0.19565150,0.19963093,0.19879238,0.19337327,0.18402315,0.17302059,0.16384651,0.15831168,0.15590591,0.15618203,0.15925691,0.16391947,0.16794915,0.17027325,0.17068296,0.16889582,0.16722973,0.17249842,0.19015798,0.21614507
0.07113742,0.06934046,0.06876557,0.06963780,0.07294715,0.07974142,0.08967621,0.10048143,0.10953780,0.11640024,0.12351149,0.13389689,0.14800280,0.16303941,0.17547442,0.18378724,0.18851674,0.19006240,0.18734069,0.17908069,0.16611277,0.15177954,0.13990744,0.13258148,0.12991309,0.13146828,0.13728377,0.14736827,0.16073243,0.17554824,0.19045169,0.20538843,0.22081164,0.23601616,0.24860628,0.25607898,0.25826683,0.25826161,0.26061898,0.26803018,0.27904241,0.28862582,0.29119857,0.28398310,0.26853700,0.24975528,0.23331121,0.22322974,0.22081402,0.22506866,0.23390443
0.07162937,0.06907680,0.06029926,0.05333187,0.05191894,0.05444243,0.05897711,0.06486369,0.07076903,0.07488853,0.07666831,0.07650408,0.07471286,0.07212358,0.07055321,0.07161096,0.07592803,0.08380519,0.09467998,0.10493236,0.10828181,0.10078431,0.08525813,0.06932484,0.05901919,0.05510414,0.05503266,0.05665733,0.05929342,0.06245657,0.06517021,0.06673939,0.06744852,0.06808714,0.06903702,0.07004493,0.07068960,0.07078401,0.07033172,0.06931562,0.06768024,0.06551163,0.06316987,0.06118331,0.05992890,0.05932917,0.05885216,0.05789809,0.05630210,0.05451835,0.05331233
0.21047691,0.18435133,0.16756775,0.16368494,0.16781500,0.17123542,0.16726053,0.15445693,0.13630961,0.11863575,0.10657991,0.10239794,0.10456038,0.10858427,0.10963836,0.10560656,0.09822891,0.09118590,0.08689785,0.08508326,0.08407713,0.08297018,0.08222603,0.08263040,0.08422204,0.08632937,0.08824924,0.08961258,0.09027507,0.09020373,0.08956002,0.08873176,0.08819166,0.08841236,0.08994622,0.09334748,0.09865713,0.10482653,0.10986851,0.11197235,0.11077501,0.10763934,0.10463328,0.10309715,0.10301486,0.10359690,0.10440998,0.10605403,0.10993313,0.11742194,0.12903857
0.33680913,0.34390422,0.33900006,0.31839833,0.28849082,0.26028429,0.24049092,0.22884576,0.22289659,0.22197627,0.22631106,0.23537246,0.24806358,0.26251568,0.27490425,0.28019749,0.27572819,0.26402671,0.25144505,0.24368503,0.24248090,0.24587665,0.25061689,0.25403116,0.25492424,0.25441031,0.25623205,0.26481810,0.28129736,0.30094464,0.31540943,0.31873199,0.31205995,0.30270912,0.29826126,0.30082570,0.30618861,0.30795676,0.30259717,0.29132082,0.27833785,0.26805338,0.26352855,0.26625349,0.27606116,0.29088091,0.30718057,0.32153975,0.33236838,0.34028829,0.34686827
0.25482354,0.26498492,0.27332141,0.28094346,0.29037982,0.30040399,0.30638820,0.30610242,0.30084704,0.29105888,0.27610453,0.25926866,0.24830833,0.24913523,0.26093944,0.27768513,0.29246134,0.30063414,0.30080675,0.29355272,0.27974302,0.26166528,0.24556915,0.23959390,0.24660476,0.26080300,0.27395009,0.28392348,0.29476833,0.30925858,0.32459938,0.33591751,0.34106469,0.34027737,0.33315152,0.31874242,0.29865024,0.27807525,0.26295010,0.25658030,0.25896178,0.26780874,0.27911840,0.28777967,0.28998037,0.28642357,0.28276972,0.28572366,0.29788042,0.31605352,0.33429402
0.32747067,0.32559526,0.32717833,0.33047947,0.33510567,0.34236648,0.35310782,0.36584902,0.37722716,0.38364410,0.38254466,0.37366634,0.36065223,0.35105345,0.35242302,0.36622044,0.38519848,0.39801915,0.39792999,0.38779133,0.37687640,0.37262554,0.37496896,0.37778105,0.37512059,0.36608711,0.35442654,0.34431167,0.33672076,0.32938993,0.31966401,0.30733472,0.29522453,0.28750716,0.28733962,0.29535016,0.30952023,0.32612534,0.34113274,0.35154310,0.35625505,0.35611631,0.35309584,0.34896760,0.34423488,0.33792540,0.32835915,0.31439397,0.29639840,0.27642077,0.25751532
0.18849852,0.20024930,0.20283111,0.20045673,0.19623093,0.19321146,0.19256754,0.19221611,0.18988523,0.18635612,0.18385533,0.18253567,0.18050215,0.17659607,0.17155177,0.16693543,0.16435428,0.16518063,0.16936541,0.17455633,0.17812983,0.18078203,0.18674767,0.19911584,0.21526814,0.22802983,0.23160306,0.22611202,0.21672660,0.20925348,0.20660037,0.20812413,0.21085919,0.21119822,0.20655829,0.19666335,0.18359724,0.17034791,0.15899885,0.15012283,0.14355686,0.13924887,0.13712595,0.13650317,0.13630388,0.13627525,0.13783602,0.14321318,0.15327398,0.16603312,0.17743228
0.12765866,0.15456991,0.18090663,0.19158747,0.18475671,0.17173973,0.16340995,0.16127302,0.16154802,0.16262364,0.16544897,0.16925814,0.17091391,0.16891842,0.16587535,0.16601740,0.17138435,0.18104855,0.19283527,0.20437900,0.21293509,0.21595382,0.21299648,0.20690100,0.20248463,0.20380058,0.21215894,0.22573885,0.24024334,0.25031648,0.25185069,0.24432485,0.23125610,0.21791706,0.20805662,0.20241312,0.19987753,0.19946288,0.20085973,0.20345261,0.20550067,0.20469357,0.19946082,0.18964794,0.17620862,0.16079412,0.14590941,0.13506224,0.13185294,0.13805643,0.15220574
0.17442195,0.15873437,0.14316799,0.13054564,0.12104190,0.11308876,0.10542612,0.09844719,0.09389300,0.09338957,0.09728573,0.10477952,0.11478936,0.12629417,0.13792986,0.14796373,0.15532483,0.16062522,0.16560558,0.17120182,0.17632531,0.17890379,0.17818411,0.17577663,0.17428367,0.17503280,0.17736012,0.18009506,0.18348241,0.18936665,0.19934737,0.21268631,0.22593796,0.23461853,0.23550332,0.22789453,0.21334645,0.19457307,0.17452699,0.15599493,0.14136690,0.13218323,0.12855936,0.12901855,0.13114897,0.13291352,0.13387580,0.13553428,0.14046038,0.15067884,0.16621983
0.14872378,0.13135878,0.10788605,0.08466030,0.06791785,0.05955591,0.05834917,0.06407239,0.07747294,0.09670318,0.11642295,0.13098309,0.13782723,0.13833765,0.13604635,0.13351907,0.13072245,0.12694398,0.12373733,0.12433070,0.13001707,0.13877770,0.14782960,0.15572413,0.16112390,0.16158897,0.15586535,0.14692490,0.14073178,0.14131940,0.14777771,0.15603763,0.16242823,0.16505828,0.16306723,0.15622942,0.14562416,0.13384051,0.12380585,0.11728971,0.11443236,0.11428925,0.11553999,0.11696931,0.11788197,0.11841045,0.11935666,0.12153967,0.12518903,0.12988135,0.13490772
0.11789420,0.11304017,0.11478263,0.11993948,0.12562602,0.13097882,0.13528350,0.13799174,0.14100249,0.14732279,0.15600576,0.16146415,0.15995743,0.15445740,0.15056172,0.14929321,0.14709652,0.14243245,0.13892726,0.14060598,0.14611256,0.14971855,0.14746790,0.14075371,0.13390977,0.12973939,0.12804564,0.12755611,0.12802088,0.13025160,0.13483261,0.14137565,0.14898810,0.15711856,0.16572153,0.17458900,0.18263356,0.18801789,0.18924843,0.18638757,0.18129762,0.17660430,0.17416772,0.17422885,0.17572670,0.17727527,0.17792235,0.17729507,0.17540663,0.17254616,0.16929821
0.08598572,0.09062589,0.09374522,0.09475596,0.09428698,0.09392386,0.09502083,0.09775666,0.10139905,0.10493182,0.10727527,0.10769567,0.10660624,0.10552309,0.10558690,0.10628077,0.10610701,0.10443761,0.10220734,0.10079643,0.10080486,0.10217782,0.10502769,0.10971042,0.11612009,0.12344009,0.13090905,0.13865247,0.14745236,0.15763155,0.16824834,0.17736451,0.18301678,0.18405509,0.18045239,0.17320992,0.16400665,0.15458388,0.14600689,0.13826795,0.13063456,0.12256647,0.11447735,0.10771318,0.10380075,0.10361948,0.10711492,0.11361345,0.12230522,0.13246448,0.14336168
0.14753415,0.15808358,0.17066027,0.17858212,0.17894959,0.17878517,0.19228605,0.22589071,0.26806047,0.29917390,0.31072864,0.31019041,0.30765210,0.30371233,0.29281018,0.27384017,0.25269104,0.23536259,0.22249656,0.21148267,0.20129090,0.19345134,0.18940728,0.18862595,0.18926463,0.18960353,0.18862602,0.18607680,0.18260212,0.17961481,0.17859711,0.18050496,0.18585520,0.19486504,0.20671558,0.21848522,0.22556992,0.22432174,0.21504439,0.20246290,0.19284302,0.19006139,0.19384389,0.20121698,0.20928898,0.21668008,0.22272584,0.22589903,0.22346170,0.21291061,0.19396218
0.04168462,0.04264348,0.04523358,0.04914099,0.05273123,0.05428313,0.05346427,0.05140250,0.04932818,0.04752953,0.04575009,0.04404492,0.04271099,0.04166054,0.04051301,0.03933611,0.03879057,0.03944056,0.04141579,0.04497697,0.05083538,0.05916572,0.06824555,0.07465985,0.07541533,0.07008386,0.06098905,0.05144588,0.04375722,0.03844548,0.03478938,0.03179475,0.02885423,0.02592491,0.02338432,0.02174988,0.02141786,0.02256496,0.02525523,0.02961811,0.03588494,0.04420111,0.05435154,0.06562713,0.07693644,0.08706397,0.09489720,0.09955045,0.10047087,0.09763422,0.09178691
0.04996946,0.05980857,0.07022982,0.07966669,0.08877449,0.09727646,0.10315717,0.10560184,0.10691847,0.11035285,0.11697479,0.12551717,0.13402236,0.14019340,0.14098504,0.13414524,0.12104592,0.10681754,0.09644416,0.09078606,0.08693308,0.08214308,0.07668864,0.07288877,0.07226506,0.07426884,0.07740577,0.08083488,0.08469810,0.08938127,0.09485479,0.10057020,0.10560967,0.10890171,0.10966974,0.10800916,0.10497585,0.10179697,0.09878292,0.09506740,0.08959842,0.08249128,0.07538017,0.07034286,0.06836454,0.06872771,0.06979061,0.07033977,0.07032026,0.07050564,0.07169527
0.15374218,0.15085489,0.14125484,0.12678621,0.11029922,0.09669712,0.09110174,0.09471672,0.10317029,0.10987157,0.11096218,0.10694204,0.10052960,0.09421163,0.08968858,0.08817798,0.09013840,0.09491025,0.10128887,0.10847440,0.11606333,0.12318178,0.12829980,0.13043524,0.13043199,0.13057639,0.13260886,0.13597742,0.13793131,0.13526901,0.12625277,0.11143822,0.09325034,0.07489263,0.05923982,0.04810999,0.04208159,0.04081183,0.04358484,0.04971321,0.05857447,0.06937541,0.08093671,0.09173785,0.10025490,0.10543789,0.10709676,0.10599124,0.10353825,0.10124390,0.10014643
0.05189138,0.05710677,0.05754082,0.05980965,0.06499691,0.06916590,0.07154181,0.07155766,0.06888601,0.06547882,0.06239805,0.05953120,0.05745067,0.05600751,0.05425544,0.05211177,0.04981696,0.04751169,0.04586203,0.04520858,0.04494879,0.04473142,0.04497987,0.04631083,0.04943490,0.05485430,0.06201299,0.06933975,0.07501956,0.07740577,0.07558066,0.07017431,0.06312726,0.05641194,0.05118081,0.04769184,0.04551195,0.04409873,0.04354785,0.04456731,0.04770737,0.05291914,0.05963333,0.06671635,0.07252951,0.07575217,0.07634992,0.07546494,0.07442732,0.07417200,0.07539710
0.07593853,0.08725909,0.09784507,0.10571700,0.11142710,0.11713789,0.12050632,0.11955457,0.11752172,0.11753284,0.11964399,0.12327072,0.12632226,0.12500434,0.11892401,0.11277198,0.11122157,0.11553941,0.12452782,0.13533894,0.14442945,0.14990182,0.15178077,0.14991259,0.14406632,0.13600064,0.12892387,0.12496098,0.12453085,0.12690083,0.12989523,0.13105045,0.13081469,0.13226858,0.13546945,0.13464590,0.12448973,0.10806100,0.09506687,0.09237070,0.09876194,0.10890642,0.11924301,0.12864701,0.13576874,0.13851375,0.13622571,0.13109193,0.12709130,0.12785160,0.13489134
0.16934502,0.16794887,0.16738319,0.16683855,0.16809584,0.17336268,0.18404965,0.20221627,0.22741307,0.25345740,0.27410569,0.28852852,0.29673103,0.29580144,0.28530063,0.27002137,0.25461400,0.24192015,0.23590011,0.23627586,0.23086775,0.20604289,0.16772083,0.14058262,0.14146030,0.16218207,0.18330086,0.19642778,0.20668973,0.21969395,0.23459421,0.24825253,0.25952287,0.26857428,0.27586039,0.28260942,0.28965111,0.29493480,0.29430300,0.28589684,0.27274955,0.26042771,0.25311575,0.25238669,0.25814770,0.26898050,0.28173434,0.29225359,0.29728923,0.29557883,0.28731310
0.29112923,0.34220116,0.34111952,0.34110615,0.34919033,0.35759872,0.36176611,0.35094053,0.33132776,0.31975024,0.31908440,0.32658766,0.33865360,0.34566591,0.34360191,0.33717149,0.32746206,0.31272317,0.29512599,0.27806844,0.26493405,0.25964575,0.26189292,0.26624293,0.26785417,0.26487175,0.25785303,0.25021698,0.24579485,0.24491993,0.24540113,0.24533873,0.24282232,0.23607221,0.22583263,0.21534696,0.20768053,0.20495654,0.20900802,0.21994796,0.23414875,0.24529772,0.24810944,0.24160396,0.22975984,0.21891973,0.21363144,0.21445108,0.21913166,0.22486462,0.22944732
0.15631275,0.15500448,0.14447374,0.12785959,0.11059387,0.09796876,0.09324463,0.09712838,0.10768344,0.12085684,0.13218568,0.13870553,0.14008977,0.13903156,0.14008969,0.14625141,0.15576180,0.16327005,0.16481117,0.16130493,0.15719249,0.15643167,0.15970997,0.16409436,0.16452994,0.15671546,0.14015985,0.11899874,0.09949217,0.08639098,0.08123056,0.08296911,0.08916237,0.09676719,0.10327008,0.10809783,0.11263754,0.11807104,0.12309881,0.12437642,0.11953116,0.10955199,0.09809026,0.08873440,0.08318821,0.08156877,0.08344706,0.08805506,0.09392778,0.09923451,0.10292545
0.16294177,0.15316564,0.14775549,0.14885308,0.15575892,0.16573118,0.17577711,0.18380205,0.18907187,0.19230729,0.19491638,0.19753138,0.19951463,0.20030223,0.20082392,0.20281533,0.20665593,0.21046741,0.21163499,0.20898780,0.20343643,0.19692823,0.19114271,0.18695222,0.18460268,0.18415108,0.18572591,0.18923424,0.19357676,0.19624629,0.19427607,0.18621106,0.17338372,0.15918528,0.14705618,0.13919488,0.13688915,0.14125277,0.15269639,0.16930215,0.18614230,0.19709376,0.19823456,0.19014864,0.17729531,0.16510075,0.15709602,0.15390556,0.15410655,0.15576075,0.15753587
0.14772227,0.16107165,0.17094976,0.18264748,0.19335016,0.19486586,0.18816392,0.18197490,0.17912904,0.17705938,0.17627734,0.17759937,0.17799992,0.17567593,0.17183451,0.16585536,0.15619362,0.14490449,0.13566120,0.13048248,0.13082156,0.13608506,0.14088214,0.14173483,0.14564462,0.16230471,0.18807683,0.20751777,0.21153549,0.20532647,0.19741504,0.18932073,0.17866885,0.16569902,0.15265062,0.14047502,0.12950303,0.12134756,0.11767354,0.11799330,0.12013720,0.12239220,0.12451565,0.12732743,0.13184888,0.13831044,0.14581164,0.15374106,0.16362870,0.17809197,0.19662895
0.21554482,0.19585468,0.18281053,0.18001201,0.18631634,0.19618093,0.20410063,0.20936093,0.21636595,0.22982014,0.24917804,0.26773094,0.27732369,0.27436559,0.26183489,0.24602702,0.23148704,0.21847610,0.20434647,0.18679015,0.16604372,0.14475886,0.12634531,0.11343046,0.10742951,0.10899038,0.11836885,0.13510549,0.15730696,0.18142535,0.20307296,0.21847071,0.22557203,0.22426335,0.21586749,0.20258824,0.18721309,0.17284908,0.16237150,0.15766993,0.15914675,0.16581312,0.17587575,0.18740474,0.19877769,0.20889147,0.21725861,0.22398609,0.22952463,0.23419925,0.23778680
0.17116561,0.13937944,0.11322200,0.10491659,0.11191734,0.12513464,0.14028646,0.15727855,0.17299360,0.18074826,0.17716261,0.16640882,0.15664480,0.15345056,0.15676939,0.16249319,0.16588058,0.16415503,0.15721412,0.14665864,0.13431106,0.12150144,0.10930161,0.09885440,0.09127209,0.08751903,0.08866830,0.09604121,0.11052972,0.13135795,0.15540910,0.17790490,0.19413073,0.20121551,0.19909143,0.19025675,0.17851659,0.16741874,0.15932720,0.15555388,0.15696685,0.16406054,0.17623572,0.19119904,0.20552172,0.21621151,0.22199623,0.22329289,0.22124788,0.21710126,0.21242061
0.15204057,0.14772556,0.13766200,0.12933521,0.12918376,0.13894809,0.15303970,0.16422911,0.17107362,0.17619659,0.18072684,0.18362503,0.18378864,0.18089363,0.17531909,0.16823858,0.16226718,0.16127405,0.16719045,0.17682892,0.18422971,0.18570530,0.17996077,0.16493216,0.13908467,0.10600957,0.07438479,0.05285568,0.04635175,0.05564299,0.07701167,0.10237026,0.12272687,0.13333377,0.13554890,0.13425856,0.13413472,0.13732692,0.14287338,0.14775838,0.14917414,0.14613671,0.13902768,0.12829472,0.11444155,0.09908419,0.08511515,0.07555425,0.07261095,0.07763714,0.09081726
0.29385347,0.28033680,0.26324010,0.24293348,0.22326572,0.20834427,0.20032694,0.19963081,0.20544062,0.21565068,0.22746175,0.23878543,0.24875853,0.25670357,0.26130223,0.26154829,0.25825857,0.25371836,0.24944044,0.24482784,0.23876143,0.23249963,0.23031468,0.23655364,0.25176276,0.27168353,0.29011044,0.30293529,0.30992632,0.31331641,0.31522417,0.31646142,0.31732382,0.31882144,0.32257668,0.32925766,0.33712425,0.34237434,0.34143759,0.33360517,0.32195012,0.31173989,0.30742976,0.31034601,0.31856373,0.32879740,0.33870034,0.34786745,0.35702438,0.36634332,0.37440434
0.06991353,0.07710657,0.08660019,0.09756753,0.10842326,0.11641791,0.11933455,0.11716505,0.11206320,0.10719031,0.10545924,0.10836211,0.11533749,0.12442880,0.13363997,0.14130073,0.14524736,0.14274448,0.13228000,0.11547868,0.09665438,0.08019211,0.06841349,0.06169796,0.05991316,0.06317744,0.07138704,0.08349445,0.09746120,0.11081761,0.12131861,0.12748363,0.12903755,0.12708679,0.12374407,0.12122996,0.12092938,0.12296310,0.12648065,0.13042509,0.13427073,0.13827421,0.14307767,0.14894499,0.15523051,0.16055802,0.16362096,0.16395350,0.16201423,0.15853672,0.15378431
0.11979514,0.12035300,0.11815134,0.11217585,0.10230892,0.09080687,0.08146259,0.07720057,0.07953748,0.08943164,0.10626398,0.12556448,0.13968994,0.14239072,0.13299181,0.11629220,0.09898940,0.08613629,0.07985873,0.08011120,0.08595894,0.09602146,0.10795339,0.11822123,0.12332315,0.12177735,0.11491361,0.10562420,0.09642280,0.08861060,0.08270883,0.07897926,0.07738825,0.07753970,0.07907415,0.08207981,0.08685181,0.09326060,0.10063306,0.10837774,0.11649437,0.12515189,0.13372881,0.14052842,0.14371708,0.14265104,0.13828830,0.13234054,0.12607511,0.11987067,0.11369631
0.08206619,0.07935139,0.07597072,0.07243384,0.07066025,0.07255581,0.07792396,0.08462282,0.09072220,0.09580235,0.10012293,0.10322752,0.10381812,0.10090455,0.09491037,0.08769436,0.08161939,0.07861591,0.07983623,0.08549308,0.09433610,0.10333455,0.10876577,0.10858060,0.10401600,0.09867003,0.09578127,0.09628865,0.09917669,0.10307557,0.10715867,0.11080908,0.11314912,0.11337484,0.11148713,0.10840047,0.10520613,0.10238967,0.09978729,0.09718096,0.09480389,0.09326803,0.09308499,0.09427454,0.09634654,0.09858048,0.10037566,0.10150581,0.10220162,0.10303037,0.10460555
0.15569702,0.16293711,0.16305689,0.15267551,0.13491594,0.11585809,0.10010834,0.08985394,0.08555911,0.08595317,0.08877840,0.09309778,0.10007508,0.11034070,0.12147700,0.12964701,0.13345795,0.13487056,0.13633207,0.13850363,0.14130175,0.14552824,0.15162618,0.15707973,0.15703033,0.14892351,0.13628539,0.12683823,0.12632566,0.13419621,0.14517141,0.15453508,0.16176111,0.16966501,0.18089958,0.19536278,0.21020647,0.22162349,0.22686261,0.22556171,0.21999114,0.21393321,0.21050802,0.21028690,0.21126110,0.21086197,0.20833488,0.20533742,0.20427162,0.20598621,0.20898416
0.18281325,0.20407752,0.21530499,0.21091320,0.19469189,0.17506648,0.15901942,0.14898256,0.14312167,0.13778670,0.13056892,0.12192130,0.11411279,0.10885693,0.10626710,0.10581605,0.10738944,0.11090442,0.11542327,0.11943609,0.12212760,0.12399878,0.12625664,0.13009193,0.13673073,0.14754600,0.16320473,0.18239795,0.20181220,0.21784203,0.22849295,0.23366563,0.23390544,0.22936408,0.22017585,0.20755703,0.19408912,0.18272997,0.17558795,0.17357678,0.17684207,0.18499111,0.19670340,0.20943980,0.22016479,0.22690981,0.22988677,0.23105615,0.23244731,0.23468502,0.23691274
0.12093708,0.12759112,0.13117042,0.13127844,0.12416311,0.10862204,0.09264794,0.08855163,0.10132890,0.12464284,0.14777997,0.16401225,0.17252759,0.17538661,0.17456373,0.17109502,0.16524445,0.15653120,0.14391795,0.12700825,0.10775425,0.09059850,0.07998866,0.07742451,0.08130803,0.08963443,0.10198101,0.11834372,0.13674080,0.15312102,0.16392734,0.16827293,0.16752899,0.16351498,0.15766740,0.15149471,0.14673684,0.14448861,0.14447068,0.14568266,0.14782146,0.15172431,0.15821567,0.16662740,0.17461751,0.17947658,0.17967050,0.17539871,0.16808189,0.15955405,0.15161442
0.22588250,0.22980270,0.22387839,0.21285923,0.20174038,0.19332051,0.18808038,0.18557157,0.18586253,0.18988331,0.19835229,0.21015433,0.22180936,0.22901090,0.22933493,0.22391205,0.21664002,0.21171641,0.21162254,0.21687319,0.22693666,0.24084621,0.25691694,0.27237237,0.28392326,0.28925806,0.28830638,0.28321369,0.27705250,0.27224317,0.26964283,0.26853074,0.26710970,0.26313297,0.25459117,0.24051684,0.22171550,0.20094902,0.18219785,0.16915004,0.16362173,0.16475604,0.16944727,0.17376196,0.17461180,0.17086437,0.16344878,0.15456872,0.14655725,0.14098553,0.13837588
0.29643656,0.28272578,0.28103774,0.28860221,0.29421925,0.28822600,0.26997255,0.24704202,0.22933977,0.22387369,0.23270863,0.25320118,0.27929201,0.30374219,0.32114015,0.33010275,0.33268991,0.33128854,0.32608122,0.31586554,0.30111300,0.28533289,0.27285099,0.26561169,0.26275739,0.26307682,0.26683933,0.27467735,0.28528811,0.29526655,0.30149572,0.30321170,0.30141527,0.29676954,0.28890899,0.27802629,0.26648718,0.25798748,0.25463461,0.25484088,0.25423128,0.24882251,0.23774682,0.22356351,0.21048470,0.20223502,0.20083527,0.20639944,0.21744945,0.23149082,0.24586531
0.28922748,0.28076578,0.27644542,0.28092135,0.29327025,0.30753052,0.31706420,0.31927394,0.31600792,0.31011720,0.30289453,0.29449386,0.28535816,0.27712171,0.27298634,0.27642494,0.28729861,0.29885364,0.30093857,0.28844125,0.26645259,0.24612311,0.23561379,0.23558555,0.24224719,0.25228820,0.26396001,0.27530581,0.28394017,0.28913263,0.29273448,0.29693081,0.30141890,0.30369894,0.30227463,0.29891011,0.29720223,0.29894921,0.30206433,0.30193574,0.29474813,0.27993526,0.26029933,0.24037321,0.22442442,0.21506652,0.21276401,0.21616298,0.22299187,0.23107041,0.23892440
0.07199707,0.08101816,0.09515289,0.10735447,0.11466110,0.11648841,0.11325047,0.10736628,0.09949138,0.09041928,0.08510059,0.08562251,0.08830564,0.09008996,0.09062784,0.09078958,0.09112452,0.09069319,0.08856279,0.08432041,0.07751081,0.06996281,0.06583851,0.06755701,0.07476233,0.08567620,0.09644104,0.10222191,0.10160049,0.09795814,0.09563908,0.09638245,0.09967434,0.10442177,0.10910615,0.11178548,0.11130356,0.10789390,0.10236040,0.09558456,0.08869542,0.08276813,0.07839655,0.07574555,0.07443557,0.07328803,0.07085417,0.06646846,0.06075584,0.05530579,0.05184516
0.15743128,0.15100026,0.15352537,0.16200197,0.17409882,0.18706669,0.19705699,0.20048582,0.19571810,0.18452950,0.17235849,0.16589016,0.16905246,0.18058077,0.19493491,0.20578320,0.20977338,0.20792072,0.20340326,0.19797474,0.19094991,0.18166936,0.17195931,0.16538364,0.16453030,0.16975243,0.18005811,0.19388803,0.20864896,0.22066987,0.22696680,0.22724894,0.22362052,0.21811699,0.21088261,0.20086715,0.18781473,0.17312179,0.15899496,0.14740355,0.14000896,0.13847210,0.14395205,0.15591705,0.17167560,0.18752617,0.20072571,0.21061632,0.21812934,0.22440405,0.22981512
0.14869132,0.14390095,0.13714081,0.13263789,0.13156878,0.13477235,0.14448684,0.16086644,0.17837161,0.18854413,0.18689531,0.17584478,0.16074795,0.14441325,0.12628550,0.10587305,0.08516515,0.06715718,0.05299356,0.04155545,0.03168361,0.02396490,0.02001837,0.02047810,0.02414813,0.02914645,0.03473464,0.04205752,0.05305939,0.06829782,0.08539987,0.09975409,0.10734386,0.10752921,0.10328577,0.09867347,0.09596493,0.09499961,0.09479521,0.09516117,0.09652735,0.09859854,0.09981246,0.09845213,0.09421271,0.08850844,0.08325629,0.07946337,0.07693842,0.07509609,0.07377351
0.05936359,0.06495746,0.07363936,0.08243443,0.08789918,0.08859337,0.08600331,0.08266325,0.07981835,0.07706505,0.07353929,0.06896615,0.06402184,0.06019230,0.05899912,0.06081060,0.06436371,0.06773827,0.06990309,0.07127818,0.07292852,0.07543530,0.07855741,0.08176511,0.08488785,0.08816238,0.09166512,0.09479843,0.09653409,0.09636219,0.09504198,0.09427420,0.09542623,0.09841136,0.10170092,0.10338806,0.10235597,0.09872070,0.09348867,0.08792270,0.08305731,0.07947203,0.07726538,0.07620752,0.07604188,0.07676912,0.07867454,0.08202983,0.08669781,0.09199131,0.09693683
0.12263636,0.12311643,0.11982834,0.11618877,0.11408927,0.11331549,0.11316044,0.11409606,0.11765594,0.12397793,0.12970521,0.13026581,0.12513864,0.11904189,0.11656249,0.11752161,0.11978205,0.12492687,0.13752945,0.15824429,0.18041522,0.19537752,0.20008480,0.19822205,0.19462096,0.19015982,0.18214369,0.16829755,0.14955746,0.12939247,0.11104670,0.09539551,0.08106212,0.06647360,0.05196807,0.04001717,0.03334720,0.03277044,0.03680543,0.04334713,0.05166430,0.06284518,0.07840121,0.09832640,0.12015436,0.13964066,0.15261024,0.15690153,0.15331546,0.14499110,0.13555708
0.08440437,0.08895067,0.08879328,0.08421912,0.07618108,0.06695262,0.05950902,0.05510047,0.05294027,0.05213489,0.05234127,0.05328342,0.05494503,0.05732832,0.05954873,0.06071666,0.06196375,0.06575121,0.07280161,0.08126635,0.08903382,0.09530735,0.09984901,0.10241952,0.10366360,0.10542243,0.10930022,0.11522941,0.12170370,0.12697275,0.12972275,0.12905968,0.12451063,0.11631451,0.10561912,0.09421290,0.08388937,0.07591586,0.07096565,0.06933787,0.07098821,0.07531946,0.08125507,0.08786473,0.09493473,0.10268761,0.11083185,0.11804311,0.12257294,0.12342405,0.12097609
0.13432972,0.12781368,0.11699544,0.10441974,0.09332138,0.08538212,0.07936910,0.07325167,0.06687132,0.06109803,0.05549252,0.04912929,0.04286899,0.03895388,0.03949706,0.04597765,0.05800659,0.07246602,0.08622927,0.09924839,0.11316216,0.12846301,0.14454032,0.16013676,0.17262884,0.17978033,0.18280046,0.18396656,0.18080985,0.16749862,0.14376523,0.11821631,0.10024406,0.09164214,0.08831066,0.08716319,0.08827467,0.09203379,0.09754778,0.10381982,0.11030901,0.11596471,0.11921553,0.11953953,0.11822205,0.11702519,0.11650312,0.11589082,0.11424298,0.11133229,0.10768086
0.11839435,0.12904031,0.13617403,0.14112586,0.14389843,0.14340856,0.14014338,0.13635743,0.13457745,0.13625789,0.14066491,0.14508606,0.14723708,0.14725311,0.14647313,0.14489666,0.14098261,0.13358468,0.12309466,0.11102332,0.09947018,0.09081257,0.08680127,0.08758607,0.09207028,0.09922110,0.10845115,0.11865076,0.12758018,0.13279112,0.13307519,0.12893328,0.12201467,0.11440181,0.10807747,0.10444444,0.10417895,0.10775532,0.11599271,0.12944172,0.14670585,0.16354854,0.17436734,0.17524300,0.16602028,0.14982333,0.13086835,0.11262140,0.09730711,0.08618434,0.07970716
0.24679118,0.26727002,0.28214964,0.28591963,0.27329299,0.24468836,0.21993707,0.22496790,0.25460115,0.27864902,0.28553616,0.28692667,0.28933340,0.28956754,0.28542984,0.27698142,0.26832502,0.26616770,0.26946513,0.27153518,0.27176348,0.27018012,0.25969033,0.24073371,0.23027081,0.24037258,0.26129194,0.27675418,0.28212896,0.27982339,0.27033867,0.25516095,0.23866383,0.22186476,0.20130381,0.17765591,0.15959273,0.15482254,0.16035473,0.16557667,0.16407381,0.15921527,0.15780342,0.16127157,0.16503503,0.16457748,0.15949461,0.15207718,0.14448027,0.13798386,0.13339758
0.13348918,0.12595297,0.11953024,0.11929179,0.12631138,0.13663721,0.14437641,0.14594179,0.14193564,0.13581107,0.13105765,0.12915289,0.12932569,0.12962653,0.12809966,0.12346480,0.11565523,0.10636444,0.09876508,0.09575078,0.09782508,0.10274477,0.10740910,0.11007114,0.11085968,0.11081139,0.11101737,0.11244467,0.11553347,0.11922180,0.12071691,0.11725503,0.10878327,0.09883360,0.09227153,0.09174563,0.09599792,0.10128953,0.10427195,0.10373988,0.10032200,0.09517106,0.08911947,0.08271248,0.07654586,0.07134512,0.06779335,0.06638881,0.06740625,0.07081922,0.07614964
0.19431579,0.20839043,0.22536179,0.24204996,0.25619302,0.26411968,0.26325010,0.25669091,0.25218130,0.25466103,0.26093134,0.26299398,0.25623235,0.24343677,0.23140743,0.22503082,0.22476369,0.22826414,0.23293118,0.23691299,0.23884155,0.23756298,0.23238663,0.22362437,0.21301967,0.20358536,0.19845275,0.19907888,0.20411452,0.21011303,0.21373855,0.21367930,0.21074297,0.20639167,0.20135350,0.19553189,0.18887183,0.18193238,0.17551187,0.16988022,0.16457010,0.15894000,0.15282267,0.14653589,0.14030812,0.13382667,0.12645102,0.11789953,0.10873565,0.10021499,0.09368704
0.05960871,0.06319307,0.07516630,0.09721911,0.12483896,0.14872877,0.16229566,0.16682607,0.16851051,0.17122618,0.17330528,0.17083905,0.16253841,0.15073143,0.13865046,0.12801721,0.11922170,0.11265559,0.10891546,0.10781448,0.10790924,0.10746186,0.10587916,0.10414168,0.10391277,0.10628019,0.11113955,0.11741016,0.12365039,0.12864645,0.13179464,0.13318749,0.13334059,0.13269489,0.13128175,0.12888269,0.12557586,0.12214011,0.11985064,0.11973566,0.12186599,0.12524034,0.12833452,0.12987845,0.12934299,0.12695538,0.12344543,0.11981543,0.11722553,0.11686363,0.11966380
0.06373884,0.06868554,0.08655202,0.10798970,0.12437549,0.13174313,0.13111745,0.12649159,0.12190329,0.11893279,0.11639318,0.11261147,0.10778602,0.10360697,0.10085499,0.09841083,0.09509699,0.09178264,0.09076169,0.09309748,0.09737490,0.10149206,0.10522015,0.11029376,0.11788318,0.12652222,0.13302328,0.13538435,0.13441558,0.13235166,0.13013787,0.12643557,0.11930334,0.10851860,0.09598946,0.08406490,0.07395585,0.06620004,0.06253236,0.06661334,0.08202470,0.10884566,0.14196369,0.17309192,0.19531152,0.20676368,0.21083384,0.21303828,0.21726452,0.22407780,0.23175235
0.12942814,0.10957540,0.09285236,0.08287667,0.07893959,0.07935414,0.08318333,0.08920361,0.09585468,0.10137309,0.10358097,0.10121249,0.09521200,0.08795333,0.08173390,0.07771421,0.07581763,0.07632692,0.08097327,0.09087760,0.10422322,0.11749250,0.12801898,0.13439746,0.13615698,0.13448116,0.13218071,0.13191771,0.13480659,0.14059436,0.14817621,0.15570711,0.16082608,0.16113537,0.15488145,0.14208417,0.12537470,0.10900713,0.09638387,0.08855750,0.08485578,0.08401717,0.08437864,0.08390787,0.08113246,0.07615655,0.07042942,0.06554989,0.06242913,0.06125916,0.06171908
0.10721273,0.12061060,0.13226661,0.14109779,0.14520956,0.14304986,0.13645119,0.12933647,0.12376844,0.11944667,0.11581662,0.11244402,0.10836471,0.10292504,0.09679307,0.09132491,0.08757870,0.08632875,0.08834547,0.09439995,0.10523493,0.12088043,0.13908093,0.15497022,0.16376292,0.16421730,0.15907013,0.15234109,0.14683883,0.14379646,0.14348032,0.14539211,0.14829598,0.15058440,0.15074001,0.14773326,0.14159009,0.13375148,0.12632194,0.12047051,0.11572231,0.11108605,0.10661391,0.10345922,0.10265428,0.10452307,0.10939796,0.11806467,0.13057602,0.14460415,0.15575140
0.14939448,0.14167380,0.13184027,0.12562611,0.12610608,0.13301013,0.14345097,0.15306763,0.15826005,0.15867355,0.15714811,0.15672081,0.15800000,0.15955479,0.16012397,0.15997623,0.16057682,0.16331888,0.16807997,0.17240476,0.17245598,0.16583569,0.15417102,0.14280267,0.13736870,0.14007538,0.14869220,0.15868019,0.16624975,0.16994213,0.17016926,0.16791103,0.16397595,0.15916383,0.15464196,0.15178724,0.15148124,0.15349715,0.15656363,0.15909340,0.16005514,0.15945141,0.15820621,0.15759892,0.15853362,0.16097189,0.16383077,0.16547293,0.16457411,0.16085752,0.15523206
0.14863904,0.15284366,0.15322588,0.14889873,0.14281648,0.13858460,0.13749952,0.13892840,0.14251361,0.14822598,0.15448871,0.15838115,0.15847909,0.15612863,0.15317998,0.14963905,0.14448231,0.13796070,0.13207715,0.12914993,0.13060122,0.13660282,0.14571323,0.15476686,0.16029999,0.16109753,0.15931165,0.15858774,0.16086723,0.16492714,0.16769784,0.16669466,0.16148738,0.15368464,0.14609157,0.14155473,0.14163698,0.14560281,0.15058572,0.15320120,0.15157737,0.14625193,0.13934847,0.13293606,0.12797309,0.12439332,0.12177979,0.11982262,0.11835150,0.11726935,0.11660937
0.13515586,0.15181536,0.17218685,0.19249817,0.20984570,0.22211794,0.22882479,0.23272359,0.23758209,0.24254926,0.24110432,0.22790569,0.20541184,0.18183589,0.16367758,0.15225319,0.14647329,0.14595398,0.15070850,0.16017513,0.17429662,0.19439964,0.22109005,0.25132694,0.27902377,0.29911057,0.31036259,0.31407296,0.31109050,0.30132219,0.28587473,0.26834333,0.25305511,0.24211104,0.23451221,0.22811177,0.22212890,0.21786161,0.21746317,0.22230848,0.23216741,0.24524249,0.25864701,0.26916751,0.27427532,0.27301026,0.26615937,0.25559124,0.24329582,0.23084407,0.21944680
0.07285455,0.06696748,0.06151757,0.05872725,0.06005156,0.06611303,0.07711122,0.09202530,0.10708096,0.11751392,0.12160772,0.12137354,0.12015931,0.12109665,0.12543991,0.13040208,0.13119129,0.12674882,0.12083827,0.11666649,0.11360256,0.11014623,0.10709015,0.10636458,0.10872709,0.11355879,0.11958914,0.12529589,0.12969336,0.13315584,0.13676181,0.14067228,0.14378083,0.14512687,0.14522615,0.14586709,0.14878963,0.15445910,0.16174614,0.16865157,0.17349957,0.17559896,0.17489545,0.17124372,0.16430883,0.15431632,0.14287934,0.13292927,0.12742047,0.12747115,0.13130968
0.12865134,0.13269891,0.13841799,0.14189013,0.14375958,0.14576957,0.14845547,0.15127526,0.15368064,0.15603045,0.15859741,0.15975398,0.15706042,0.15047032,0.14284720,0.13729311,0.13521507,0.13641501,0.13952441,0.14261004,0.14442363,0.14483933,0.14371364,0.14029249,0.13450577,0.12798780,0.12282766,0.11963813,0.11742402,0.11496446,0.11181771,0.10834709,0.10536794,0.10368408,0.10356403,0.10462666,0.10632142,0.10829754,0.11008350,0.11060196,0.10832973,0.10201649,0.09137793,0.07765302,0.06404808,0.05536372,0.05604391,0.06744817,0.08659396,0.10774354,0.12565772
0.14634830,0.15305830,0.16129033,0.17149446,0.18228394,0.19173233,0.20037802,0.20996828,0.21955977,0.22525618,0.22291135,0.20990614,0.18684381,0.15965378,0.13781772,0.12803117,0.13049229,0.14205393,0.16028378,0.18224639,0.20172783,0.21180658,0.21115620,0.20616836,0.20607196,0.21627214,0.23553628,0.25747995,0.27397996,0.27894403,0.27131848,0.25557358,0.23891565,0.22722635,0.22281807,0.22499420,0.23178942,0.24104990,0.25063777,0.25854620,0.26326118,0.26403446,0.26082789,0.25413373,0.24492513,0.23470080,0.22543439,0.21930386,0.21813571,0.22257956,0.23133617
0.08085426,0.08165003,0.09407497,0.11452917,0.13117156,0.13705568,0.13486228,0.12986150,0.12490465,0.12132239,0.11944095,0.11783619,0.11432508,0.10792053,0.09933543,0.09012930,0.08196424,0.07628902,0.07391412,0.07469965,0.07796989,0.08329124,0.09074578,0.10048266,0.11191999,0.12335827,0.13281050,0.13954673,0.14455721,0.14935690,0.15464891,0.15996897,0.16375614,0.16352432,0.15689085,0.14337132,0.12524838,0.10639881,0.09013885,0.07797432,0.06986760,0.06515712,0.06312834,0.06308489,0.06435481,0.06643249,0.06902247,0.07186924,0.07464182,0.07703114,0.07880811
0.22079068,0.21970846,0.22978279,0.24288066,0.25082496,0.25143329,0.24893806,0.24904327,0.25382085,0.26131986,0.26872124,0.27407226,0.27514584,0.26886093,0.25353952,0.23145945,0.20819046,0.18913121,0.17675283,0.17074257,0.17001203,0.17417999,0.18326479,0.19617934,0.20968103,0.21909188,0.22058354,0.21330540,0.19963556,0.18351650,0.16850521,0.15708668,0.15119940,0.15264252,0.16237148,0.17910972,0.19867779,0.21507273,0.22300984,0.22047208,0.20967399,0.19583570,0.18457607,0.17954933,0.18157379,0.18928541,0.20033205,0.21211163,0.22189454,0.22693869,0.22515023
0.14833218,0.15182829,0.14808607,0.14013506,0.13170656,0.12451687,0.11913760,0.11617925,0.11536172,0.11471714,0.11204502,0.10707170,0.10172274,0.09820653,0.09680249,0.09548862,0.09199586,0.08649671,0.08204958,0.08192259,0.08635219,0.09210163,0.09517810,0.09381592,0.08905775,0.08317669,0.07803597,0.07459024,0.07300197,0.07258156,0.07174261,0.06861068,0.06219412,0.05322522,0.04396742,0.03714087,0.03466396,0.03683086,0.04225925,0.04869562,0.05436519,0.05904039,0.06396921,0.07063294,0.07936749,0.08903952,0.09794209,0.10492455,0.10973686,0.11259973,0.11384020
0.14292701,0.14413770,0.14212415,0.14066445,0.14323594,0.15038615,0.16094714,0.17384637,0.18859198,0.20509062,0.22311355,0.24125164,0.25644178,0.26530833,0.26630423,0.26021034,0.24846173,0.23153127,0.20941041,0.18344540,0.15713673,0.13484801,0.11967197,0.11228339,0.11138556,0.11507936,0.12214046,0.13244721,0.14629634,0.16310955,0.18067571,0.19575799,0.20563627,0.20925408,0.20716370,0.20076036,0.19177680,0.18222000,0.17409504,0.16856453,0.16520732,0.16234331,0.15844989,0.15354140,0.14932272,0.14802307,0.15092856,0.15774692,0.16712967,0.17778966,0.18935862
0.29604310,0.29419787,0.27783016,0.25592227,0.23949884,0.23272353,0.23371735,0.24038754,0.25282319,0.27109603,0.29293785,0.31403871,0.32984238,0.33714093,0.33548628,0.32858895,0.32401403,0.32925022,0.34577939,0.36644243,0.37962866,0.37726184,0.35960262,0.33340937,0.30670563,0.28541217,0.27314237,0.27163469,0.28015595,0.29517087,0.31176350,0.32574217,0.33426593,0.33496196,0.32570309,0.30619105,0.27958959,0.25172027,0.22794274,0.21055164,0.19897586,0.19199254,0.18924640,0.19063352,0.19477446,0.19873681,0.19957850,0.19623777,0.19002038,0.18341823,0.17844211
0.21609783,0.22233997,0.21963255,0.21101434,0.19936300,0.18818828,0.18129402,0.17995643,0.18098121,0.17888511,0.17054103,0.15766700,0.14512570,0.13737526,0.13640138,0.14193835,0.15250600,0.16598168,0.17980013,0.19135176,0.19856296,0.20021275,0.19586104,0.18573272,0.17083756,0.15315400,0.13548211,0.12082497,0.11156181,0.10881469,0.11223253,0.12017488,0.13018901,0.13970499,0.14685726,0.15120113,0.15395793,0.15750681,0.16421571,0.17516232,0.18947586,0.20471735,0.21807417,0.22763236,0.23299776,0.23504758,0.23518792,0.23470691,0.23453475,0.23526329,0.23707670
0.14805899,0.12070716,0.09604190,0.07807283,0.07142006,0.08047973,0.10360524,0.13263738,0.16067555,0.18688256,0.21224220,0.23495049,0.25225576,0.26311129,0.26668764,0.26164693,0.24942615,0.23523825,0.22277909,0.21001006,0.19324555,0.17405121,0.15884794,0.15194575,0.15179696,0.15454201,0.15861362,0.16434284,0.17077303,0.17521160,0.17606817,0.17483246,0.17470614,0.17771677,0.18323261,0.18859973,0.19079118,0.18797793,0.18044553,0.17039624,0.16055078,0.15240595,0.14551830,0.13843093,0.13046286,0.12288062,0.11851951,0.12012127,0.12856160,0.14218593,0.15766542
0.25155096,0.25351377,0.25399846,0.25409647,0.25390797,0.25444800,0.25677576,0.25991173,0.26156782,0.26130132,0.26147650,0.26417542,0.26805839,0.26948874,0.26645618,0.26016290,0.25256664,0.24365294,0.23222256,0.21892728,0.20724894,0.20088246,0.20052016,0.20356131,0.20666477,0.20811793,0.20788045,0.20608473,0.20211496,0.19515902,0.18533804,0.17414145,0.16382193,0.15630748,0.15233332,0.15117466,0.15104271,0.14995982,0.14669251,0.14124988,0.13472758,0.12872016,0.12472131,0.12372662,0.12595654,0.13061276,0.13584299,0.13920892,0.13865791,0.13351764,0.12486991
0.05281411,0.05516121,0.05641276,0.05671775,0.05683035,0.05717530,0.05743135,0.05843891,0.06373074,0.07629050,0.09315839,0.10591431,0.10818618,0.10128140,0.09136985,0.08290324,0.07649004,0.07166764,0.06885588,0.06812073,0.06796165,0.06666228,0.06435853,0.06297727,0.06420596,0.06789838,0.07245530,0.07662585,0.08100470,0.08770385,0.09809940,0.11051794,0.12035982,0.12310055,0.11759123,0.10661211,0.09453203,0.08481136,0.07955459,0.08033588,0.08805768,0.10140899,0.11598016,0.12590479,0.12720096,0.12004199,0.10819908,0.09652101,0.08864764,0.08619994,0.08907029
