0.00035000,0.00034859,0.00034719,0.00034581,0.00034443,0.00034307,0.00034172,0.00034037,0.00033904,0.00033772,0.00033641,0.00033511,0.00033382,0.00033253,0.00033126,0.00033000,0.00032875,0.00032750,0.00032627,0.00032505,0.00032383,0.00032263,0.00032143,0.00032024,0.00031906,0.00031789,0.00031673,0.00031557,0.00031443,0.00031329,0.00031216,0.00031104,0.00030993,0.00030882,0.00030773,0.00030664,0.00030556,0.00030448,0.00030342,0.00030236,0.00030130,0.00030026,0.00029922,0.00029819,0.00029717,0.00029615,0.00029514,0.00029414,0.00029315,0.00029216,0.00029118,0.00029020,0.00028923,0.00028827,0.00028731,0.00028636,0.00028542,0.00028448,0.00028355,0.00028263,0.00028171,0.00028079,0.00027989,0.00027899,0.00027809,0.00027720,0.00027632,0.00027544,0.00027456,0.00027370,0.00027283,0.00027198,0.00027113,0.00027028,0.00026944,0.00026860,0.00026777,0.00026695,0.00026613,0.00026531,0.00026450,0.00026370,0.00026290,0.00026210,0.00026131,0.00026053,0.00025975,0.00025897,0.00025820,0.00025743,0.00025667,0.00025591,0.00025515,0.00025441,0.00025366,0.00025292,0.00025218,0.00025145,0.00025072,0.00025000
0.95209212,0.95077657,0.95121193,0.95314023,0.95615035,0.95979343,0.96366921,0.96746836,0.97097012,0.97400845,0.97642772,0.97804988,0.97866879,0.97807637,0.97611429,0.97273528,0.96805431,0.96237071,0.95614898,0.94995663,0.94436956,0.93986549,0.93673093,0.93500450,0.93447112,0.93470850,0.93517558,0.93532258,0.93469841,0.93303251,0.93027453,0.92658558,0.92228616,0.91777635,0.91344957,0.90962152,0.90649010,0.90413247,0.90253494,0.90164249,0.90141038,0.90184053,0.90299014,0.90494863,0.90778828,0.91150246,0.91595021,0.92082542,0.92566346,0.92988892,0.93289756,0.93415685,0.93330429,0.93022223,0.92507284,0.91828487,0.91049473,0.90245399,0.89492260,0.88856944,0.88389899,0.88121563,0.88062785,0.88208506,0.88543292,0.89047016,0.89699106,0.90480350,0.91372016,0.92352871,0.93395358,0.94462469,0.95506712,0.96472036,0.97298797,0.97930979,0.98324293,0.98453380,0.98316514,0.97936636,0.97358392,0.96641676,0.95852993,0.95056376,0.94305671,0.93639560,0.93080037,0.92634180,0.92298323,0.92063227,0.91918727,0.91856605,0.91870988,0.91956344,0.92103856,0.92297446,0.92510878,0.92707104,0.92840422,0.92861287
0.95950145,0.95543906,0.95315716,0.95262332,0.95342823,0.95493498,0.95646118,0.95745245,0.95760989,0.95694595,0.95576028,0.95454531,0.95384729,0.95411698,0.95558500,0.95818877,0.96156530,0.96510875,0.96807878,0.96973661,0.96948175,0.96696348,0.96214672,0.95532126,0.94705431,0.93809763,0.92926825,0.92132602,0.91486897,0.91026228,0.90760871,0.90676067,0.90736729,0.90894511,0.91095826,0.91289356,0.91431865,0.91491613,0.91449231,0.91296513,0.91033900,0.90667575,0.90206980,0.89663336,0.89049417,0.88380427,0.87675533,0.86959313,0.86262398,0.85620704,0.85073090,0.84657619,0.84407050,0.84344357,0.84479179,0.84805973,0.85304358,0.85941755,0.86677904,0.87470472,0.88280642,0.89077629,0.89841286,0.90562401,0.91240765,0.91881534,0.92490756,0.93071088,0.93618702,0.94122094,0.94563067,0.94919641,0.95170177,0.95297770,0.95293942,0.95160897,0.94911897,0.94569774,0.94163919,0.93726449,0.93288373,0.92876550,0.92511957,0.92209414,0.91978466,0.91824892,0.91752180,0.91762427,0.91856379,0.92032604,0.92286101,0.92606847,0.92978882,0.93380414,0.93785191,0.94165024,0.94492977,0.94746529,0.94909922,0.94975098
0.96614120,0.96812971,0.97103233,0.97470019,0.97882888,0.98301331,0.98680402,0.98975747,0.99147669,0.99164246,0.99003695,0.98656233,0.98125546,0.97429811,0.96601962,0.95688822,0.94748690,0.93847205,0.93051637,0.92424197,0.92015299,0.91857877,0.91963730,0.92322541,0.92903654,0.93660184,0.94534615,0.95464842,0.96389638,0.97252790,0.98005550,0.98607504,0.99026353,0.99237338,0.99223055,0.98974135,0.98490926,0.97785794,0.96885350,0.95831688,0.94681831,0.93504855,0.92376666,0.91372918,0.90561042,0.89992643,0.89697535,0.89680487,0.89921258,0.90377915,0.90992856,0.91700477,0.92435216,0.93138709,0.93765103,0.94283947,0.94680623,0.94954664,0.95116663,0.95184574,0.95180160,0.95126121,0.95044110,0.94953572,0.94871077,0.94809822,0.94778975,0.94782794,0.94819595,0.94880869,0.94950934,0.95007499,0.95023402,0.94969531,0.94818689,0.94549872,0.94152268,0.93628268,0.92994938,0.92283620,0.91537671,0.90808607,0.90151171,0.89617967,0.89254362,0.89094262,0.89157180,0.89446785,0.89950864,0.90642465,0.91481947,0.92419633,0.93398853,0.94359168,0.95239639,0.95981996,0.96533628,0.96850296,0.96898511,0.96657424
0.97167264,0.96840405,0.96661126,0.96628640,0.96704896,0.96823728,0.96904672,0.96868862,0.96654020,0.96225783,0.95583371,0.94758789,0.93810165,0.92810937,0.91837340,0.90956700,0.90218597,0.89650149,0.89255700,0.89020321,0.88915859,0.88907940,0.88962317,0.89049325,0.89145801,0.89234486,0.89301580,0.89333474,0.89313789,0.89221656,0.89031778,0.88716330,0.88248364,0.87606047,0.86776957,0.85761687,0.84576154,0.83252265,0.81836854,0.80389052,0.78976446,0.77670459,0.76541412,0.75653661,0.75061169,0.74803775,0.74904417,0.75367494,0.76178458,0.77304652,0.78697259,0.80294159,0.82023398,0.83806950,0.85564454,0.87216662,0.88688430,0.89911202,0.90825131,0.91381025,0.91542342,0.91287327,0.90611226,0.89528293,0.88073162,0.86301091,0.84286639,0.82120464,0.79904253,0.77744102,0.75743021,0.73993503,0.72571158,0.71530249,0.70901667,0.70693413,0.70893273,0.71473018,0.72393245,0.73607954,0.75068081,0.76723513,0.78523565,0.80416330,0.82347672,0.84260714,0.86096525,0.87796358,0.89305320,0.90576972,0.91578016,0.92292123,0.92721991,0.92889001,0.92830276,0.92593488,0.92230256,0.91789294,0.91310495,0.90820885
0.96529230,0.95777864,0.95018420,0.94318422,0.93736881,0.93314870,0.93068190,0.92984233,0.93024368,0.93131840,0.93243698,0.93304075,0.93275671,0.93146740,0.92931976,0.92667140,0.92398704,0.92170846,0.92012772,0.91929349,0.91897405,0.91868822,0.91779938,0.91565230,0.91172196,0.90574062,0.89777542,0.88824024,0.87784033,0.86746221,0.85803192,0.85037074,0.84507688,0.84245545,0.84250738,0.84497445,0.84942525,0.85535884,0.86230109,0.86987315,0.87782004,0.88599825,0.89433130,0.90274957,0.91113399,0.91928100,0.92690027,0.93364713,0.93918234,0.94324426,0.94571499,0.94666329,0.94635254,0.94521001,0.94376279,0.94255322,0.94205126,0.94258190,0.94428192,0.94709360,0.95079453,0.95505484,0.95950774,0.96381727,0.96772908,0.97109508,0.97386969,0.97608219,0.97779546,0.97906373,0.97990140,0.98027143,0.98009591,0.97928532,0.97777795,0.97557795,0.97278103,0.96957984,0.96624618,0.96309321,0.96042575,0.95848975,0.95743227,0.95728098,0.95794727,0.95925206,0.96096769,0.96286602,0.96476158,0.96654020,0.96816740,0.96967587,0.97113651,0.97262092,0.97416523,0.97574378,0.97725855,0.97854544,0.97939468,0.97957853
0.93781111,0.93583070,0.93408502,0.93306753,0.93298210,0.93370100,0.93480276,0.93568196,0.93570653,0.93438603,0.93151052,0.92722589,0.92202639,0.91666629,0.91201119,0.90886332,0.90779895,0.90905163,0.91246433,0.91751921,0.92343814,0.92933279,0.93437269,0.93793596,0.93971192,0.93973660,0.93835779,0.93614161,0.93374343,0.93177103,0.93066717,0.93063276,0.93160298,0.93327763,0.93519627,0.93684006,0.93773824,0.93755780,0.93616102,0.93362320,0.93021172,0.92633455,0.92247085,0.91909783,0.91662734,0.91536159,0.91547242,0.91700268,0.91988378,0.92396096,0.92901840,0.93479820,0.94101084,0.94733845,0.95343464,0.95892682,0.96342643,0.96655117,0.96795968,0.96739567,0.96473463,0.96002424,0.95350943,0.94563432,0.93701690,0.92839647,0.92055887,0.91424885,0.91008195,0.90846910,0.90956529,0.91324996,0.91914189,0.92664581,0.93502394,0.94348178,0.95125633,0.95769493,0.96231526,0.96484090,0.96521136,0.96356915,0.96022941,0.95563849,0.95032741,0.94486480,0.93981212,0.93568191,0.93289864,0.93176131,0.93240795,0.93478418,0.93862021,0.94342227,0.94848450,0.95292534,0.95574976,0.95593450,0.95252958,0.94476569
0.91376727,0.91117088,0.91196025,0.91620820,0.92345677,0.93281016,0.94309083,0.95303007,0.96145883,0.96746610,0.97049923,0.97039399,0.96733731,0.96177892,0.95431684,0.94558337,0.93615412,0.92649401,0.91694419,0.90774408,0.89907568,0.89111333,0.88406267,0.87817651,0.87374242,0.87104459,0.87030970,0.87165042,0.87502052,0.88019302,0.88676706,0.89420352,0.90188320,0.90917769,0.91552099,0.92047059,0.92374944,0.92526416,0.92509974,0.92349436,0.92080085,0.91744201,0.91386608,0.91050717,0.90775334,0.90592300,0.90524934,0.90587147,0.90783107,0.91107363,0.91545380,0.92074511,0.92665449,0.93284146,0.93894158,0.94459232,0.94945949,0.95326131,0.95578835,0.95691743,0.95661891,0.95495702,0.95208401,0.94822887,0.94368170,0.93877500,0.93386256,0.92929671,0.92540483,0.92246632,0.92069169,0.92020621,0.92104028,0.92312818,0.92631639,0.93038090,0.93505204,0.94004387,0.94508433,0.94994170,0.95444376,0.95848702,0.96203529,0.96510926,0.96776975,0.97009872,0.97218162,0.97409430,0.97589599,0.97762833,0.97931875,0.98098512,0.98263838,0.98428059,0.98589746,0.98744625,0.98884180,0.98994448,0.99055413,0.99041332
0.88524101,0.89181064,0.89783584,0.90271111,0.90591042,0.90709054,0.90615451,0.90326474,0.89880747,0.89332012,0.88739942,0.88160919,0.87640399,0.87207907,0.86875050,0.86636321,0.86471941,0.86351874,0.86240222,0.86099547,0.85895028,0.85598496,0.85192312,0.84672828,0.84052883,0.83362746,0.82648973,0.81970957,0.81395284,0.80988434,0.80808759,0.80898967,0.81280419,0.81950329,0.82882386,0.84030631,0.85335687,0.86732043,0.88154936,0.89545647,0.90854475,0.92041269,0.93074019,0.93926440,0.94575762,0.95001744,0.95187542,0.95122392,0.94805448,0.94249662,0.93484466,0.92556220,0.91525867,0.90463877,0.89443229,0.88531664,0.87784714,0.87240807,0.86919312,0.86821671,0.86935061,0.87237487,0.87702950,0.88305432,0.89020832,0.89826593,0.90699453,0.91612332,0.92531646,0.93416283,0.94219035,0.94890611,0.95385650,0.95669568,0.95724790,0.95554949,0.95185991,0.94663783,0.94048544,0.93407147,0.92804783,0.92297555,0.91927284,0.91719199,0.91682492,0.91813077,0.92097472,0.92516592,0.93048444,0.93669137,0.94352279,0.95067368,0.95778213,0.96442481,0.97013172,0.97442268,0.97686136,0.97711701,0.97502036,0.97059979
0.97149896,0.97304681,0.97251815,0.97029801,0.96689696,0.96289262,0.95885481,0.95526419,0.95243812,0.95047947,0.94926138,0.94845464,0.94759454,0.94617517,0.94375260,0.94003654,0.93495269,0.92866395,0.92154661,0.91412724,0.90699361,0.90069923,0.89568185,0.89221225,0.89038101,0.89012110,0.89125514,0.89355166,0.89677437,0.90071225,0.90518482,0.91002414,0.91504201,0.91999587,0.92456810,0.92837085,0.93098178,0.93200737,0.93116229,0.92834755,0.92370887,0.91765978,0.91086043,0.90415182,0.89845404,0.89464470,0.89343802,0.89528534,0.90031323,0.90830817,0.91874759,0.93086896,0.94376264,0.95647214,0.96808602,0.97781018,0.98501453,0.98925443,0.99027238,0.98798818,0.98248581,0.97400273,0.96292335,0.94977418,0.93521533,0.92002182,0.90504960,0.89118425,0.87927463,0.87005837,0.86408956,0.86168040,0.86286717,0.86740750,0.87481020,0.88439335,0.89536164,0.90689070,0.91820589,0.92864452,0.93769428,0.94500560,0.95038036,0.95374389,0.95510913,0.95454219,0.95213642,0.94799851,0.94224673,0.93501770,0.92647656,0.91682481,0.90630124,0.89517349,0.88372068,0.87220983,0.86087127,0.84987870,0.83933878,0.82929285
0.83531593,0.84957785,0.86403308,0.87803673,0.89093103,0.90206633,0.91082554,0.91665801,0.91912530,0.91795564,0.91309824,0.90476512,0.89344802,0.87990128,0.86508825,0.85009576,0.83602789,0.82389473,0.81451373,0.80843943,0.80593230,0.80696997,0.81129553,0.81849001,0.82805222,0.83946854,0.85225976,0.86599839,0.88029845,0.89478604,0.90906397,0.92268429,0.93514031,0.94588397,0.95436806,0.96010577,0.96273570,0.96207844,0.95817250,0.95128176,0.94187264,0.93056550,0.91806983,0.90511514,0.89238946,0.88049444,0.86992158,0.86104882,0.85415256,0.84942687,0.84700149,0.84695186,0.84929796,0.85399312,0.86090745,0.86981259,0.88037473,0.89216080,0.90465968,0.91731704,0.92957877,0.94093606,0.95096469,0.95935221,0.96590940,0.97056599,0.97335370,0.97438196,0.97381214,0.97183551,0.96865832,0.96449493,0.95956746,0.95410883,0.94836470,0.94259085,0.93704383,0.93196545,0.92756385,0.92399537,0.92135138,0.91965333,0.91885702,0.91886557,0.91954814,0.92076083,0.92236519,0.92424088,0.92629040,0.92843610,0.93061183,0.93275264,0.93478644,0.93662988,0.93818964,0.93936804,0.94007094,0.94021471,0.93972977,0.93855881
0.81514880,0.81905897,0.82758685,0.84033232,0.85656130,0.87523078,0.89504252,0.91453363,0.93220449,0.94667338,0.95683583,0.96200102,0.96197810,0.95709440,0.94814004,0.93624791,0.92273000,0.90889945,0.89591002,0.88464102,0.87564584,0.86916721,0.86520710,0.86362692,0.86424814,0.86692627,0.87158038,0.87817375,0.88665451,0.89687625,0.90852418,0.92107181,0.93378599,0.94578616,0.95614944,0.96404124,0.96884390,0.97025567,0.96833904,0.96350850,0.95646114,0.94806546,0.93923192,0.93079163,0.92340575,0.91751988,0.91336580,0.91100196,0.91037512,0.91138288,0.91391835,0.91788560,0.92318384,0.92966811,0.93710173,0.94511871,0.95321257,0.96076101,0.96708726,0.97154853,0.97363501,0.97305886,0.96981403,0.96419328,0.95675777,0.94826445,0.93956527,0.93149749,0.92478475,0.91996526,0.91735586,0.91705260,0.91896074,0.92284168,0.92836253,0.93513623,0.94274504,0.95074724,0.95867297,0.96601959,0.97225691,0.97685018,0.97930295,0.97921567,0.97635019,0.97068696,0.96246098,0.95216567,0.94051968,0.92839905,0.91674482,0.90646108,0.89832008,0.89288891,0.89048680,0.89117522,0.89477639,0.90091085,0.90904236,0.91851991
0.96842709,0.95973188,0.95088809,0.94238711,0.93469267,0.92823707,0.92339186,0.92041870,0.91941578,0.92027910,0.92269556,0.92617653,0.93012874,0.93394895,0.93712163,0.93929760,0.94033597,0.94030049,0.93941272,0.93797502,0.93628406,0.93455735,0.93289071,0.93125534,0.92953114,0.92756356,0.92522524,0.92246404,0.91932420,0.91593562,0.91247596,0.90911826,0.90598158,0.90310168,0.90043345,0.89788692,0.89538825,0.89294821,0.89071689,0.88900541,0.88826273,0.88900694,0.89172161,0.89673775,0.90412706,0.91363145,0.92464786,0.93627572,0.94742173,0.95694426,0.96381179,0.96724716,0.96683323,0.96256393,0.95483569,0.94438568,0.93219200,0.91935571,0.90698467,0.89609461,0.88753566,0.88194481,0.87971888,0.88099951,0.88566318,0.89331262,0.90327206,0.91459329,0.92608272,0.93635873,0.94394508,0.94739847,0.94546052,0.93721606,0.92223496,0.90067371,0.87331750,0.84155169,0.80726261,0.77267848,0.74016990,0.71203463,0.69029223,0.67651077,0.67168143,0.67614880,0.68959646,0.71108149,0.73910836,0.77173241,0.80668522,0.84151619,0.87374609,0.90102785,0.92130785,0.93297864,0.93501115,0.92705321,0.90948089,0.88339163
0.96116592,0.96153196,0.96322555,0.96643699,0.97100492,0.97641335,0.98186288,0.98640595,0.98911985,0.98928093,0.98650210,0.98080378,0.97260438,0.96263541,0.95180308,0.94102838,0.93110051,0.92257250,0.91571715,0.91054664,0.90688478,0.90446930,0.90305616,0.90249939,0.90278793,0.90403360,0.90641702,0.91010849,0.91518633,0.92157441,0.92901472,0.93708184,0.94523565,0.95289966,0.95954683,0.96477421,0.96835114,0.97023311,0.97054195,0.96952030,0.96747369,0.96471436,0.96151902,0.95810743,0.95464245,0.95124656,0.94802594,0.94509207,0.94257300,0.94060985,0.93933921,0.93886657,0.93923859,0.94042259,0.94230011,0.94467705,0.94730939,0.94993858,0.95232934,0.95430152,0.95574982,0.95664828,0.95703999,0.95701616,0.95669071,0.95617714,0.95557304,0.95495486,0.95438222,0.95390833,0.95359139,0.95350193,0.95372257,0.95433896,0.95542366,0.95701669,0.95910817,0.96162810,0.96444699,0.96738804,0.97024901,0.97282880,0.97495326,0.97649453,0.97738041,0.97759250,0.97715495,0.97611749,0.97453813,0.97247010,0.96995671,0.96703481,0.96374483,0.96014319,0.95631163,0.95235885,0.94841165,0.94459589,0.94101064,0.93770078
0.91316083,0.92248147,0.92893510,0.93231629,0.93246462,0.92932098,0.92299369,0.91381575,0.90237502,0.88950556,0.87623596,0.86370003,0.85302241,0.84519666,0.84097405,0.84077944,0.84466521,0.85230772,0.86304460,0.87594582,0.88990869,0.90376549,0.91639266,0.92681133,0.93427047,0.93830600,0.93877193,0.93584213,0.92998431,0.92190947,0.91250211,0.90273754,0.89359388,0.88596737,0.88059884,0.87801846,0.87851273,0.88211497,0.88861737,0.89760058,0.90847549,0.92053175,0.93298824,0.94504166,0.95591149,0.96488083,0.97133378,0.97478988,0.97493559,0.97165091,0.96502815,0.95537895,0.94322585,0.92927576,0.91437535,0.89945047,0.88543505,0.87319692,0.86346912,0.85679471,0.85349143,0.85363907,0.85708942,0.86349523,0.87235250,0.88304942,0.89491540,0.90726543,0.91943657,0.93081642,0.94086486,0.94913160,0.95527194,0.95906192,0.96041224,0.95937883,0.95616657,0.95112281,0.94471810,0.93751350,0.93011604,0.92312639,0.91708481,0.91242213,0.90942260,0.90820329,0.90871265,0.91074746,0.91398483,0.91802401,0.92243174,0.92678516,0.93070713,0.93389087,0.93611270,0.93723406,0.93719526,0.93600432,0.93372370,0.93045658
0.92591760,0.93505648,0.94525185,0.95595810,0.96648584,0.97605703,0.98388236,0.98925241,0.99163062,0.99073396,0.98658822,0.97954741,0.97027248,0.95967041,0.94880109,0.93876358,0.93057630,0.92506559,0.92277595,0.92391233,0.92832093,0.93551009,0.94470778,0.95494754,0.96517116,0.97433521,0.98150947,0.98595748,0.98719339,0.98501266,0.97949718,0.97099817,0.96010115,0.94757806,0.93433077,0.92132937,0.90954729,0.89989494,0.89315351,0.88991168,0.89050907,0.89499201,0.90308728,0.91419958,0.92743678,0.94166426,0.95558626,0.96784823,0.97715109,0.98236590,0.98263710,0.97746342,0.96674822,0.95081450,0.93038414,0.90652454,0.88056926,0.85402099,0.82844596,0.80536810,0.78617004,0.77200632,0.76373238,0.76185220,0.76648630,0.77736201,0.79382684,0.81488598,0.83926294,0.86548120,0.89196229,0.91713390,0.93953978,0.95794234,0.97140889,0.97937355,0.98166922,0.97852685,0.97054309,0.95862031,0.94388590,0.92759896,0.91105293,0.89548190,0.88197748,0.87142101,0.86443475,0.86135359,0.86221798,0.86678708,0.87457101,0.88487963,0.89688445,0.90968897,0.92240102,0.93420010,0.94439293,0.95245132,0.95802919,0.96095807
0.90615945,0.90428047,0.90415220,0.90601827,0.90980600,0.91507128,0.92100517,0.92651409,0.93036952,0.93140523,0.92872689,0.92189301,0.91103028,0.89685933,0.88062444,0.86393917,0.84857463,0.83622636,0.82829737,0.82573032,0.82891069,0.83764919,0.85123665,0.86855385,0.88821211,0.90870006,0.92851709,0.94628125,0.96080797,0.97116252,0.97669307,0.97705162,0.97220746,0.96245368,0.94840326,0.93096841,0.91131713,0.89080330,0.87087171,0.85294433,0.83829963,0.82795932,0.82259780,0.82248675,0.82748224,0.83705532,0.85036050,0.86633110,0.88378807,0.90154805,0.91851893,0.93377465,0.94660511,0.95654145,0.96335954,0.96706635,0.96787364,0.96616299,0.96244454,0.95731158,0.95139238,0.94530143,0.93959296,0.93472052,0.93100684,0.92862803,0.92761473,0.92787072,0.92920627,0.93138099,0.93414860,0.93729590,0.94066915,0.94418351,0.94781487,0.95157629,0.95548486,0.95952622,0.96362458,0.96762469,0.97128967,0.97431516,0.97635721,0.97706875,0.97613873,0.97332833,0.96849978,0.96163573,0.95284860,0.94238116,0.93059992,0.91798299,0.90510293,0.89260404,0.88117267,0.87149881,0.86422815,0.85990544,0.85891261,0.86140771
0.91554323,0.91177241,0.90752600,0.90315359,0.89869451,0.89383665,0.88797195,0.88034255,0.87024840,0.85727031,0.84145524,0.82341728,0.80432547,0.78577502,0.76956394,0.75741676,0.75070699,0.75022950,0.75606328,0.76754763,0.78337313,0.80176778,0.82074194,0.83834751,0.85290779,0.86318448,0.86846440,0.86856542,0.86377615,0.85475312,0.84240193,0.82776537,0.81193413,0.79598561,0.78094742,0.76777547,0.75733408,0.75036748,0.74745737,0.74896870,0.75499238,0.76529859,0.77931477,0.79613982,0.81459981,0.83334295,0.85096439,0.86614509,0.87778670,0.88512378,0.88779894,0.88589173,0.87989948,0.87067511,0.85933222,0.84713090,0.83535850,0.82521817,0.81773522,0.81368797,0.81356576,0.81755368,0.82554107,0.83714953,0.85177603,0.86864671,0.88687754,0.90553810,0.92371452,0.94056798,0.95538528,0.96761851,0.97691180,0.98311377,0.98627518,0.98663233,0.98457793,0.98062220,0.97534771,0.96936179,0.96325001,0.95753394,0.95263596,0.94885334,0.94634373,0.94512309,0.94507632,0.94597980,0.94753365,0.94940053,0.95124697,0.95278250,0.95379163,0.95415443,0.95385271,0.95296081,0.95162234,0.95001639,0.94831821,0.94666021
0.94717210,0.93933255,0.93218025,0.92625355,0.92179400,0.91876028,0.91689687,0.91583847,0.91522285,0.91478302,0.91439541,0.91407393,0.91391456,0.91400932,0.91435605,0.91479137,0.91496821,0.91438840,0.91248764,0.90875701,0.90287517,0.89482088,0.88493811,0.87393568,0.86281734,0.85275330,0.84491648,0.84031344,0.83964041,0.84318861,0.85081297,0.86196554,0.87578257,0.89120548,0.90711136,0.92243012,0.93623173,0.94777605,0.95652712,0.96214153,0.96444437,0.96340621,0.95913030,0.95185330,0.94195594,0.92997488,0.91660458,0.90267959,0.88913139,0.87692061,0.86695179,0.85998328,0.85654717,0.85689368,0.86096979,0.86843563,0.87871466,0.89106773,0.90467720,0.91872708,0.93246713,0.94525443,0.95657083,0.96602111,0.97331980,0.97827615,0.98078509,0.98082798,0.97848242,0.97393630,0.96749860,0.95959968,0.95077558,0.94163457,0.93280846,0.92489566,0.91840548,0.91371378,0.91103798,0.91043497,0.91182013,0.91500120,0.91971762,0.92567591,0.93257340,0.94010683,0.94796653,0.95582191,0.96330665,0.97001296,0.97550250,0.97933639,0.98112153,0.98056447,0.97752117,0.97203034,0.96432098,0.95479011,0.94395244,0.93237021
0.98701249,0.99042444,0.99122199,0.98934815,0.98478348,0.97754328,0.96768946,0.95535583,0.94078199,0.92434768,0.90659813,0.88825065,0.87017547,0.85334791,0.83877462,0.82740185,0.82001778,0.81716275,0.81906093,0.82558432,0.83625569,0.85029097,0.86667580,0.88426498,0.90189075,0.91846488,0.93306220,0.94497778,0.95375507,0.95918754,0.96129989,0.96031674,0.95662648,0.95074642,0.94329172,0.93494778,0.92644254,0.91851466,0.91187416,0.90715485,0.90486105,0.90531474,0.90861122,0.91459214,0.92284330,0.93272158,0.94341036,0.95399807,0.96357010,0.97130169,0.97653920,0.97885933,0.97809956,0.97435790,0.96796498,0.95943514,0.94940590,0.93857544,0.92764598,0.91727841,0.90805973,0.90048187,0.89492852,0.89166616,0.89083636,0.89244842,0.89637347,0.90234307,0.90995609,0.91869710,0.92796811,0.93713238,0.94556683,0.95271689,0.95814668,0.96157738,0.96290831,0.96221819,0.95974680,0.95586107,0.95101155,0.94568588,0.94036591,0.93549252,0.93144048,0.92850309,0.92688474,0.92669884,0.92796853,0.93062862,0.93452870,0.93943848,0.94505751,0.95103123,0.95697404,0.96249826,0.96724578,0.97091784,0.97329779,0.97426245
0.92974097,0.92826478,0.92733219,0.92655918,0.92566732,0.92454442,0.92324949,0.92197172,0.92096357,0.92047104,0.92068059,0.92169401,0.92353216,0.92615947,0.92951579,0.93354077,0.93817930,0.94336372,0.94897691,0.95480833,0.96051945,0.96563416,0.96956395,0.97166878,0.97134546,0.96812782,0.96177979,0.95236264,0.94026196,0.92616742,0.91100727,0.89584822,0.88177789,0.86978896,0.86068206,0.85499860,0.85298778,0.85460495,0.85953424,0.86722626,0.87694237,0.88779995,0.89881725,0.90895997,0.91719413,0.92254956,0.92419489,0.92152033,0.91421880,0.90235247,0.88639025,0.86720418,0.84601773,0.82430681,0.80366260,0.78563305,0.77156450,0.76246614,0.75891612,0.76102126,0.76843308,0.78041342,0.79593577,0.81380407,0.83277051,0.85163685,0.86932991,0.88494880,0.89778789,0.90734376,0.91331560,0.91560634,0.91432757,0.90980572,0.90258286,0.89340292,0.88317519,0.87291076,0.86363345,0.85627393,0.85156134,0.84993009,0.85145931,0.85585801,0.86250160,0.87051599,0.87889695,0.88664547,0.89289740,0.89702696,0.89870926,0.89793456,0.89497666,0.89032537,0.88459925,0.87845654,0.87251975,0.86732373,0.86328931,0.86071766
0.98602043,0.98043868,0.97327135,0.96481486,0.95547353,0.94577250,0.93633850,0.92784974,0.92096437,0.91624176,0.91407158,0.91462239,0.91781612,0.92332906,0.93061571,0.93894909,0.94747035,0.95524209,0.96130221,0.96471909,0.96465087,0.96041159,0.95154353,0.93788986,0.91965724,0.89745482,0.87229733,0.84556357,0.81890757,0.79412744,0.77300411,0.75712892,0.74774257,0.74560777,0.75093299,0.76335610,0.78198684,0.80549770,0.83224730,0.86041764,0.88814860,0.91365709,0.93533427,0.95182040,0.96206147,0.96535391,0.96138251,0.95025268,0.93251311,0.90916034,0.88161438,0.85165610,0.82132127,0.79275360,0.76802734,0.74895793,0.73692408,0.73272606,0.73650122,0.74770966,0.76519267,0.78729504,0.81203342,0.83728693,0.86098515,0.88127167,0.89662804,0.90595160,0.90858929,0.90433643,0.89341263,0.87642658,0.85433782,0.82841728,0.80020326,0.77144545,0.74402882,0.71987233,0.70080275,0.68841097,0.68390489,0.68797777,0.70071219,0.72153731,0.74925027,0.78210357,0.81794980,0.85442643,0.88915760,0.91994852,0.94495043,0.96278061,0.97258961,0.97407635,0.96745921,0.95341570,0.93300479,0.90758351,0.87872468,0.84813694
0.96496542,0.96803408,0.97133275,0.97446682,0.97717025,0.97932744,0.98094741,0.98210867,0.98289815,0.98336564,0.98350699,0.98327881,0.98263673,0.98158234,0.98020114,0.97867668,0.97727274,0.97628511,0.97597388,0.97649360,0.97784014,0.97982922,0.98211370,0.98423716,0.98571299,0.98611247,0.98514385,0.98270661,0.97891050,0.97405741,0.96859156,0.96303027,0.95789050,0.95362518,0.95057901,0.94896756,0.94887729,0.95028002,0.95305332,0.95699904,0.96185518,0.96730076,0.97295712,0.97839257,0.98313712,0.98671229,0.98867650,0.98868158,0.98653165,0.98223288,0.97602239,0.96836731,0.95992982,0.95150026,0.94390678,0.93791458,0.93413016,0.93292490,0.93438876,0.93831964,0.94424773,0.95148908,0.95921837,0.96654987,0.97261569,0.97663369,0.97796084,0.97613120,0.97088049,0.96216005,0.95014242,0.93521977,0.91799396,0.89925563,0.87994894,0.86111930,0.84384417,0.82915038,0.81792544,0.81083316,0.80824484,0.81019650,0.81637957,0.82616824,0.83868158,0.85287317,0.86763725,0.88191759,0.89480601,0.90561911,0.91394613,0.91966466,0.92292543,0.92411053,0.92377188,0.92255789,0.92113613,0.92011851,0.91999379,0.92107115
0.89128032,0.88598462,0.88431174,0.88664557,0.89281070,0.90210255,0.91341490,0.92544200,0.93691424,0.94681753,0.95454927,0.95997936,0.96340763,0.96543400,0.96677678,0.96808413,0.96978203,0.97199087,0.97452501,0.97696957,0.97881061,0.97958306,0.97899800,0.97701807,0.97386473,0.96995963,0.96581927,0.96193258,0.95865378,0.95613703,0.95432703,0.95300521,0.95187677,0.95067389,0.94924702,0.94761958,0.94599180,0.94469239,0.94409053,0.94449046,0.94603507,0.94864225,0.95198963,0.95555128,0.95867835,0.96070545,0.96105993,0.95935127,0.95542387,0.94936534,0.94147312,0.93219096,0.92203227,0.91150799,0.90107316,0.89109927,0.88187219,0.87360831,0.86647784,0.86062340,0.85616480,0.85318642,0.85170985,0.85166012,0.85283736,0.85490502,0.85740279,0.85978626,0.86148876,0.86199568,0.86091800,0.85805158,0.85341141,0.84723444,0.83995144,0.83213369,0.82442524,0.81747268,0.81186323,0.80807837,0.80646536,0.80722552,0.81041472,0.81595091,0.82362382,0.83310388,0.84395041,0.85562197,0.86749352,0.87888521,0.88910470,0.89750152,0.90352700,0.90679105,0.90710581,0.90450810,0.89925551,0.89179561,0.88271213,0.87265608
0.91070987,0.88766480,0.86428058,0.84218413,0.82280001,0.80728084,0.79647207,0.79090252,0.79079046,0.79605668,0.80633882,0.82100563,0.83917378,0.85973302,0.88138662,0.90271276,0.92224872,0.93859520,0.95053223,0.95713481,0.95787358,0.95268609,0.94200607,0.92674218,0.90820402,0.88798028,0.86778157,0.84926669,0.83387379,0.82267810,0.81629366,0.81483119,0.81791607,0.82476316,0.83429704,0.84530039,0.85656923,0.86705380,0.87596714,0.88284973,0.88758609,0.89037645,0.89167245,0.89208971,0.89231125,0.89299523,0.89469740,0.89781435,0.90254956,0.90890031,0.91666204,0.92544629,0.93470940,0.94379059,0.95195873,0.95846773,0.96261935,0.96383103,0.96170391,0.95608374,0.94710612,0.93521684,0.92116077,0.90593585,0.89071418,0.87673716,0.86519599,0.85711175,0.85322998,0.85394320,0.85925115,0.86876274,0.88173817,0.89716404,0.91385090,0.93054096,0.94601453,0.95918524,0.96917710,0.97537932,0.97747789,0.97546473,0.96962706,0.96051949,0.94892127,0.93578053,0.92214752,0.90909972,0.89766290,0.88873371,0.88301041,0.88093828,0.88267550,0.88808325,0.89674091,0.90798407,0.92096030,0.93469536,0.94816266,0.96034913
0.93932716,0.93970243,0.94095609,0.94312207,0.94596851,0.94903743,0.95172834,0.95341225,0.95355504,0.95182565,0.94816689,0.94281449,0.93626118,0.92917441,0.92228543,0.91627204,0.91165759,0.90874410,0.90759016,0.90803416,0.90975438,0.91234917,0.91541756,0.91862185,0.92171994,0.92456404,0.92707139,0.92917959,0.93080257,0.93180252,0.93198816,0.93114303,0.92907833,0.92569834,0.92106146,0.91542014,0.90922667,0.90309918,0.89775066,0.89389211,0.89212650,0.89285270,0.89619659,0.90198122,0.90974043,0.91877203,0.92821995,0.93717069,0.94474861,0.95019680,0.95293521,0.95259299,0.94901744,0.94226545,0.93258469,0.92039060,0.90624266,0.89081986,0.87489295,0.85928974,0.84485052,0.83237310,0.82255045,0.81590729,0.81274526,0.81310647,0.81676423,0.82324525,0.83188233,0.84189082,0.85245782,0.86283091,0.87239367,0.88071780,0.88758618,0.89298630,0.89707880,0.90014964,0.90255613,0.90467611,0.90686626,0.90943176,0.91260575,0.91653528,0.92127012,0.92675237,0.93280753,0.93913976,0.94533682,0.95089007,0.95523382,0.95780437,0.95811369,0.95582779,0.95083571,0.94329480,0.93364057,0.92255474,0.91089261,0.89957784
0.91654817,0.93250124,0.94737670,0.96041345,0.97071798,0.97741806,0.97985595,0.97777358,0.97144023,0.96168510,0.94981894,0.93745605,0.92627158,0.91774351,0.91293156,0.91233493,0.91585310,0.92285114,0.93230904,0.94301897,0.95378670,0.96359656,0.97171164,0.97769859,0.98138553,0.98277617,0.98195133,0.97898814,0.97391888,0.96673812,0.95745235,0.94615405,0.93309576,0.91873965,0.90376502,0.88902674,0.87547050,0.86402109,0.85546637,0.85036055,0.84896509,0.85123686,0.85686185,0.86532343,0.87598743,0.88818482,0.90127571,0.91468485,0.92790718,0.94048965,0.95200156,0.96200743,0.97005488,0.97568467,0.97846325,0.97803140,0.97415829,0.96678850,0.95607152,0.94236695,0.92622437,0.90834178,0.88951096,0.87055964,0.85229986,0.83548818,0.82079975,0.80881350,0.80000359,0.79473166,0.79323555,0.79561326,0.80180380,0.81156950,0.82448667,0.83995125,0.85720447,0.87537919,0.89356304,0.91086981,0.92650874,0.93984109,0.95041664,0.95798624,0.96249157,0.96403698,0.96285112,0.95924739,0.95359088,0.94627631,0.93771736,0.92834355,0.91859829,0.90893144,0.89978167,0.89154736,0.88454884,0.87898833,0.87491610,0.87221159
0.95921398,0.96163504,0.96368319,0.96554800,0.96708595,0.96788002,0.96737512,0.96505528,0.96061862,0.95410599,0.94595156,0.93694277,0.92809911,0.92049793,0.91508573,0.91251501,0.91303884,0.91648144,0.92228591,0.92962339,0.93753633,0.94508332,0.95145639,0.95605178,0.95848861,0.95858323,0.95629660,0.95167655,0.94481456,0.93583057,0.92488860,0.91223615,0.89825159,0.88348066,0.86864479,0.85461091,0.84232195,0.83269674,0.82651582,0.82431336,0.82629465,0.83229406,0.84178032,0.85390692,0.86759755,0.88165151,0.89485251,0.90606722,0.91432425,0.91887036,0.91920531,0.91510012,0.90660405,0.89404457,0.87802074,0.85938741,0.83922489,0.81878832,0.79943380,0.78252222,0.76930781,0.76082256,0.75777143,0.76045315,0.76871961,0.78198134,0.79925974,0.81927929,0.84058639,0.86167858,0.88112742,0.89768207,0.91034524,0.91841950,0.92152643,0.91960487,0.91289538,0.90191747,0.88744289,0.87046431,0.85215570,0.83381859,0.81681011,0.80245232,0.79192791,0.78617235,0.78577649,0.79091454,0.80131065,0.81625282,0.83465552,0.85516492,0.87629221,0.89655570,0.91461080,0.92935008,0.93996265,0.94595088,0.94711075,0.94348791
0.90277538,0.90623761,0.90866539,0.91017249,0.91079401,0.91046136,0.90900712,0.90620150,0.90181535,0.89569709,0.88784582,0.87846160,0.86795740,0.85692530,0.84605973,0.83605044,0.82746528,0.82064607,0.81563940,0.81217873,0.80972425,0.80755573,0.80490199,0.80108235,0.79563246,0.78839062,0.77952907,0.76952710,0.75909458,0.74906372,0.74027225,0.73346067,0.72920145,0.72786932,0.72965121,0.73458511,0.74261060,0.75361267,0.76744413,0.78391950,0.80278273,0.82365946,0.84601023,0.86910199,0.89201210,0.91367149,0.93294487,0.94873667,0.96010525,0.96636531,0.96716086,0.96249713,0.95272806,0.93850499,0.92069908,0.90031358,0.87840189,0.85600301,0.83409970,0.81359750,0.79531686,0.77998806,0.76823915,0.76057107,0.75732013,0.75861417,0.76433363,0.77409048,0.78723575,0.80290137,0.82007434,0.83769406,0.85475767,0.87041605,0.88404427,0.89527542,0.90399390,0.91029286,0.91440736,0.91663951,0.91729211,0.91662395,0.91483325,0.91206823,0.90845660,0.90414182,0.89931290,0.89421713,0.88915094,0.88443052,0.88035030,0.87714125,0.87494130,0.87378672,0.87362760,0.87436288,0.87588497,0.87811985,0.88104927,0.88470490
0.89865084,0.89570110,0.89504522,0.89697180,0.90136118,0.90776529,0.91553892,0.92398910,0.93250812,0.94066275,0.94822541,0.95514795,0.96149319,0.96734775,0.97274238,0.97760111,0.98173142,0.98485554,0.98667271,0.98693475,0.98551510,0.98245439,0.97797211,0.97244264,0.96634211,0.96017859,0.95442104,0.94944116,0.94547801,0.94262905,0.94086480,0.94005947,0.94002794,0.94056002,0.94144580,0.94248978,0.94351491,0.94436059,0.94487966,0.94493861,0.94442340,0.94325056,0.94138024,0.93882692,0.93566343,0.93201557,0.92804727,0.92393899,0.91986363,0.91596554,0.91234709,0.90906599,0.90614336,0.90358041,0.90137868,0.89955854,0.89817079,0.89729836,0.89704758,0.89753099,0.89884593,0.90105358,0.90416304,0.90812376,0.91282681,0.91811400,0.92379113,0.92964191,0.93543897,0.94095035,0.94594187,0.95017732,0.95342000,0.95543883,0.95602193,0.95499805,0.95226406,0.94781414,0.94176445,0.93436717,0.92600878,0.91719033,0.90849036,0.90051444,0.89383771,0.88894849,0.88620077,0.88578221,0.88770120,0.89179303,0.89774223,0.90511587,0.91340174,0.92204629,0.93048819,0.93818532,0.94463485,0.94938796,0.95206183,0.95235152
0.95512481,0.95969433,0.96517673,0.97098725,0.97652668,0.98126549,0.98480389,0.98690380,0.98749401,0.98665356,0.98458046,0.98155351,0.97789381,0.97393117,0.96997770,0.96630929,0.96315352,0.96068267,0.95901045,0.95819224,0.95822871,0.95907273,0.96063844,0.96281073,0.96545349,0.96841555,0.97153419,0.97463716,0.97754470,0.98007333,0.98204289,0.98328816,0.98367506,0.98311994,0.98160878,0.97921169,0.97608815,0.97247975,0.96868916,0.96504740,0.96187352,0.95943315,0.95790274,0.95734617,0.95770818,0.95882634,0.96045949,0.96232736,0.96415393,0.96570693,0.96682658,0.96743969,0.96755804,0.96726329,0.96668292,0.96596344,0.96524661,0.96465318,0.96427598,0.96418167,0.96441779,0.96502092,0.96602169,0.96744361,0.96929498,0.97155539,0.97416076,0.97699159,0.97986940,0.98256456,0.98481611,0.98636161,0.98697218,0.98648700,0.98484076,0.98207904,0.97835855,0.97393199,0.96912005,0.96427570,0.95974674,0.95584272,0.95281053,0.95082091,0.94996544,0.95026200,0.95166496,0.95407681,0.95735827,0.96133557,0.96580525,0.97053804,0.97528431,0.97978266,0.98377264,0.98701047,0.98928548,0.99043407,0.99034797,0.98897456
0.94439006,0.94699548,0.95083256,0.95572052,0.96114531,0.96634669,0.97046748,0.97273563,0.97264001,0.97006030,0.96532031,0.95915118,0.95257129,0.94670815,0.94259960,0.94101418,0.94232460,0.94645542,0.95291015,0.96086702,0.96932047,0.97723852,0.98370628,0.98803227,0.98980492,0.98889880,0.98544065,0.97975111,0.97227968,0.96354661,0.95409935,0.94448421,0.93522856,0.92682606,0.91971813,0.91426767,0.91072612,0.90919913,0.90961942,0.91173610,0.91512733,0.91923882,0.92344485,0.92712332,0.92973298,0.93088022,0.93036519,0.92820094,0.92460460,0.91996430,0.91478911,0.90965078,0.90512589,0.90174462,0.89994951,0.90006475,0.90227467,0.90660964,0.91293859,0.92096920,0.93025800,0.94023323,0.95023272,0.95955664,0.96753189,0.97358153,0.97728982,0.97845237,0.97710208,0.97350501,0.96812560,0.96156592,0.95448857,0.94753548,0.94125519,0.93604940,0.93214493,0.92959276,0.92829001,0.92801724,0.92848152,0.92935691,0.93031649,0.93105464,0.93130128,0.93083267,0.92948334,0.92716252,0.92387496,0.91974287,0.91502187,0.91010300,0.90549315,0.90177032,0.89951529,0.89922737,0.90123670,0.90562814,0.91219148,0.92040894
0.95052379,0.94910667,0.94793524,0.94677938,0.94536863,0.94346468,0.94090770,0.93763477,0.93367652,0.92914254,0.92420625,0.91909642,0.91409644,0.90954692,0.90584351,0.90342119,0.90271915,0.90412543,0.90790710,0.91413783,0.92263843,0.93294583,0.94432167,0.95580430,0.96629876,0.97469195,0.97997493,0.98135345,0.97833072,0.97075186,0.95880703,0.94299766,0.92407593,0.90297116,0.88071581,0.85838080,0.83702422,0.81765211,0.80118591,0.78843016,0.78003531,0.77645443,0.77789744,0.78429083,0.79525341,0.81009869,0.82787111,0.84741772,0.86748998,0.88686354,0.90445940,0.91944822,0.93132198,0.93992226,0.94542229,0.94826766,0.94908758,0.94859278,0.94747724,0.94633828,0.94562475,0.94561614,0.94642947,0.94804578,0.95034610,0.95314702,0.95622936,0.95935704,0.96228798,0.96478129,0.96660662,0.96756011,0.96748861,0.96632001,0.96409369,0.96098269,0.95729934,0.95347803,0.95003344,0.94749772,0.94634501,0.94691554,0.94935232,0.95356250,0.95921120,0.96575021,0.97247751,0.97861823,0.98341432,0.98620901,0.98651449,0.98405472,0.97878046,0.97085835,0.96063992,0.94861851,0.93538221,0.92156880,0.90782601,0.89477648
0.96464139,0.95725965,0.94917203,0.94076295,0.93235286,0.92423793,0.91672776,0.91016781,0.90493858,0.90142958,0.89999312,0.90088687,0.90421735,0.90989587,0.91761681,0.92686361,0.93694343,0.94704622,0.95632078,0.96395830,0.96927376,0.97177614,0.97121963,0.96762980,0.96130107,0.95276530,0.94273489,0.93202716,0.92147903,0.91186159,0.90380418,0.89773617,0.89385320,0.89211131,0.89224878,0.89383133,0.89631248,0.89909946,0.90161502,0.90334792,0.90388804,0.90294515,0.90035369,0.89606791,0.89015275,0.88277548,0.87420090,0.86478981,0.85499734,0.84536563,0.83650536,0.82906252,0.82366996,0.82088732,0.82113637,0.82464144,0.83138563,0.84109183,0.85323453,0.86708276,0.88176920,0.89637560,0.91002198,0.92194690,0.93156805,0.93851656,0.94264288,0.94399761,0.94279442,0.93936459,0.93411287,0.92748145,0.91992572,0.91190067,0.90385421,0.89622185,0.88941745,0.88381678,0.87973341,0.87738958,0.87688806,0.87819188,0.88111912,0.88535663,0.89049339,0.89606887,0.90162913,0.90678082,0.91123415,0.91482745,0.91752993,0.91942275,0.92066293,0.92143785,0.92191946,0.92222708,0.92240484,0.92241586,0.92215122,0.92144865
0.93805512,0.94104531,0.94429150,0.94717843,0.94906185,0.94935311,0.94760212,0.94357191,0.93729422,0.92909381,0.91957081,0.90953706,0.89991229,0.89159503,0.88532988,0.88159393,0.88052290,0.88189119,0.88515152,0.88952901,0.89415298,0.89820096,0.90102582,0.90224038,0.90174482,0.89969575,0.89642902,0.89235780,0.88787113,0.88325592,0.87865938,0.87409783,0.86950659,0.86481468,0.86002130,0.85525103,0.85077054,0.84696056,0.84424909,0.84302196,0.84353289,0.84583551,0.84975501,0.85490789,0.86076685,0.86675686,0.87236095,0.87721159,0.88114737,0.88422323,0.88667372,0.88883967,0.89107668,0.89366747,0.89675836,0.90033363,0.90423183,0.90819760,0.91195393,0.91527524,0.91804234,0.92026572,0.92207217,0.92365940,0.92523148,0.92693256,0.92879680,0.93072810,0.93251531,0.93387970,0.93454303,0.93429942,0.93307334,0.93094941,0.92816665,0.92507838,0.92208725,0.91957093,0.91781569,0.91697325,0.91704972,0.91792743,0.91941244,0.92129421,0.92340185,0.92564274,0.92801462,0.93058919,0.93347325,0.93675878,0.94047639,0.94456518,0.94886711,0.95314729,0.95713396,0.96056693,0.96324036,0.96502770,0.96588108,0.96580469
0.94368291,0.94954015,0.95579242,0.96240457,0.96926781,0.97615241,0.98268827,0.98838616,0.99270197,0.99513416,0.99533373,0.99320080,0.98894309,0.98307950,0.97638438,0.96978030,0.96419824,0.96043050,0.95900319,0.96009193,0.96349591,0.96867451,0.97483800,0.98107399,0.98648515,0.99031350,0.99203148,0.99138825,0.98840937,0.98335680,0.97666239,0.96885129,0.96047069,0.95203547,0.94399640,0.93672963,0.93054114,0.92567691,0.92232958,0.92063525,0.92065876,0.92237026,0.92562012,0.93012130,0.93544759,0.94105369,0.94631836,0.95060683,0.95334371,0.95408500,0.95257681,0.94879046,0.94292752,0.93539375,0.92674636,0.91762353,0.90866796,0.90045670,0.89344763,0.88794903,0.88411422,0.88195817,0.88138929,0.88224786,0.88434249,0.88747776,0.89146962,0.89614819,0.90135098,0.90691169,0.91265049,0.91837091,0.92386628,0.92893566,0.93340622,0.93715667,0.94013589,0.94237163,0.94396617,0.94507875,0.94589739,0.94660502,0.94734636,0.94820191,0.94917450,0.95019075,0.95111711,0.95178660,0.95203062,0.95170917,0.95073359,0.94907791,0.94677701,0.94391296,0.94059310,0.93692497,0.93299388,0.92884755,0.92449059,0.91988858
0.95996437,0.94629537,0.93230584,0.91862255,0.90573131,0.89402859,0.88387829,0.87565412,0.86975298,0.86657222,0.86645256,0.86959808,0.87599079,0.88532069,0.89694993,0.90992340,0.92302999,0.93490934,0.94419162,0.94965182,0.95035725,0.94578654,0.93590230,0.92116583,0.90249193,0.88115112,0.85863485,0.83650338,0.81623757,0.79911227,0.78610485,0.77784557,0.77460981,0.77634596,0.78272784,0.79321851,0.80713262,0.82368846,0.84204557,0.86132923,0.88064741,0.89910724,0.91583841,0.93002763,0.94096524,0.94809975,0.95109286,0.94986472,0.94461924,0.93584191,0.92426687,0.91081554,0.89651423,0.88240209,0.86944202,0.85844677,0.85002887,0.84457866,0.84226891,0.84308029,0.84683845,0.85325299,0.86195029,0.87249536,0.88440262,0.89713905,0.91012602,0.92274670,0.93436468,0.94435615,0.95215432,0.95730088,0.95949628,0.95863977,0.95485098,0.94846776,0.94001917,0.93017707,0.91969341,0.90933250,0.89980755,0.89172913,0.88556999,0.88164722,0.88011975,0.88099684,0.88415264,0.88934270,0.89622035,0.90435326,0.91324240,0.92234628,0.93111254,0.93901641,0.94560307,0.95052839,0.95359130,0.95475112,0.95412500,0.95196349
0.96730259,0.96497468,0.96156577,0.95744311,0.95311056,0.94913843,0.94606765,0.94430964,0.94406573,0.94528708,0.94768700,0.95080422,0.95410306,0.95708667,0.95939704,0.96087906,0.96159486,0.96178614,0.96179372,0.96195332,0.96249232,0.96345275,0.96465981,0.96574453,0.96621536,0.96556180,0.96336547,0.95939308,0.95365116,0.94639144,0.93806723,0.92925188,0.92053831,0.91244240,0.90533143,0.89939190,0.89464078,0.89097333,0.88823169,0.88627453,0.88502886,0.88451097,0.88481191,0.88605220,0.88831873,0.89160139,0.89574781,0.90045012,0.90526938,0.90969432,0.91322169,0.91544062,0.91610225,0.91515928,0.91276725,0.90924758,0.90502129,0.90052879,0.89615391,0.89216898,0.88871200,0.88579891,0.88336490,0.88132248,0.87962014,0.87828618,0.87744641,0.87731094,0.87813296,0.88014958,0.88351953,0.88827315,0.89428758,0.90129335,0.90891090,0.91670899,0.92427158,0.93125922,0.93745198,0.94276611,0.94724223,0.95100959,0.95423652,0.95707987,0.95964634,0.96197443,0.96404038,0.96578436,0.96714850,0.96811526,0.96873492,0.96913373,0.96949908,0.97004365,0.97095584,0.97234741,0.97421016,0.97639172,0.97859581,0.98040728
0.97089068,0.97283814,0.97582576,0.97977268,0.98425367,0.98860492,0.99207958,0.99401780,0.99399376,0.99190799,0.98800615,0.98282290,0.97706613,0.97146978,0.96664873,0.96298651,0.96057674,0.95922648,0.95851553,0.95789544,0.95680537,0.95478092,0.95153550,0.94700129,0.94132620,0.93483277,0.92795213,0.92114968,0.91485770,0.90942612,0.90509588,0.90199398,0.90014515,0.89949282,0.89992276,0.90128339,0.90339989,0.90608148,0.90912413,0.91231205,0.91542185,0.91823126,0.92053270,0.92214983,0.92295430,0.92287979,0.92193120,0.92018745,0.91779764,0.91497082,0.91196045,0.90904526,0.90650783,0.90461228,0.90358194,0.90357781,0.90467937,0.90687006,0.91003000,0.91393888,0.91829039,0.92271825,0.92683193,0.93025818,0.93268318,0.93388908,0.93377912,0.93238692,0.92986828,0.92647715,0.92253044,0.91836832,0.91431679,0.91065857,0.90761565,0.90534456,0.90394239,0.90345942,0.90391302,0.90529767,0.90758778,0.91073262,0.91464598,0.91919513,0.92419471,0.92941011,0.93457293,0.93940768,0.94366615,0.94716318,0.94980611,0.95161087,0.95269965,0.95327890,0.95360069,0.95391414,0.95441597,0.95520924,0.95627771,0.95747972
0.97842007,0.98219740,0.98497468,0.98705009,0.98847274,0.98905682,0.98845894,0.98629752,0.98228419,0.97633583,0.96864098,0.95966628,0.95010290,0.94076663,0.93247509,0.92592815,0.92161490,0.91976192,0.92032724,0.92303468,0.92743594,0.93298416,0.93910331,0.94524179,0.95090427,0.95566319,0.95915621,0.96107889,0.96118127,0.95927357,0.95524165,0.94906856,0.94085552,0.93083522,0.91937202,0.90694635,0.89412449,0.88151817,0.86974010,0.85936243,0.85088292,0.84470147,0.84110636,0.84026727,0.84223132,0.84691889,0.85411784,0.86347718,0.87450375,0.88656665,0.89891433,0.91070748,0.92106801,0.92914072,0.93416113,0.93552133,0.93282501,0.92592491,0.91493830,0.90024001,0.88243558,0.86231984,0.84082709,0.81897855,0.79783099,0.77842789,0.76175278,0.74868326,0.73994459,0.73606321,0.73732257,0.74372596,0.75497266,0.77045418,0.78927616,0.81030829,0.83226054,0.85377910,0.87355210,0.89041295,0.90342988,0.91197186,0.91574499,0.91479763,0.90949656,0.90048058,0.88859942,0.87484604,0.86028870,0.84600616,0.83302724,0.82227448,0.81451178,0.81029658,0.80993897,0.81347102,0.82063114,0.83086823,0.84336974,0.85711512
0.84542364,0.84439652,0.84595380,0.85011659,0.85668922,0.86531492,0.87553630,0.88684818,0.89873586,0.91069850,0.92226252,0.93299203,0.94250239,0.95047993,0.95670659,0.96108475,0.96365463,0.96459644,0.96421114,0.96287891,0.96100086,0.95893530,0.95694295,0.95515402,0.95356455,0.95206246,0.95047610,0.94863332,0.94641674,0.94380191,0.94086883,0.93778420,0.93475885,0.93199193,0.92961727,0.92766651,0.92605932,0.92462317,0.92313763,0.92139158,0.91923889,0.91663807,0.91366577,0.91049993,0.90737668,0.90453172,0.90214132,0.90027837,0.89889470,0.89783428,0.89687372,0.89577991,0.89437031,0.89256076,0.89038872,0.88800587,0.88564182,0.88354791,0.88193559,0.88092495,0.88051634,0.88059196,0.88094661,0.88133967,0.88155505,0.88145407,0.88100766,0.88029971,0.87950050,0.87881724,0.87843462,0.87846137,0.87889702,0.87962794,0.88045431,0.88114192,0.88148654,0.88137537,0.88083016,0.88002085,0.87924482,0.87887535,0.87929011,0.88079572,0.88356510,0.88760156,0.89273668,0.89866140,0.90498215,0.91128837,0.91721610,0.92249339,0.92695851,0.93054855,0.93326358,0.93511798,0.93609309,0.93610529,0.93499846,0.93256362
0.95385101,0.95430644,0.95379463,0.95243068,0.95023798,0.94718614,0.94324625,0.93844943,0.93293432,0.92697226,0.92096389,0.91540721,0.91084299,0.90778720,0.90666238,0.90773881,0.91109392,0.91659470,0.92390378,0.93250652,0.94175456,0.95091998,0.95925459,0.96604931,0.97068946,0.97270300,0.97179917,0.96789577,0.96113355,0.95187596,0.94069309,0.92832915,0.91565426,0.90360283,0.89310294,0.88500215,0.87999600,0.87856527,0.88092758,0.88700753,0.89642828,0.90852569,0.92238433,0.93689323,0.95081783,0.96288371,0.97186694,0.97668559,0.97648599,0.97071755,0.95918964,0.94210485,0.92006421,0.89404191,0.86532974,0.83545441,0.80607385,0.77886105,0.75538565,0.73700339,0.72476298,0.71933741,0.72098433,0.72953708,0.74442513,0.76472057,0.78920554,0.81645470,0.84492674,0.87305940,0.89936299,0.92250824,0.94140437,0.95526343,0.96364693,0.96649093,0.96410646,0.95715351,0.94658874,0.93358981,0.91946186,0.90553431,0.89305732,0.88310794,0.87651457,0.87380598,0.87518840,0.88055033,0.88949208,0.90137450,0.91538012,0.93057950,0.94599662,0.96066858,0.97369678,0.98428895,0.99179223,0.99571873,0.99576441,0.99182135
0.95323638,0.95320066,0.95472521,0.95737863,0.96061100,0.96390422,0.96688618,0.96938904,0.97144666,0.97324133,0.97502012,0.97700609,0.97932753,0.98198055,0.98483034,0.98764529,0.99015046,0.99208313,0.99323472,0.99346904,0.99271538,0.99094222,0.98812371,0.98421222,0.97912854,0.97277602,0.96507805,0.95603102,0.94575981,0.93456065,0.92291780,0.91148595,0.90103766,0.89238256,0.88627084,0.88329662,0.88381594,0.88789137,0.89526990,0.90539532,0.91745077,0.93042383,0.94318465,0.95456845,0.96345615,0.96884905,0.96993628,0.96615387,0.95723442,0.94324447,0.92460532,0.90209165,0.87680280,0.85010328,0.82353286,0.79869157,0.77710992,0.76011843,0.74873210,0.74356441,0.74478145,0.75210137,0.76483772,0.78197920,0.80229368,0.82444216,0.84708867,0.86899505,0.88909392,0.90653800,0.92072785,0.93132238,0.93823687,0.94163182,0.94189394,0.93960799,0.93551709,0.93046924,0.92534949,0.92100117,0.91814293,0.91729192,0.91870470,0.92234645,0.92789574,0.93478653,0.94228307,0.94957751,0.95589559,0.96059439,0.96323697,0.96363348,0.96184424,0.95814759,0.95298180,0.94687383,0.94036856,0.93396974,0.92809886,0.92307298
0.93160488,0.94063063,0.94824086,0.95355588,0.95565105,0.95371690,0.94722383,0.93605894,0.92060588,0.90174911,0.88079826,0.85934397,0.83906917,0.82154711,0.80805816,0.79945167,0.79606983,0.79773877,0.80382120,0.81331673,0.82499096,0.83751357,0.84958806,0.86006031,0.86799896,0.87274588,0.87393960,0.87151656,0.86569554,0.85694941,0.84596633,0.83360093,0.82081575,0.80861381,0.79796507,0.78973128,0.78459533,0.78300191,0.78511553,0.79080119,0.79963030,0.81091189,0.82374632,0.83709631,0.84986853,0.86099884,0.86953437,0.87470698,0.87599358,0.87315987,0.86628466,0.85576326,0.84228868,0.82681082,0.81047508,0.79454335,0.78030230,0.76896574,0.76157920,0.75893543,0.76150908,0.76941700,0.78240776,0.79988114,0.82093489,0.84443337,0.86909106,0.89356253,0.91653150,0.93679216,0.95331847,0.96531882,0.97227531,0.97396797,0.97048431,0.96221447,0.94983171,0.93425766,0.91661201,0.89814719,0.88017000,0.86395459,0.85065276,0.84120957,0.83629259,0.83624253,0.84105076,0.85036630,0.86353141,0.87964167,0.89762365,0.91632165,0.93458424,0.95134201,0.96567008,0.97683164,0.98430215,0.98777655,0.98716323,0.98256893
0.91643607,0.91273274,0.91033918,0.90960925,0.91063220,0.91327162,0.91723777,0.92217442,0.92773943,0.93366087,0.93975782,0.94592440,0.95208529,0.95813832,0.96390226,0.96908589,0.97328881,0.97603603,0.97684075,0.97528269,0.97108615,0.96418178,0.95473929,0.94316504,0.93006520,0.91618216,0.90231625,0.88924609,0.87765934,0.86810224,0.86095106,0.85640471,0.85449403,0.85510188,0.85798816,0.86281517,0.86917131,0.87659270,0.88458427,0.89264199,0.90027726,0.90704316,0.91256067,0.91654162,0.91880529,0.91928586,0.91802998,0.91518521,0.91098205,0.90571289,0.89971102,0.89333214,0.88693902,0.88088861,0.87551987,0.87114006,0.86800813,0.86631502,0.86616314,0.86754855,0.87035095,0.87433554,0.87916946,0.88445259,0.88975944,0.89468623,0.89889587,0.90215313,0.90434392,0.90547555,0.90565848,0.90507431,0.90393741,0.90245882,0.90081990,0.89916039,0.89758168,0.89616236,0.89498022,0.89413336,0.89375329,0.89400475,0.89507023,0.89712148,0.90028381,0.90460181,0.91001493,0.91634951,0.92332992,0.93060727,0.93780001,0.94453848,0.95050437,0.95545716,0.95924261,0.96178214,0.96304690,0.96302368,0.96168211,0.95895163
0.94179018,0.93448764,0.92651222,0.91817453,0.90981380,0.90182190,0.89463866,0.88871941,0.88448281,0.88225212,0.88220380,0.88433500,0.88845658,0.89421231,0.90111947,0.90862203,0.91614659,0.92315227,0.92916858,0.93381930,0.93683331,0.93804626,0.93739683,0.93492149,0.93074954,0.92509857,0.91826861,0.91063243,0.90261951,0.89469253,0.88731717,0.88092814,0.87589562,0.87249704,0.87089791,0.87114410,0.87316531,0.87678807,0.88175455,0.88774359,0.89439048,0.90130363,0.90807790,0.91430604,0.91959065,0.92355905,0.92588262,0.92630016,0.92464311,0.92085844,0.91502459,0.90735568,0.89819135,0.88797149,0.87719842,0.86639143,0.85604036,0.84656551,0.83829012,0.83142915,0.82609519,0.82231837,0.82007482,0.81931651,0.81999574,0.82207916,0.82554885,0.83039126,0.83657724,0.84403882,0.85264916,0.86221120,0.87245905,0.88307243,0.89370199,0.90400028,0.91365261,0.92240203,0.93006439,0.93653166,0.94176415,0.94577470,0.94860950,0.95033099,0.95100733,0.95071117,0.94952744,0.94756720,0.94498306,0.94198079,0.93882248,0.93581804,0.93330428,0.93161297,0.93103201,0.93176555,0.93389924,0.93737605,0.94198622,0.94737255
0.95042110,0.95072054,0.95076522,0.95102468,0.95187531,0.95351797,0.95592675,0.95884314,0.96182073,0.96431443,0.96579728,0.96587996,0.96440662,0.96150537,0.95758149,0.95325422,0.94924905,0.94626658,0.94485360,0.94530188,0.94759520,0.95141519,0.95620444,0.96127259,0.96592197,0.96956626,0.97181841,0.97253241,0.97179426,0.96986844,0.96711510,0.96389819,0.96050579,0.95710015,0.95370680,0.95024253,0.94657206,0.94257666,0.93821547,0.93356331,0.92881487,0.92425424,0.92019684,0.91691790,0.91458495,0.91321121,0.91264200,0.91257879,0.91263645,0.91242129,0.91161299,0.91003254,0.90768159,0.90474545,0.90155939,0.89854612,0.89613789,0.89469975,0.89446969,0.89552681,0.89779222,0.90105952,0.90504524,0.90944629,0.91399038,0.91846876,0.92274547,0.92674343,0.93041370,0.93369828,0.93649852,0.93865949,0.93997668,0.94022514,0.93920535,0.93679554,0.93299830,0.92797036,0.92202783,0.91562436,0.90930506,0.90364385,0.89917531,0.89633301,0.89540480,0.89651159,0.89961097,0.90452197,0.91096330,0.91859592,0.92706142,0.93600994,0.94511496,0.95407561,0.96261011,0.97044576,0.97731129,0.98293579,0.98705643,0.98943358
0.96690275,0.96128682,0.95791080,0.95693115,0.95809795,0.96087501,0.96458469,0.96854547,0.97217774,0.97506508,0.97697083,0.97782033,0.97766452,0.97664102,0.97494417,0.97280884,0.97050505,0.96833545,0.96662589,0.96570127,0.96584520,0.96724814,0.96995471,0.97382345,0.97851052,0.98348480,0.98807514,0.99154429,0.99317860,0.99237944,0.98874191,0.98210911,0.97259530,0.96057746,0.94666047,0.93162418,0.91636153,0.90181487,0.88891475,0.87852201,0.87137265,0.86802401,0.86880243,0.87375514,0.88261220,0.89476697,0.90928427,0.92494346,0.94031923,0.95389683,0.96421167,0.96999780,0.97032688,0.96471855,0.95320694,0.93635349,0.91520420,0.89119748,0.86603538,0.84153478,0.81947618,0.80146508,0.78881702,0.78247211,0.78294018,0.79027484,0.80407250,0.82349333,0.84730201,0.87392832,0.90154836,0.92818718,0.95184141,0.97061712,0.98287385,0.98736261,0.98334263,0.97066267,0.94979446,0.92181179,0.88831507,0.85130861,0.81304413,0.77584783,0.74194958,0.71333080,0.69160319,0.67792526,0.67295729,0.67685145,0.68927047,0.70942791,0.73614373,0.76791095,0.80297115,0.83939836,0.87519111,0.90837231,0.93709446,0.95974574
0.95811101,0.96077496,0.96267332,0.96391626,0.96463567,0.96491451,0.96472279,0.96388367,0.96208687,0.95895394,0.95414457,0.94747905,0.93904535,0.92926057,0.91886648,0.90885335,0.90032190,0.89430752,0.89160029,0.89259761,0.89722142,0.90491936,0.91475143,0.92554463,0.93608376,0.94529998,0.95242088,0.95705641,0.95920935,0.95921522,0.95763046,0.95509692,0.95221365,0.94944245,0.94706312,0.94518106,0.94377633,0.94277431,0.94211469,0.94179835,0.94189962,0.94254171,0.94384393,0.94585725,0.94850808,0.95156857,0.95466463,0.95732317,0.95904994,0.95942100,0.95816770,0.95523561,0.95080404,0.94526150,0.93914237,0.93303878,0.92750656,0.92298474,0.91974390,0.91787120,0.91729114,0.91781317,0.91919195,0.92118430,0.92358954,0.92626524,0.92911797,0.93207586,0.93505442,0.93792864,0.94052176,0.94261600,0.94398403,0.94443390,0.94385586,0.94225844,0.93978260,0.93668832,0.93331457,0.93002064,0.92712221,0.92483711,0.92325344,0.92232757,0.92191209,0.92180692,0.92182118,0.92183122,0.92182041,0.92189111,0.92224528,0.92313818,0.92481593,0.92745185,0.93109603,0.93564908,0.94086472,0.94637859,0.95175499,0.95653948
0.98246509,0.98153446,0.98090053,0.98097377,0.98199577,0.98397185,0.98665601,0.98959540,0.99222641,0.99399986,0.99450474,0.99356018,0.99125398,0.98791965,0.98405939,0.98023204,0.97693255,0.97449044,0.97300951,0.97236096,0.97222921,0.97219716,0.97184895,0.97086554,0.96909234,0.96656598,0.96349811,0.96022363,0.95712806,0.95457216,0.95283083,0.95205818,0.95228287,0.95342959,0.95535632,0.95789437,0.96087973,0.96416852,0.96763515,0.97115705,0.97459394,0.97777070,0.98047187,0.98245213,0.98346202,0.98328314,0.98176426,0.97884866,0.97458590,0.96912489,0.96268977,0.95554462,0.94795513,0.94015613,0.93233193,0.92461295,0.91708706,0.90982060,0.90288093,0.89635317,0.89034543,0.88498112,0.88038044,0.87663649,0.87379334,0.87183314,0.87067722,0.87020229,0.87026839,0.87075133,0.87157062,0.87270488,0.87418982,0.87609861,0.87850894,0.88146459,0.88494105,0.88882445,0.89291031,0.89692403,0.90055963,0.90352823,0.90560478,0.90666211,0.90668447,0.90575808,0.90404211,0.90172770,0.89899574,0.89598386,0.89277117,0.88938445,0.88582425,0.88210289,0.87828282,0.87450245,0.87097922,0.86798573,0.86580125,0.86464809
0.98427252,0.98582381,0.98667420,0.98690068,0.98661793,0.98597312,0.98512586,0.98421942,0.98335245,0.98256056,0.98181419,0.98103482,0.98012572,0.97900927,0.97766059,0.97612807,0.97453441,0.97305673,0.97188967,0.97119989,0.97108299,0.97153389,0.97243881,0.97359147,0.97473038,0.97558846,0.97594328,0.97565654,0.97469393,0.97312183,0.97108256,0.96875484,0.96630946,0.96387121,0.96149609,0.95916949,0.95682502,0.95437870,0.95176907,0.94899227,0.94612276,0.94331360,0.94077574,0.93874032,0.93741241,0.93692633,0.93731289,0.93848614,0.94025269,0.94234208,0.94445139,0.94629482,0.94764818,0.94837980,0.94846288,0.94796841,0.94704174,0.94586915,0.94464206,0.94352671,0.94264461,0.94206635,0.94181742,0.94189206,0.94226949,0.94292727,0.94384773,0.94501609,0.94641119,0.94799208,0.94968511,0.95137638,0.95291311,0.95411544,0.95479728,0.95479230,0.95397994,0.95230629,0.94979573,0.94655132,0.94274382,0.93859150,0.93433440,0.93020768,0.92641901,0.92313329,0.92046667,0.91848907,0.91723288,0.91670458,0.91689589,0.91779194,0.91937468,0.92162097,0.92449568,0.92794127,0.93186624,0.93613490,0.94056073,0.94490469
0.92109175,0.92761087,0.93456883,0.94129607,0.94707919,0.95123875,0.95321381,0.95264772,0.94946384,0.94391630,0.93659974,0.92840635,0.92042807,0.91381307,0.90959677,0.90853391,0.91096016,0.91670819,0.92509580,0.93499259,0.94495871,0.95343572,0.95895939,0.96035965,0.95691569,0.94844409,0.93531092,0.91837261,0.89886103,0.87823522,0.85802397,0.83968146,0.82447213,0.81339266,0.80712997,0.80604735,0.81018719,0.81928032,0.83275605,0.84975353,0.86914009,0.88954556,0.90942115,0.92712857,0.94105905,0.94977447,0.95215588,0.94753908,0.93581575,0.91748109,0.89361635,0.86580393,0.83598334,0.80626544,0.77872870,0.75522372,0.73721076,0.72564872,0.72094575,0.72297144,0.73112150,0.74441960,0.76163816,0.78142078,0.80239270,0.82325102,0.84283179,0.86015628,0.87446149,0.88522096,0.89216029,0.89526848,0.89480272,0.89128108,0.88545726,0.87827265,0.87078461,0.86407442,0.85914304,0.85680677,0.85760729,0.86175004,0.86908195,0.87911377,0.89108478,0.90406060,0.91704925,0.92911822,0.93949536,0.94764033,0.95327801,0.95639235,0.95718542,0.95601256,0.95330729,0.94951033,0.94501357,0.94012525,0.93505653,0.92992567
0.94318386,0.94606951,0.95003203,0.95494955,0.96039227,0.96571106,0.97016901,0.97309015,0.97399613,0.97270356,0.96936311,0.96443371,0.95859898,0.95264522,0.94732668,0.94324507,0.94076492,0.93997791,0.94071885,0.94262604,0.94523094,0.94805733,0.95070959,0.95293331,0.95463863,0.95588542,0.95683813,0.95770389,0.95866992,0.95985465,0.96128221,0.96288404,0.96452439,0.96604164,0.96729388,0.96819694,0.96874558,0.96901295,0.96912923,0.96924541,0.96949142,0.96993927,0.97057965,0.97131779,0.97198910,0.97239100,0.97232345,0.97162894,0.97022276,0.96810733,0.96536764,0.96214970,0.95862751,0.95496606,0.95128870,0.94765559,0.94405709,0.94042274,0.93664267,0.93259588,0.92817847,0.92332552,0.91802233,0.91230369,0.90624324,0.89993680,0.89348551,0.88698359,0.88051462,0.87415722,0.86799876,0.86215284,0.85677502,0.85207126,0.84829483,0.84573006,0.84466427,0.84535205,0.84797774,0.85262274,0.85924313,0.86766173,0.87757560,0.88857769,0.90018871,0.91189383,0.92317892,0.93356160,0.94261466,0.94998153,0.95538531,0.95863366,0.95962224,0.95833771,0.95486077,0.94936779,0.94212902,0.93350074,0.92390922,0.91382504
0.95417960,0.95983331,0.96636434,0.97340716,0.98047466,0.98704555,0.99263933,0.99686693,0.99945264,1.00023158,0.99913245,0.99615789,0.99137207,0.98490035,0.97693960,0.96777271,0.95777821,0.94742625,0.93725493,0.92782625,0.91966668,0.91320287,0.90870556,0.90625403,0.90572924,0.90683714,0.90915707,0.91220523,0.91550072,0.91862221,0.92124629,0.92316316,0.92427065,0.92455233,0.92404849,0.92282914,0.92097620,0.91857765,0.91573228,0.91255978,0.90920959,0.90586203,0.90271806,0.89997732,0.89780820,0.89631687,0.89552352,0.89535353,0.89564798,0.89619348,0.89676644,0.89718316,0.89734522,0.89727010,0.89709992,0.89708526,0.89754628,0.89881794,0.90118958,0.90485008,0.90984855,0.91607705,0.92327738,0.93106920,0.93899331,0.94656172,0.95330621,0.95881857,0.96277857,0.96496876,0.96527807,0.96369775,0.96031387,0.95529924,0.94890599,0.94145826,0.93334227,0.92499116,0.91686214,0.90940537,0.90302645,0.89804656,0.89466612,0.89293852,0.89275944,0.89387519,0.89591068,0.89841391,0.90091130,0.90296614,0.90423168,0.90449192,0.90368461,0.90190448,0.89938715,0.89647700,0.89358357,0.89113217,0.88951384,0.88903934
0.90510240,0.90108091,0.89903831,0.89870581,0.89963837,0.90136136,0.90350668,0.90590603,0.90861917,0.91189153,0.91605340,0.92138790,0.92800240,0.93573680,0.94413231,0.95247010,0.95987261,0.96544687,0.96843967,0.96837233,0.96512731,0.95897000,0.95050342,0.94056804,0.93010977,0.92004402,0.91114214,0.90395871,0.89880785,0.89578475,0.89481986,0.89574713,0.89836732,0.90249152,0.90795695,0.91461600,0.92230678,0.93081831,0.93986439,0.94907719,0.95802581,0.96625802,0.97335681,0.97899949,0.98300570,0.98536350,0.98622753,0.98588931,0.98472612,0.98313879,0.98149088,0.98006061,0.97901334,0.97839757,0.97816200,0.97818703,0.97832196,0.97841908,0.97835793,0.97805649,0.97746971,0.97657901,0.97537831,0.97386222,0.97202085,0.96984270,0.96732459,0.96448468,0.96137423,0.95808335,0.95473838,0.95149023,0.94849597,0.94589743,0.94380183,0.94226907,0.94130887,0.94088837,0.94094835,0.94142350,0.94226154,0.94343583,0.94494816,0.94682106,0.94908160,0.95174111,0.95477627,0.95811688,0.96164410,0.96520054,0.96861049,0.97170598,0.97435275,0.97646942,0.97803488,0.97908114,0.97967269,0.97987632,0.97972791,0.97920351
0.91693005,0.92019022,0.92605121,0.93403834,0.94342939,0.95333306,0.96277541,0.97079139,0.97651913,0.97929176,0.97871852,0.97474433,0.96767666,0.95817150,0.94717493,0.93582325,0.92531150,0.91674610,0.91100190,0.90860500,0.90966042,0.91383642,0.92040807,0.92835210,0.93647631,0.94356250,0.94850121,0.95040058,0.94865796,0.94299101,0.93343206,0.92029542,0.90412995,0.88566858,0.86578274,0.84544452,0.82569359,0.80760242,0.79223238,0.78057537,0.77348080,0.77157303,0.77517017,0.78421863,0.79825801,0.81642842,0.83752570,0.86010246,0.88260398,0.90352132,0.92154028,0.93566489,0.94529848,0.95027263,0.95082305,0.94752015,0.94116887,0.93269610,0.92304373,0.91308236,0.90355428,0.89504711,0.88799345,0.88268689,0.87930390,0.87792196,0.87852845,0.88101912,0.88518997,0.89072925,0.89721774,0.90414389,0.91093720,0.91701775,0.92185563,0.92503034,0.92627906,0.92552480,0.92287874,0.91861651,0.91313301,0.90688454,0.90032949,0.89387844,0.88786217,0.88252176,0.87801930,0.87446354,0.87194114,0.87054372,0.87038232,0.87158477,0.87427551,0.87854242,0.88439820,0.89174521,0.90035237,0.90984937,0.91974011,0.92943319
0.89337332,0.89004540,0.88961555,0.89230031,0.89799876,0.90631048,0.91658939,0.92802620,0.93974776,0.95091761,0.96082172,0.96892600,0.97489852,0.97859710,0.98003005,0.97930263,0.97656313,0.97196077,0.96562405,0.95766274,0.94819134,0.93736592,0.92542322,0.91270925,0.89968746,0.88692129,0.87503253,0.86464243,0.85630653,0.85045507,0.84734982,0.84706428,0.84949015,0.85436698,0.86132780,0.86995011,0.87980136,0.89047022,0.90157939,0.91278091,0.92373919,0.93411047,0.94352747,0.95159704,0.95791519,0.96209942,0.96383396,0.96291941,0.95931704,0.95317785,0.94484956,0.93485877,0.92386994,0.91262719,0.90188746,0.89235477,0.88462424,0.87914218,0.87618489,0.87585507,0.87809179,0.88268857,0.88931389,0.89753068,0.90681317,0.91656242,0.92612346,0.93480800,0.94192575,0.94682598,0.94894794,0.94787574,0.94339103,0.93551506,0.92453234,0.91098990,0.89566947,0.87953383,0.86365232,0.84911365,0.83693551,0.82798074,0.82288860,0.82202708,0.82546912,0.83299283,0.84410283,0.85806868,0.87397572,0.89078391,0.90739138,0.92269981,0.93567911,0.94542874,0.95123276,0.95260498,0.94932102,0.94143410,0.92927211,0.91341490
0.92778123,0.93438814,0.94108111,0.94723243,0.95221626,0.95557426,0.95713942,0.95708756,0.95590501,0.95428203,0.95295969,0.95256779,0.95349095,0.95579080,0.95919710,0.96316437,0.96697625,0.96987097,0.97115956,0.97031405,0.96701364,0.96114991,0.95280223,0.94220007,0.92968741,0.91569971,0.90075554,0.88545800,0.87049537,0.85662885,0.84465730,0.83535502,0.82938772,0.82721972,0.82903117,0.83466415,0.84361177,0.85505555,0.86794695,0.88112010,0.89341708,0.90380543,0.91147005,0.91586799,0.91674333,0.91410795,0.90820008,0.89943478,0.88835798,0.87561130,0.86190776,0.84801403,0.83473069,0.82286249,0.81317308,0.80632445,0.80280777,0.80287784,0.80650619,0.81336578,0.82285553,0.83416451,0.84636768,0.85853814,0.86985660,0.87969932,0.88768922,0.89370288,0.89783553,0.90033489,0.90152101,0.90171053,0.90116114,0.90004530,0.89845468,0.89642895,0.89399724,0.89121788,0.88820346,0.88512286,0.88217923,0.87957030,0.87744344,0.87585940,0.87477706,0.87406541,0.87354191,0.87302906,0.87241565,0.87170692,0.87104942,0.87072146,0.87108807,0.87252800,0.87534760,0.87970002,0.88552728,0.89253752,0.90022213,0.90790884
0.99016054,0.98361228,0.97570361,0.96682467,0.95737038,0.94772365,0.93823464,0.92919898,0.92084106,0.91330901,0.90668609,0.90101806,0.89635021,0.89276358,0.89039852,0.88945601,0.89017197,0.89276575,0.89737068,0.90396010,0.91228614,0.92184841,0.93190531,0.94153208,0.94971919,0.95549510,0.95805202,0.95685244,0.95169839,0.94275265,0.93051048,0.91572925,0.89933085,0.88229597,0.86556934,0.84999021,0.83625500,0.82490973,0.81636317,0.81090727,0.80873204,0.80992581,0.81445798,0.82214825,0.83263239,0.84533765,0.85948099,0.87409914,0.88811302,0.90042096,0.91000807,0.91605503,0.91802838,0.91573778,0.90935149,0.89936894,0.88655673,0.87186071,0.85630918,0.84092245,0.82664000,0.81427097,0.80446768,0.79771671,0.79433970,0.79449598,0.79818162,0.80522354,0.81527155,0.82779440,0.84208730,0.85729740,0.87247054,0.88661781,0.89879573,0.90818952,0.91418747,0.91643478,0.91485897,0.90966359,0.90129288,0.89037472,0.87765246,0.86391681,0.84994747,0.83647045,0.82413244,0.81348943,0.80500355,0.79904171,0.79587063,0.79564599,0.79839677,0.80400895,0.81221433,0.82259073,0.83457765,0.84750877,0.86065859,0.87329689
0.92719684,0.92937568,0.93201529,0.93531906,0.93936453,0.94404087,0.94901977,0.95377546,0.95765794,0.96000882,0.96029669,0.95824133,0.95389720,0.94767533,0.94029633,0.93268231,0.92580851,0.92054367,0.91751100,0.91699726,0.91892740,0.92290771,0.92832518,0.93447857,0.94071103,0.94651612,0.95159727,0.95587325,0.95943497,0.96246949,0.96517345,0.96767895,0.97001017,0.97207996,0.97372458,0.97476439,0.97507170,0.97462588,0.97353968,0.97204889,0.97046737,0.96911826,0.96825834,0.96801461,0.96834891,0.96906011,0.96982380,0.97026050,0.97001640,0.96883773,0.96662198,0.96343453,0.95948812,0.95509074,0.95057487,0.94622490,0.94221936,0.93860064,0.93527790,0.93206089,0.92871495,0.92502314,0.92084050,0.91612839,0.91096217,0.90551256,0.90000730,0.89468398,0.88974673,0.88533771,0.88152994,0.87834210,0.87576943,0.87382083,0.87255012,0.87207119,0.87255119,0.87418141,0.87713167,0.88149819,0.88725699,0.89423436,0.90210234,0.91040203,0.91859139,0.92610871,0.93243977,0.93717640,0.94005659,0.94098079,0.94000437,0.93731042,0.93317085,0.92790453,0.92184084,0.91529409,0.90855022,0.90186329,0.89545597,0.88951779
0.85018167,0.83498234,0.82234822,0.81321064,0.80800553,0.80668800,0.80883496,0.81380789,0.82093427,0.82966293,0.83965593,0.85079771,0.86312472,0.87670009,0.89147126,0.90715212,0.92316370,0.93865269,0.95258823,0.96391805,0.97175054,0.97552191,0.97511032,0.97087081,0.96358355,0.95432751,0.94430786,0.93467382,0.92636304,0.92000063,0.91586669,0.91393084,0.91393755,0.91551679,0.91829088,0.92195325,0.92630404,0.93124077,0.93671416,0.94266769,0.94898218,0.95544359,0.96174471,0.96752114,0.97241233,0.97613136,0.97852468,0.97960573,0.97955322,0.97867390,0.97733886,0.97590860,0.97466482,0.97376456,0.97322644,0.97295047,0.97276477,0.97248572,0.97197587,0.97118474,0.97016295,0.96904739,0.96802233,0.96726775,0.96690866,0.96697852,0.96740591,0.96802696,0.96861930,0.96894787,0.96881009,0.96806881,0.96666512,0.96460927,0.96195377,0.95875795,0.95505547,0.95083544,0.94604410,0.94060804,0.93447364,0.92765225,0.92025820,0.91252780,0.90481181,0.89753988,0.89116297,0.88608474,0.88259654,0.88082994,0.88073724,0.88210412,0.88459109,0.88779354,0.89130617,0.89477639,0.89793486,0.90059724,0.90263912,0.90395275
0.92046235,0.90179717,0.88321116,0.86631601,0.85275763,0.84398920,0.84101816,0.84418704,0.85304860,0.86637846,0.88233766,0.89876029,0.91351054,0.92483620,0.93164693,0.93366319,0.93140955,0.92605926,0.91916724,0.91235143,0.90699102,0.90400372,0.90374199,0.90601801,0.91023610,0.91558875,0.92126240,0.92660354,0.93121116,0.93494365,0.93785133,0.94006470,0.94167837,0.94266961,0.94287796,0.94205308,0.93995651,0.93648663,0.93178832,0.92631173,0.92079729,0.91618229,0.91344461,0.91341569,0.91660404,0.92306942,0.93237757,0.94364716,0.95568040,0.96715052,0.97680816,0.98366603,0.98712804,0.98704252,0.98367685,0.97762743,0.96969131,0.96073084,0.95155967,0.94286908,0.93520039,0.92895616,0.92443348,0.92185850,0.92140395,0.92317953,0.92719565,0.93331217,0.94119097,0.95027257,0.95979307,0.96884766,0.97649562,0.98189008,0.98440818,0.98375482,0.98001713,0.97365630,0.96543681,0.95630613,0.94724874,0.93914274,0.93264564,0.92812808,0.92566289,0.92506490,0.92596625,0.92790629,0.93041459,0.93307001,0.93552810,0.93751870,0.93882427,0.93925458,0.93863253,0.93680118,0.93365357,0.92917781,0.92350250,0.91692468
0.95664253,0.95661960,0.95675886,0.95694101,0.95709146,0.95723459,0.95750923,0.95814072,0.95937648,0.96140229,0.96426262,0.96780831,0.97168830,0.97539060,0.97832580,0.97993556,0.97980297,0.97774062,0.97383665,0.96844797,0.96214076,0.95559075,0.94946424,0.94430550,0.94045385,0.93800601,0.93682858,0.93661400,0.93696474,0.93748526,0.93786172,0.93791350,0.93760827,0.93704154,0.93639006,0.93585373,0.93560229,0.93573997,0.93629520,0.93723484,0.93849569,0.94002174,0.94179448,0.94384617,0.94625133,0.94909780,0.95244524,0.95628249,0.96049631,0.96486121,0.96905502,0.97269862,0.97541201,0.97687521,0.97688090,0.97536802,0.97242984,0.96829627,0.96329583,0.95780718,0.95221133,0.94685432,0.94202636,0.93795815,0.93483034,0.93278838,0.93195380,0.93242465,0.93426136,0.93745993,0.94191886,0.94741008,0.95356431,0.95987954,0.96575598,0.97055525,0.97367561,0.97463062,0.97311701,0.96905889,0.96261974,0.95418019,0.94428649,0.93358037,0.92272439,0.91233647,0.90294423,0.89496389,0.88870239,0.88437566,0.88213280,0.88207493,0.88426051,0.88869291,0.89529247,0.90386037,0.91404550,0.92532606,0.93701557,0.94829788
0.91853222,0.91315409,0.90524246,0.89485415,0.88209961,0.86721196,0.85061141,0.83294213,0.81506571,0.79800545,0.78284805,0.77061883,0.76215233,0.75798096,0.75826038,0.76274310,0.77080272,0.78150247,0.79369518,0.80613860,0.81761116,0.82701624,0.83346769,0.83635271,0.83537060,0.83054723,0.82222593,0.81103591,0.79783991,0.78366368,0.76961050,0.75676622,0.74610279,0.73839052,0.73413022,0.73351487,0.73642609,0.74246560,0.75101588,0.76132003,0.77256868,0.78398114,0.79487048,0.80468595,0.81303109,0.81966131,0.82446813,0.82745877,0.82873817,0.82849731,0.82700774,0.82461845,0.82174960,0.81887722,0.81650497,0.81512250,0.81515430,0.81690665,0.82052302,0.82595775,0.83297540,0.84117778,0.85005572,0.85905687,0.86765792,0.87542853,0.88207567,0.88746140,0.89159267,0.89458776,0.89662898,0.89791351,0.89861387,0.89885603,0.89871829,0.89824860,0.89749340,0.89652866,0.89548308,0.89454609,0.89395690,0.89397623,0.89484686,0.89675217,0.89978251,0.90391693,0.90902429,0.91488288,0.92121329,0.92771664,0.93410919,0.94014549,0.94562587,0.95038796,0.95428666,0.95717001,0.95885993,0.95914526,0.95779152,0.95456729
0.95273537,0.95694781,0.96043301,0.96241948,0.96247061,0.96056815,0.95708650,0.95267462,0.94808448,0.94399536,0.94087991,0.93894216,0.93813511,0.93824294,0.93899666,0.94018553,0.94173041,0.94369887,0.94625953,0.94959224,0.95378386,0.95874390,0.96416835,0.96956552,0.97433979,0.97791268,0.97985036,0.97996468,0.97836166,0.97542402,0.97173096,0.96793410,0.96461922,0.96218679,0.96077896,0.96026810,0.96030670,0.96042288,0.96013620,0.95906481,0.95699914,0.95392740,0.95001116,0.94552236,0.94076227,0.93598611,0.93135376,0.92691795,0.92264997,0.91849211,0.91441820,0.91048212,0.90683735,0.90371930,0.90139296,0.90007869,0.89987588,0.90070595,0.90229177,0.90418204,0.90581816,0.90663051,0.90614392,0.90406944,0.90036302,0.89523883,0.88913624,0.88264943,0.87643646,0.87112796,0.86725316,0.86519526,0.86517934,0.86728755,0.87149016,0.87767765,0.88568136,0.89527502,0.90615773,0.91792668,0.93005288,0.94187490,0.95262172,0.96146941,0.96762711,0.97043976,0.96948886,0.96467092,0.95623621,0.94477798,0.93117200,0.91647674,0.90181158,0.88823427,0.87663707,0.86767588,0.86173780,0.85894417,0.85917843,0.86212448
0.92010426,0.92737913,0.93367882,0.93894663,0.94332011,0.94705515,0.95041726,0.95357081,0.95649912,0.95898077,0.96063258,0.96101073,0.95974454,0.95666783,0.95191259,0.94593844,0.93948629,0.93346212,0.92877296,0.92614933,0.92599284,0.92828358,0.93256903,0.93803791,0.94366330,0.94838441,0.95128944,0.95176376,0.94957721,0.94489835,0.93823954,0.93034979,0.92208221,0.91426448,0.90759732,0.90259536,0.89957305,0.89866633,0.89987353,0.90309690,0.90816947,0.91486003,0.92285751,0.93174517,0.94097968,0.94989084,0.95771345,0.96365453,0.96698926,0.96717007,0.96392809,0.95734507,0.94787869,0.93633229,0.92377105,0.91139687,0.90040204,0.89182563,0.88643470,0.88464714,0.88650363,0.89168703,0.89957956,0.90934297,0.92000619,0.93054740,0.93996282,0.94732026,0.95180084,0.95273484,0.94963762,0.94224857,0.93057157,0.91491027,0.89588837,0.87444397,0.85178929,0.82933294,0.80856843,0.79094047,0.77770598,0.76980924,0.76778931,0.77173314,0.78128014,0.79567560,0.81386283,0.83459833,0.85657219,0.87851779,0.89929901,0.91796934,0.93380334,0.94630545,0.95520355,0.96043458,0.96212698,0.96058164,0.95624926,0.94969995
0.98166093,0.98148395,0.97942461,0.97564920,0.97039191,0.96394544,0.95663323,0.94877243,0.94063978,0.93245160,0.92436418,0.91649408,0.90895144,0.90187520,0.89545853,0.88995501,0.88566082,0.88287453,0.88184210,0.88270010,0.88543180,0.88984860,0.89560312,0.90223217,0.90922006,0.91606807,0.92235494,0.92777614,0.93215510,0.93542637,0.93759740,0.93870090,0.93875192,0.93772268,0.93554279,0.93212521,0.92741100,0.92142022,0.91429475,0.90632052,0.89792121,0.88962266,0.88199358,0.87557434,0.87080855,0.86799168,0.86724696,0.86853206,0.87167266,0.87641282,0.88246894,0.88957416,0.89750351,0.90607578,0.91513424,0.92451447,0.93401072,0.94335318,0.95220535,0.96018555,0.96690972,0.97204702,0.97537570,0.97682613,0.97650036,0.97466275,0.97170235,0.96807450,0.96423339,0.96056958,0.95736463,0.95477105,0.95281935,0.95144774,0.95054510,0.94999525,0.94971139,0.94965254,0.94981937,0.95023218,0.95089876,0.95178242,0.95278033,0.95371961,0.95437382,0.95449716,0.95386909,0.95233918,0.94986170,0.94651170,0.94247892,0.93804056,0.93351948,0.92923676,0.92546894,0.92241803,0.92019855,0.91884137,0.91830931,0.91851721
0.91490843,0.92185553,0.92989659,0.93889753,0.94850144,0.95813934,0.96709398,0.97460722,0.98001003,0.98284774,0.98297317,0.98058702,0.97621631,0.97063508,0.96474351,0.95942956,0.95543901,0.95327627,0.95315043,0.95497115,0.95838947,0.96287140,0.96778774,0.97250350,0.97645285,0.97919108,0.98042113,0.97999815,0.97791847,0.97430069,0.96936455,0.96341054,0.95680067,0.94993852,0.94324654,0.93713894,0.93198972,0.92809783,0.92565307,0.92470796,0.92516123,0.92675719,0.92910308,0.93170332,0.93400744,0.93546628,0.93559042,0.93400444,0.93049112,0.92502053,0.91776043,0.90906661,0.89945362,0.88954832,0.88003011,0.87156320,0.86472755,0.85995607,0.85748619,0.85733264,0.85928608,0.86293873,0.86773426,0.87303591,0.87820382,0.88267099,0.88600732,0.88796249,0.88848239,0.88769828,0.88589298,0.88345198,0.88080884,0.87839391,0.87659323,0.87572132,0.87600824,0.87759815,0.88055419,0.88486405,0.89044161,0.89712329,0.90466169,0.91272186,0.92088693,0.92867837,0.93559323,0.94115631,0.94498094,0.94682857,0.94665512,0.94463258,0.94113779,0.93670591,0.93195397,0.92748614,0.92379710,0.92119037,0.91972602,0.91920662
0.97478917,0.97801201,0.98005702,0.98080622,0.98014846,0.97801658,0.97440914,0.96939492,0.96310447,0.95571703,0.94745133,0.93856533,0.92936463,0.92021434,0.91154601,0.90385102,0.89765420,0.89346642,0.89172076,0.89270307,0.89649129,0.90291880,0.91157262,0.92183018,0.93292944,0.94405963,0.95445557,0.96347851,0.97066993,0.97577136,0.97871072,0.97956281,0.97849679,0.97572546,0.97146880,0.96593939,0.95934969,0.95193461,0.94397815,0.93583151,0.92791271,0.92068271,0.91459985,0.91006056,0.90733918,0.90654077,0.90757889,0.91018484,0.91394789,0.91837900,0.92298522,0.92733976,0.93113421,0.93420350,0.93652064,0.93816521,0.93927491,0.93999284,0.94042292,0.94060287,0.94049904,0.94002142,0.93905240,0.93747964,0.93522354,0.93225185,0.92857874,0.92425028,0.91932296,0.91384371,0.90783988,0.90132429,0.89431641,0.88687514,0.87913516,0.87133629,0.86383599,0.85709820,0.85165681,0.84805778,0.84678918,0.84821173,0.85250273,0.85962396,0.86931931,0.88114188,0.89450460,0.90874394,0.92318483,0.93719544,0.95022455,0.96181858,0.97162079,0.97935898,0.98482948,0.98788538,0.98843372,0.98644287,0.98195728,0.97511310
0.93319280,0.92357336,0.91324100,0.90242571,0.89102762,0.87870640,0.86505629,0.84982676,0.83313286,0.81559655,0.79837316,0.78304375,0.77138736,0.76507681,0.76536092,0.77279947,0.78710649,0.80713531,0.83101034,0.85638133,0.88075126,0.90181510,0.91774675,0.92738617,0.93030359,0.92674590,0.91749442,0.90367739,0.88658298,0.86751036,0.84768041,0.82820836,0.81012262,0.79440204,0.78200042,0.77383354,0.77071787,0.77326751,0.78177092,0.79607886,0.81553543,0.83897718,0.86481113,0.89116573,0.91609270,0.93778614,0.95478153,0.96610177,0.97132886,0.97059562,0.96450725,0.95401482,0.94026893,0.92448125,0.90781515,0.89131626,0.87588222,0.86226127,0.85106421,0.84277419,0.83774351,0.83617436,0.83808892,0.84330014,0.85139745,0.86175975,0.87360193,0.88605294,0.89825441,0.90946289,0.91913610,0.92698665,0.93299292,0.93736607,0.94048121,0.94278777,0.94471796,0.94661163,0.94867099,0.95095098,0.95338240,0.95581749,0.95808316,0.96002754,0.96154873,0.96260138,0.96318326,0.96331009,0.96298939,0.96220454,0.96091600,0.95908135,0.95668886,0.95379430,0.95054793,0.94720052,0.94408169,0.94155133,0.93993188,0.93943476
0.85771600,0.87788008,0.89874590,0.91891764,0.93708774,0.95214329,0.96323174,0.96978785,0.97153038,0.96844003,0.96072921,0.94881139,0.93327326,0.91484867,0.89439059,0.87283647,0.85116329,0.83033216,0.81122613,0.79458900,0.78097471,0.77071619,0.76391901,0.76048032,0.76012811,0.76247266,0.76706008,0.77341917,0.78109550,0.78967024,0.79876586,0.80804359,0.81719931,0.82596398,0.83411191,0.84147651,0.84796936,0.85359625,0.85846321,0.86276754,0.86677217,0.87076562,0.87501403,0.87971396,0.88495554,0.89070418,0.89680520,0.90301105,0.90902583,0.91455791,0.91936993,0.92331599,0.92635934,0.92856781,0.93008946,0.93111480,0.93183437,0.93240116,0.93290548,0.93336667,0.93374179,0.93394710,0.93388558,0.93347266,0.93265346,0.93140791,0.92974316,0.92767669,0.92521547,0.92233789,0.91898447,0.91506120,0.91045615,0.90506645,0.89882959,0.89175193,0.88392766,0.87554366,0.86686895,0.85823069,0.84998106,0.84246102,0.83596744,0.83072895,0.82689396,0.82453152,0.82364263,0.82417743,0.82605332,0.82916934,0.83341438,0.83866856,0.84479886,0.85165127,0.85904209,0.86675093,0.87451771,0.88204419,0.88899984,0.89503013
0.91465559,0.92472791,0.93284755,0.93863408,0.94174824,0.94194368,0.93912128,0.93337395,0.92501164,0.91456087,0.90273829,0.89040202,0.87848726,0.86793337,0.85960972,0.85424627,0.85237359,0.85427531,0.85995503,0.86912030,0.88118652,0.89530472,0.91041559,0.92532903,0.93882405,0.94975894,0.95717914,0.96040927,0.95911754,0.95334384,0.94348783,0.93025921,0.91459800,0.89757815,0.88030935,0.86385100,0.84914754,0.83698825,0.82798878,0.82258733,0.82104720,0.82345819,0.82973238,0.83959470,0.85257291,0.86799544,0.88500640,0.90260484,0.91971046,0.93525134,0.94826342,0.95798685,0.96394363,0.96598248,0.96428260,0.95931483,0.95176733,0.94244918,0.93218971,0.92175089,0.91176614,0.90271215,0.89491258,0.88856563,0.88378312,0.88062728,0.87913380,0.87931479,0.88114206,0.88451814,0.88924667,0.89501497,0.90139902,0.90789514,0.91397585,0.91916086,0.92308930,0.92557789,0.92665130,0.92653660,0.92562093,0.92438040,0.92329456,0.92276434,0.92305020,0.92424224,0.92626664,0.92892412,0.93194975,0.93507839,0.93809977,0.94088987,0.94341184,0.94568752,0.94774838,0.94958030,0.95107798,0.95202237,0.95208839,0.95088286
0.97385391,0.97082873,0.96714823,0.96309107,0.95881402,0.95437083,0.94976134,0.94499699,0.94016397,0.93546537,0.93122756,0.92786457,0.92580441,0.92539147,0.92678603,0.92988403,0.93427609,0.93925765,0.94389163,0.94711617,0.94788168,0.94529644,0.93875809,0.92805021,0.91338910,0.89541446,0.87512724,0.85378602,0.83277833,0.81348464,0.79715154,0.78478717,0.77708800,0.77440100,0.77672085,0.78371718,0.79478397,0.80910220,0.82570779,0.84355870,0.86159757,0.87880801,0.89426374,0.90717086,0.91690345,0.92303293,0.92535071,0.92388263,0.91889254,0.91087210,0.90051415,0.88866901,0.87628500,0.86433690,0.85374838,0.84531610,0.83964411,0.83709692,0.83777774,0.84153498,0.84799601,0.85662293,0.86678150,0.87781298,0.88909819,0.90010500,0.91041386,0.91972004,0.92781611,0.93456192,0.93985160,0.94358727,0.94566654,0.94598759,0.94447059,0.94109058,0.93591365,0.92912711,0.92105505,0.91215358,0.90298409,0.89416757,0.88632717,0.88002823,0.87572545,0.87372429,0.87416076,0.87699927,0.88204487,0.88896401,0.89730732,0.90652925,0.91600242,0.92502779,0.93284523,0.93865080,0.94162703,0.94099039,0.93605606,0.92631552
0.92575189,0.92890110,0.93193230,0.93455888,0.93651373,0.93760336,0.93773332,0.93690600,0.93519832,0.93273005,0.92963317,0.92602994,0.92202281,0.91769477,0.91311577,0.90834972,0.90345810,0.89849869,0.89352109,0.88856290,0.88365043,0.87880664,0.87406602,0.86949294,0.86519794,0.86134547,0.85814844,0.85584767,0.85467860,0.85483130,0.85641257,0.85941906,0.86372851,0.86911215,0.87526601,0.88185407,0.88855326,0.89508938,0.90125563,0.90690993,0.91195285,0.91629330,0.91981250,0.92233757,0.92363405,0.92342209,0.92141519,0.91737445,0.91116706,0.90281572,0.89252753,0.88069476,0.86786620,0.85469417,0.84186690,0.83003903,0.81977209,0.81149452,0.80548533,0.80188018,0.80069402,0.80185062,0.80520974,0.81058439,0.81774526,0.82641404,0.83625170,0.84684943,0.85773013,0.86836554,0.87821021,0.88674913,0.89355155,0.89832134,0.90093380,0.90145141,0.90011528,0.89731421,0.89353758,0.88932117,0.88519520,0.88164193,0.87906733,0.87778695,0.87802271,0.87990506,0.88347454,0.88867840,0.89536172,0.90325615,0.91197256,0.92100477,0.92975020,0.93754979,0.94374496,0.94774485,0.94909350,0.94752503,0.94299596,0.93568749
0.94298557,0.94997928,0.95584580,0.96036340,0.96358839,0.96575076,0.96711706,0.96786482,0.96800720,0.96739036,0.96576303,0.96289585,0.95871305,0.95339576,0.94742419,0.94154182,0.93664468,0.93361759,0.93315328,0.93559625,0.94084928,0.94836646,0.95723645,0.96633833,0.97453598,0.98086931,0.98470345,0.98580812,0.98435600,0.98084693,0.97598006,0.97050600,0.96509293,0.96023400,0.95621090,0.95311297,0.95089718,0.94946580,0.94873664,0.94868538,0.94934931,0.95079383,0.95305389,0.95607027,0.95964252,0.96341597,0.96691137,0.96959392,0.97096779,0.97067491,0.96857527,0.96478924,0.95969121,0.95385452,0.94795889,0.94267976,0.93858264,0.93604369,0.93521104,0.93601119,0.93819504,0.94140926,0.94527452,0.94945211,0.95368488,0.95780656,0.96172197,0.96536840,0.96867307,0.97152120,0.97374594,0.97514415,0.97551498,0.97471105,0.97268859,0.96954183,0.96551093,0.96095881,0.95632025,0.95203374,0.94847120,0.94588094,0.94435610,0.94383463,0.94412963,0.94498176,0.94612098,0.94732315,0.94844863,0.94945527,0.95038475,0.95132845,0.95238359,0.95361291,0.95501876,0.95653808,0.95805829,0.95944787,0.96059100,0.96141462
0.99240450,0.98684317,0.98124745,0.97632375,0.97251730,0.96999000,0.96865590,0.96826126,0.96848723,0.96904862,0.96976511,0.97058937,0.97158910,0.97289206,0.97461241,0.97678036,0.97929517,0.98191486,0.98428616,0.98600827,0.98671571,0.98616041,0.98427362,0.98119320,0.97724981,0.97291572,0.96872755,0.96519951,0.96274477,0.96161908,0.96189559,0.96347204,0.96610503,0.96946102,0.97317155,0.97688139,0.98028222,0.98312931,0.98524355,0.98650464,0.98684222,0.98623073,0.98469072,0.98229616,0.97918366,0.97555799,0.97168810,0.96788989,0.96449571,0.96181388,0.96008517,0.95944458,0.95989644,0.96130859,0.96342762,0.96591296,0.96838373,0.97046979,0.97185798,0.97232622,0.97176088,0.97015715,0.96760512,0.96426699,0.96035165,0.95609191,0.95172782,0.94749667,0.94362768,0.94033783,0.93782478,0.93625434,0.93574219,0.93633245,0.93797799,0.94052830,0.94373041,0.94724611,0.95068558,0.95365393,0.95580379,0.95688522,0.95678377,0.95553946,0.95334279,0.95050847,0.94743147,0.94453361,0.94220957,0.94078116,0.94046584,0.94136247,0.94345337,0.94661853,0.95065608,0.95530242,0.96024739,0.96514248,0.96960361,0.97321266
0.93633865,0.92225379,0.90850359,0.89562691,0.88387359,0.87330038,0.86389762,0.85571086,0.84892538,0.84389282,0.84109468,0.84105334,0.84421351,0.85082280,0.86083879,0.87388269,0.88924852,0.90596486,0.92289556,0.93885920,0.95274556,0.96361060,0.97073842,0.97366760,0.97218674,0.96630943,0.95624069,0.94234537,0.92512489,0.90520353,0.88332047,0.86032058,0.83713631,0.81475546,0.79417325,0.77633241,0.76205825,0.75199805,0.74657347,0.74595295,0.75004702,0.75852584,0.77085431,0.78633780,0.80417084,0.82348234,0.84337389,0.86295054,0.88134657,0.89774989,0.91142863,0.92176186,0.92827379,0.93066833,0.92885851,0.92298450,0.91341457,0.90072582,0.88566490,0.86909303,0.85192231,0.83505205,0.81931333,0.80542788,0.79398439,0.78543158,0.78008420,0.77813588,0.77967212,0.78467778,0.79303634,0.80452173,0.81878685,0.83535509,0.85362153,0.87286894,0.89230091,0.91109082,0.92844170,0.94364916,0.95615778,0.96560175,0.97182295,0.97486371,0.97493648,0.97237689,0.96758961,0.96099689,0.95299830,0.94394720,0.93414528,0.92385267,0.91330727,0.90274527,0.89241430,0.88257342,0.87347760,0.86534915,0.85834212,0.85250790
0.98736133,0.99054330,0.99351882,0.99591263,0.99730782,0.99734012,0.99578910,0.99264673,0.98814772,0.98275345,0.97709129,0.97186080,0.96772509,0.96520844,0.96461904,0.96600929,0.96917827,0.97371191,0.97905010,0.98456564,0.98964024,0.99372537,0.99638108,0.99729231,0.99626716,0.99322537,0.98818546,0.98125703,0.97264038,0.96263143,0.95162619,0.94011793,0.92868116,0.91793981,0.90852088,0.90099914,0.89584100,0.89335701,0.89367102,0.89671133,0.90222476,0.90981037,0.91896604,0.92913962,0.93977675,0.95035947,0.96043305,0.96962126,0.97763297,0.98426367,0.98939532,0.99299638,0.99512166,0.99590981,0.99557547,0.99439324,0.99267278,0.99072657,0.98883483,0.98721339,0.98599091,0.98520053,0.98478801,0.98463529,0.98459459,0.98452569,0.98432807,0.98396070,0.98344545,0.98285387,0.98228168,0.98181797,0.98151761,0.98138424,0.98136857,0.98138230,0.98132415,0.98111081,0.98070411,0.98012670,0.97946113,0.97883168,0.97837319,0.97819462,0.97834702,0.97880505,0.97946776,0.98017992,0.98076940,0.98109213,0.98107305,0.98073243,0.98018946,0.97964051,0.97931543,0.97942063,0.98008120,0.98129499,0.98290906,0.98462430
0.97292421,0.97155578,0.96967261,0.96769338,0.96580555,0.96397311,0.96199724,0.95961343,0.95660103,0.95287942,0.94856835,0.94399883,0.93967244,0.93617867,0.93408887,0.93384905,0.93569327,0.93959335,0.94525291,0.95214512,0.95958572,0.96682767,0.97316074,0.97799978,0.98094855,0.98183145,0.98069203,0.97776284,0.97341568,0.96810265,0.96229787,0.95644775,0.95093464,0.94605592,0.94201799,0.93894223,0.93687863,0.93582233,0.93572852,0.93652307,0.93810768,0.94036017,0.94313174,0.94624351,0.94948531,0.95261886,0.95538757,0.95753335,0.95881929,0.95905545,0.95812354,0.95599591,0.95274477,0.94853885,0.94362644,0.93830622,0.93288947,0.92765933,0.92283399,0.91854047,0.91480402,0.91155551,0.90865560,0.90593152,0.90322003,0.90040877,0.89746846,0.89447007,0.89158353,0.88905822,0.88718909,0.88627466,0.88657475,0.88827518,0.89146465,0.89612623,0.90214293,0.90931407,0.91737781,0.92603448,0.93496636,0.94385078,0.95236624,0.96019324,0.96701345,0.97251148,0.97638291,0.97835048,0.97818777,0.97574724,0.97098766,0.96399538,0.95499404,0.94433972,0.93250022,0.92002053,0.90747836,0.89543571,0.88439228,0.87474598
0.89809325,0.89389416,0.89035055,0.88782437,0.88664131,0.88704580,0.88914834,0.89288409,0.89800012,0.90408054,0.91060710,0.91704156,0.92290955,0.92786517,0.93172064,0.93443505,0.93606629,0.93670055,0.93637981,0.93504988,0.93254632,0.92862592,0.92303768,0.91561580,0.90637006,0.89554900,0.88365803,0.87142510,0.85971883,0.84943464,0.84137177,0.83612638,0.83402234,0.83509235,0.83910979,0.84565927,0.85422534,0.86427559,0.87531851,0.88692462,0.89871068,0.91029739,0.92125871,0.93108372,0.93916950,0.94485569,0.94749996,0.94658248,0.94181801,0.93325052,0.92130720,0.90679622,0.89084387,0.87477882,0.85998214,0.84772833,0.83904412,0.83460729,0.83469904,0.83921186,0.84770426,0.85948563,0.87371141,0.88947037,0.90585133,0.92198491,0.93706365,0.95035007,0.96118486,0.96900564,0.97338192,0.97406430,0.97103906,0.96457387,0.95523895,0.94389063,0.93161104,0.91960640,0.90907558,0.90106796,0.89635321,0.89532422,0.89794953,0.90378249,0.91202468,0.92163181,0.93144401,0.94031963,0.94725355,0.95146608,0.95245555,0.95001533,0.94422147,0.93540059,0.92408761,0.91098074,0.89689682,0.88272615,0.86938282,0.85774625
0.85984712,0.85829743,0.86039087,0.86654160,0.87650950,0.88939568,0.90374566,0.91774595,0.92948212,0.93721311,0.93961367,0.93594356,0.92611945,0.91068612,0.89070387,0.86758251,0.84289739,0.81822032,0.79498939,0.77442963,0.75752340,0.74501821,0.73745242,0.73517844,0.73836782,0.74699257,0.76078769,0.77920846,0.80140066,0.82620062,0.85217717,0.87771902,0.90116165,0.92093919,0.93574025,0.94464453,0.94721960,0.94356374,0.93428980,0.92045423,0.90344321,0.88483241,0.86623879,0.84918150,0.83496557,0.82459699,0.81873265,0.81766368,0.82132782,0.82934445,0.84106607,0.85564066,0.87208037,0.88933306,0.90635340,0.92217059,0.93594921,0.94703971,0.95501492,0.95968954,0.96112089,0.95959054,0.95556813,0.94966060,0.94255097,0.93493214,0.92744189,0.92060492,0.91478758,0.91016950,0.90673456,0.90428233,0.90245882,0.90080423,0.89881315,0.89600120,0.89197099,0.88646956,0.87943060,0.87099632,0.86151639,0.85152398,0.84169174,0.83277256,0.82553187,0.82067891,0.81880422,0.82032899,0.82546978,0.83421963,0.84634491,0.86139590,0.87872940,0.89754134,0.91690817,0.93583541,0.95331189,0.96836807,0.98013612,0.98790871
0.96593293,0.96398881,0.96048680,0.95579161,0.95031589,0.94445276,0.93851379,0.93269194,0.92706224,0.92162155,0.91635501,0.91130713,0.90663266,0.90260775,0.89959296,0.89795277,0.89794844,0.89962919,0.90275032,0.90674374,0.91075670,0.91375899,0.91470155,0.91269515,0.90717113,0.89798968,0.88547285,0.87035607,0.85366931,0.83657302,0.82018248,0.80541572,0.79289437,0.78291398,0.77548414,0.77042214,0.76747212,0.76641740,0.76715771,0.76973396,0.77429739,0.78103402,0.79006639,0.80135957,0.81465712,0.82946487,0.84508793,0.86071294,0.87551612,0.88877160,0.89993515,0.90868522,0.91491427,0.91867566,0.92010244,0.91932086,0.91638266,0.91123496,0.90373681,0.89371918,0.88107375,0.86584787,0.84832131,0.82904358,0.80882002,0.78864611,0.76960119,0.75272207,0.73888144,0.72869448,0.72247039,0.72021521,0.72168058,0.72644340,0.73399600,0.74382587,0.75546879,0.76852746,0.78265749,0.79753109,0.81279474,0.82803824,0.84278905,0.85653863,0.86879796,0.87917084,0.88742739,0.89355895,0.89779880,0.90060053,0.90257530,0.90439846,0.90670301,0.90998056,0.91450895,0.92031937,0.92720721,0.93478063,0.94253300,0.94992125
0.94403117,0.94623525,0.94884904,0.95178254,0.95485999,0.95781151,0.96028262,0.96186873,0.96217616,0.96090312,0.95792559,0.95336734,0.94763335,0.94139141,0.93549752,0.93087244,0.92834730,0.92850419,0.93154062,0.93718567,0.94468846,0.95288714,0.96035120,0.96557429,0.96718422,0.96413379,0.95584067,0.94225631,0.92385734,0.90156765,0.87663035,0.85045661,0.82447942,0.80003643,0.77829599,0.76022829,0.74661147,0.73805465,0.73501760,0.73781093,0.74656872,0.76119611,0.78130417,0.80615119,0.83461184,0.86519236,0.89610183,0.92537810,0.95105500,0.97134813,0.98483151,0.99057843,0.98824570,0.97809102,0.96092433,0.93800550,0.91090819,0.88137320,0.85117279,0.82200109,0.79539713,0.77269825,0.75501479,0.74321416,0.73790303,0.73940131,0.74770799,0.76246572,0.78293612,0.80799938,0.83618973,0.86577231,0.89485949,0.92155596,0.94411546,0.96108817,0.97143860,0.97461835,0.97058576,0.95977370,0.94301490,0.92144022,0.89636735,0.86919614,0.84132222,0.81407396,0.78867152,0.76620149,0.74759817,0.73362352,0.72484105,0.72158440,0.72392579,0.73165301,0.74426425,0.76098756,0.78082779,0.80263798,0.82520677,0.84734982
0.94370725,0.95327508,0.96199507,0.96945356,0.97515520,0.97858898,0.97930859,0.97701490,0.97162634,0.96332362,0.95255795,0.94001842,0.92656201,0.91311697,0.90057573,0.88969487,0.88101814,0.87483389,0.87117222,0.86984033,0.87048777,0.87268791,0.87601929,0.88013092,0.88478019,0.88983848,0.89526710,0.90107252,0.90725332,0.91375253,0.92042633,0.92703630,0.93326651,0.93876111,0.94317363,0.94621689,0.94770311,0.94756662,0.94586636,0.94277004,0.93852569,0.93342847,0.92779049,0.92191961,0.91610969,0.91064127,0.90578828,0.90182437,0.89902285,0.89764575,0.89792092,0.90000969,0.90397097,0.90972939,0.91705555,0.92556434,0.93473444,0.94394780,0.95254412,0.95988286,0.96540386,0.96867843,0.96944503,0.96762635,0.96332824,0.95682348,0.94852502,0.93895405,0.92870672,0.91842196,0.90875058,0.90032443,0.89372372,0.88944159,0.88784615,0.88914273,0.89334074,0.90023132,0.90938161,0.92015065,0.93172874,0.94319872,0.95361355,0.96208165,0.96784954,0.97037159,0.96935847,0.96479921,0.95695571,0.94633223,0.93362572,0.91966407,0.90534022,0.89154848,0.87912784,0.86881421,0.86120159,0.85671040,0.85556095,0.85775119
0.94487038,0.94773086,0.95079429,0.95411218,0.95767819,0.96139346,0.96505112,0.96835192,0.97095354,0.97254508,0.97292874,0.97208636,0.97021106,0.96769253,0.96505587,0.96286554,0.96161399,0.96161876,0.96295077,0.96541025,0.96855703,0.97178949,0.97445558,0.97597185,0.97592561,0.97414025,0.97069326,0.96588740,0.96018530,0.95412411,0.94822956,0.94294663,0.93859902,0.93538090,0.93337663,0.93259689,0.93301678,0.93460249,0.93731848,0.94111338,0.94589048,0.95147332,0.95757904,0.96381116,0.96967894,0.97464410,0.97818861,0.97989155,0.97949978,0.97697771,0.97252544,0.96656056,0.95966648,0.95251632,0.94578598,0.94007158,0.93582489,0.93331588,0.93262585,0.93366798,0.93622726,0.94000889,0.94468442,0.94992707,0.95543207,0.96092229,0.96614321,0.97085435,0.97482397,0.97783289,0.97968966,0.98025529,0.97947237,0.97739077,0.97418218,0.97013747,0.96564424,0.96114623,0.95709020,0.95386880,0.95176927,0.95093703,0.95136049,0.95287980,0.95521725,0.95802344,0.96093048,0.96360264,0.96577639,0.96728406,0.96805935,0.96812590,0.96757358,0.96652823,0.96512137,0.96346508,0.96163517,0.95966325,0.95753620,0.95519995
0.92780929,0.91899109,0.91123305,0.90481427,0.89968508,0.89554041,0.89193357,0.88840709,0.88461442,0.88040866,0.87588131,0.87134445,0.86726270,0.86415169,0.86246672,0.86250577,0.86434616,0.86782598,0.87257169,0.87806444,0.88373074,0.88903899,0.89358259,0.89713401,0.89966049,0.90130126,0.90231422,0.90300620,0.90366294,0.90449288,0.90559490,0.90695352,0.90845940,0.90994794,0.91124512,0.91220950,0.91276069,0.91288903,0.91264639,0.91212259,0.91141535,0.91060239,0.90972319,0.90877472,0.90772204,0.90652052,0.90514371,0.90360908,0.90199445,0.90044013,0.89913540,0.89829164,0.89810776,0.89873514,0.90024944,0.90263513,0.90578584,0.90952055,0.91361186,0.91782077,0.92193058,0.92577369,0.92924648,0.93231077,0.93498307,0.93731527,0.93937205,0.94121034,0.94286548,0.94434665,0.94564178,0.94672983,0.94759640,0.94824830,0.94872286,0.94908957,0.94944343,0.94989134,0.95053459,0.95145130,0.95268257,0.95422531,0.95603310,0.95802451,0.96009656,0.96214023,0.96405426,0.96575497,0.96718011,0.96828721,0.96904732,0.96943679,0.96942929,0.96899061,0.96807723,0.96663900,0.96462456,0.96198762,0.95869179,0.95471213
0.92504390,0.91845859,0.91340445,0.91029673,0.90931123,0.91036659,0.91314125,0.91712665,0.92171063,0.92627716,0.93030320,0.93343212,0.93550825,0.93656552,0.93677424,0.93635913,0.93550794,0.93429197,0.93261724,0.93021920,0.92670476,0.92163488,0.91463118,0.90548369,0.89423577,0.88122694,0.86708370,0.85265944,0.83893480,0.82689714,0.81742078,0.81116837,0.80852873,0.80959825,0.81420395,0.82195805,0.83232820,0.84470657,0.85846384,0.87298008,0.88765242,0.90188572,0.91507718,0.92660705,0.93584556,0.94218154,0.94507211,0.94410640,0.93907140,0.93000624,0.91723230,0.90135059,0.88320456,0.86381244,0.84427926,0.82570160,0.80907892,0.79524289,0.78481232,0.77817537,0.77549602,0.77673750,0.78169389,0.79002171,0.80126626,0.81488089,0.83024123,0.84665856,0.86339747,0.87970179,0.89483074,0.90810377,0.91894973,0.92695318,0.93189011,0.93374624,0.93271385,0.92916710,0.92361960,0.91667090,0.90895007,0.90106435,0.89355894,0.88689156,0.88142176,0.87741237,0.87503792,0.87439475,0.87550851,0.87833694,0.88276845,0.88861900,0.89563083,0.90347624,0.91176894,0.92008334,0.92798028,0.93503568,0.94086737,0.94515537
0.92747643,0.92836771,0.92932241,0.93071695,0.93269975,0.93516737,0.93779287,0.94010012,0.94156789,0.94174072,0.94032215,0.93723094,0.93260996,0.92678873,0.92021077,0.91334349,0.90659078,0.90022605,0.89435804,0.88893361,0.88377392,0.87863328,0.87326677,0.86749201,0.86123366,0.85454397,0.84759845,0.84067051,0.83409269,0.82821343,0.82335751,0.81979603,0.81772853,0.81727669,0.81848688,0.82133809,0.82575181,0.83160158,0.83872067,0.84690763,0.85593033,0.86552919,0.87542074,0.88530203,0.89485593,0.90375765,0.91168267,0.91831721,0.92337239,0.92660296,0.92783041,0.92696849,0.92404790,0.91923576,0.91284480,0.90532802,0.89725600,0.88927628,0.88205824,0.87622958,0.87231325,0.87067419,0.87148373,0.87470664,0.88011211,0.88730577,0.89577677,0.90495147,0.91424474,0.92310131,0.93102251,0.93757843,0.94240908,0.94522100,0.94578607,0.94394737,0.93963418,0.93288441,0.92386974,0.91291604,0.90051118,0.88729315,0.87401480,0.86148626,0.85050155,0.84175970,0.83579293,0.83291304,0.83318428,0.83642609,0.84224427,0.85008418,0.85929638,0.86920321,0.87915552,0.88857215,0.89695939,0.90391291,0.90910881,0.91229169
0.95144622,0.94878860,0.94597963,0.94351842,0.94176133,0.94087656,0.94083980,0.94147125,0.94250487,0.94367290,0.94478510,0.94578277,0.94675418,0.94790736,0.94950701,0.95179072,0.95488433,0.95873628,0.96308645,0.96747768,0.97130961,0.97392581,0.97471809,0.97322821,0.96922778,0.96276177,0.95414901,0.94394178,0.93285400,0.92167247,0.91116660,0.90201088,0.89473010,0.88967230,0.88700846,0.88675292,0.88879513,0.89293243,0.89889569,0.90636316,0.91496271,0.92426665,0.93378552,0.94296821,0.95121441,0.95790273,0.96243417,0.96428669,0.96307314,0.95859306,0.95086901,0.94016023,0.92695009,0.91190818,0.89583182,0.87957493,0.86397431,0.84978308,0.83761978,0.82793828,0.82101970,0.81698346,0.81581181,0.81738065,0.82148950,0.82788541,0.83627776,0.84634373,0.85772725,0.87003548,0.88283835,0.89567529,0.90807181,0.91956571,0.92973969,0.93825554,0.94488380,0.94952330,0.95220658,0.95308958,0.95242690,0.95053666,0.94776093,0.94442849,0.94082568,0.93717951,0.93365402,0.93035835,0.92736241,0.92471502,0.92245928,0.92064104,0.91930873,0.91850472,0.91825132,0.91853516,0.91929478,0.92041495,0.92172979,0.92303448
0.89394811,0.88418431,0.87574916,0.86939375,0.86563341,0.86466795,0.86635417,0.87024005,0.87565680,0.88185147,0.88813257,0.89399754,0.89921473,0.90384317,0.90818768,0.91270122,0.91785727,0.92402069,0.93134497,0.93971756,0.94876398,0.95790846,0.96647603,0.97381251,0.97939530,0.98291177,0.98429055,0.98368269,0.98140145,0.97783762,0.97337178,0.96830402,0.96281593,0.95697148,0.95075339,0.94412336,0.93708857,0.92975643,0.92236269,0.91526519,0.90890438,0.90373957,0.90017543,0.89849526,0.89881546,0.90107042,0.90503001,0.91034428,0.91660420,0.92340428,0.93039337,0.93730359,0.94395376,0.95022962,0.95604918,0.96132437,0.96593062,0.96969352,0.97239698,0.97381190,0.97373871,0.97205406,0.96875005,0.96395674,0.95794207,0.95108847,0.94385069,0.93670283,0.93008468,0.92435724,0.91977472,0.91647643,0.91449758,0.91379357,0.91427012,0.91581118,0.91829813,0.92161701,0.92565406,0.93028257,0.93534642,0.94064610,0.94593261,0.95091269,0.95526618,0.95867320,0.96084631,0.96156176,0.96068427,0.95818156,0.95412714,0.94869196,0.94212712,0.93474065,0.92687170,0.91886497,0.91104747,0.90370860,0.89708302,0.89133553
0.96661930,0.96470496,0.96338491,0.96273700,0.96279387,0.96355536,0.96498860,0.96701671,0.96950142,0.97222722,0.97489569,0.97713632,0.97853654,0.97868861,0.97724661,0.97398370,0.96883914,0.96194551,0.95362992,0.94438736,0.93482932,0.92561533,0.91737835,0.91065551,0.90583415,0.90311981,0.90252802,0.90389801,0.90692288,0.91118949,0.91622094,0.92151613,0.92658286,0.93096375,0.93425599,0.93612729,0.93633035,0.93471696,0.93125143,0.92602144,0.91924321,0.91125761,0.90251483,0.89354636,0.88492581,0.87722194,0.87094912,0.86652104,0.86421335,0.86413910,0.86623971,0.87029137,0.87592559,0.88266070,0.88994051,0.89717640,0.90378954,0.90925087,0.91311739,0.91506332,0.91490504,0.91261819,0.90834535,0.90239253,0.89521337,0.88738043,0.87954453,0.87238452,0.86655185,0.86261562,0.86101450,0.86202091,0.86572133,0.87201406,0.88062367,0.89112905,0.90300093,0.91564392,0.92843780,0.94077424,0.95208633,0.96187085,0.96970474,0.97525849,0.97830858,0.97875015,0.97660937,0.97205345,0.96539530,0.95708917,0.94771420,0.93794369,0.92850046,0.92010094,0.91339365,0.90889906,0.90695829,0.90769693,0.91100800,0.91655595
0.98747142,0.98941499,0.99094223,0.99192922,0.99208044,0.99100472,0.98832414,0.98379085,0.97738443,0.96936655,0.96027954,0.95088834,0.94207767,0.93472547,0.92957738,0.92714503,0.92764465,0.93098316,0.93678930,0.94447887,0.95333817,0.96260875,0.97155922,0.97953576,0.98598918,0.99048266,0.99268815,0.99238043,0.98943641,0.98384333,0.97571467,0.96530858,0.95304075,0.93948388,0.92534806,0.91144045,0.89860678,0.88766143,0.87931511,0.87410999,0.87237109,0.87417989,0.87937223,0.88755901,0.89816480,0.91047805,0.92370653,0.93703244,0.94966346,0.96087761,0.97006103,0.97673867,0.98059782,0.98150404,0.97950815,0.97484269,0.96790613,0.95923463,0.94946236,0.93927372,0.92935187,0.92032911,0.91274418,0.90701078,0.90339991,0.90203636,0.90290756,0.90588112,0.91072691,0.91713954,0.92475877,0.93318676,0.94200301,0.95077851,0.95909106,0.96654329,0.97278372,0.97752975,0.98058972,0.98188036,0.98143572,0.97940460,0.97603587,0.97165293,0.96662122,0.96131352,0.95607840,0.95121642,0.94696686,0.94350564,0.94095267,0.93938436,0.93884660,0.93936280,0.94093421,0.94353113,0.94707718,0.95143045,0.95636687,0.96157101
0.90857983,0.91146746,0.91101147,0.90755401,0.90156573,0.89361689,0.88437015,0.87458386,0.86510942,0.85686702,0.85079001,0.84773748,0.84838501,0.85311159,0.86190552,0.87431101,0.88943127,0.90599407,0.92247385,0.93725428,0.94880774,0.95586586,0.95755754,0.95349721,0.94381468,0.92912743,0.91046415,0.88915432,0.86670054,0.84464932,0.82447258,0.80746735,0.79467723,0.78683638,0.78433530,0.78720742,0.79513578,0.80747955,0.82332001,0.84152532,0.86083147,0.87993503,0.89759024,0.91270187,0.92440414,0.93211798,0.93558115,0.93484948,0.93027087,0.92243681,0.91211815,0.90019291,0.88757384,0.87514188,0.86369002,0.85387985,0.84621154,0.84100717,0.83840691,0.83837733,0.84073121,0.84515726,0.85125793,0.85859224,0.86671984,0.87524158,0.88383176,0.89225762,0.90038348,0.90815912,0.91559538,0.92273185,0.92960338,0.93621198,0.94250958,0.94839467,0.95372326,0.95833127,0.96206341,0.96480195,0.96648908,0.96713819,0.96683213,0.96570950,0.96394273,0.96171333,0.95918963,0.95651152,0.95378427,0.95108109,0.94845142,0.94593054,0.94354589,0.94131654,0.93924482,0.93730203,0.93541241,0.93344115,0.93119185,0.92841717
0.92869981,0.92275304,0.91667199,0.91034795,0.90352970,0.89596560,0.88754020,0.87837241,0.86885205,0.85960630,0.85140412,0.84502068,0.84109219,0.83999223,0.84175473,0.84605749,0.85226698,0.85953336,0.86691564,0.87351290,0.87857864,0.88160026,0.88233442,0.88079797,0.87722265,0.87198786,0.86554751,0.85836594,0.85087283,0.84344130,0.83638695,0.82998123,0.82447018,0.82008995,0.81707244,0.81563819,0.81597711,0.81822121,0.82241577,0.82849598,0.83627517,0.84544822,0.85561067,0.86629080,0.87698965,0.88722285,0.89655786,0.90464185,0.91121710,0.91612340,0.91928919,0.92071506,0.92045381,0.91859150,0.91523251,0.91049041,0.90448465,0.89734173,0.88919856,0.88020570,0.87052814,0.86034283,0.84983270,0.83917886,0.82855286,0.81811139,0.80799535,0.79833404,0.78925378,0.78088912,0.77339363,0.76694713,0.76175649,0.75804842,0.75605413,0.75598741,0.75801914,0.76225228,0.76870155,0.77728141,0.78780417,0.79998861,0.81347701,0.82785766,0.84268912,0.85752305,0.87192348,0.88548180,0.89782797,0.90863988,0.91765284,0.92467073,0.92957919,0.93235886,0.93309567,0.93198375,0.92931763,0.92547132,0.92086446,0.91591774
0.95295661,0.94227092,0.93179204,0.92236894,0.91459116,0.90879981,0.90513121,0.90357664,0.90404110,0.90638756,0.91045886,0.91607689,0.92302513,0.93102524,0.93971943,0.94866862,0.95737143,0.96530341,0.97197014,0.97696437,0.98001564,0.98102241,0.98005984,0.97736160,0.97327879,0.96822410,0.96261185,0.95680505,0.95107870,0.94560471,0.94045896,0.93564663,0.93113881,0.92691147,0.92297869,0.91941340,0.91635222,0.91398440,0.91252770,0.91219667,0.91316942,0.91555851,0.91939011,0.92459338,0.93100018,0.93835314,0.94632005,0.95451178,0.96250227,0.96984980,0.97611969,0.98090905,0.98387372,0.98475680,0.98341674,0.97985148,0.97421459,0.96681891,0.95812422,0.94870756,0.93921745,0.93031600,0.92261568,0.91661864,0.91266671,0.91090895,0.91129114,0.91356860,0.91733975,0.92209520,0.92727445,0.93232230,0.93673773,0.94011053,0.94214406,0.94266460,0.94162034,0.93907331,0.93518807,0.93021961,0.92450158,0.91843387,0.91246711,0.90708119,0.90275578,0.89993311,0.89897575,0.90012480,0.90346518,0.90890472,0.91617259,0.92483958,0.93435942,0.94412598,0.95353791,0.96206019,0.96927237,0.97489573,0.97879582,0.98096143
0.89529368,0.90382036,0.91225473,0.92039903,0.92798040,0.93469656,0.94027055,0.94450434,0.94732097,0.94878709,0.94911083,0.94861445,0.94768622,0.94671999,0.94605342,0.94591604,0.94639591,0.94743049,0.94882298,0.95028155,0.95147525,0.95209726,0.95192420,0.95086076,0.94896096,0.94642243,0.94355541,0.94073282,0.93833099,0.93667171,0.93597510,0.93633086,0.93769184,0.93988970,0.94266784,0.94572360,0.94874996,0.95146828,0.95364656,0.95510212,0.95569186,0.95529597,0.95380261,0.95110066,0.94708553,0.94167932,0.93486263,0.92671095,0.91742635,0.90735464,0.89698086,0.88689999,0.87776480,0.87021781,0.86481744,0.86197081,0.86188415,0.86453967,0.86970209,0.87695293,0.88574509,0.89546721,0.90550614,0.91529786,0.92436033,0.93230647,0.93884006,0.94374070,0.94684612,0.94803971,0.94724888,0.94445575,0.93971756,0.93319041,0.92514812,0.91598861,0.90622213,0.89643978,0.88726494,0.87929396,0.87303567,0.86885977,0.86696305,0.86735877,0.86989026,0.87426469,0.88009973,0.88697393,0.89447192,0.90221799,0.90989425,0.91724371,0.92406109,0.93017689,0.93544064,0.93970842,0.94283783,0.94469044,0.94513935,0.94407797
0.95345337,0.95743257,0.96141316,0.96514530,0.96829681,0.97049116,0.97136041,0.97060957,0.96808374,0.96382458,0.95810159,0.95140649,0.94440637,0.93786059,0.93251455,0.92898922,0.92768636,0.92872766,0.93194012,0.93689207,0.94297368,0.94950649,0.95585913,0.96154500,0.96628194,0.97000341,0.97282233,0.97495899,0.97665223,0.97807530,0.97927626,0.98015612,0.98048928,0.97998019,0.97834175,0.97537566,0.97103497,0.96545406,0.95893961,0.95192544,0.94490244,0.93834010,0.93261713,0.92797587,0.92450923,0.92218028,0.92086711,0.92041956,0.92071236,0.92168125,0.92333359,0.92573229,0.92895878,0.93306588,0.93803391,0.94374220,0.94996396,0.95638661,0.96265279,0.96841257,0.97337450,0.97734374,0.98023913,0.98208635,0.98299019,0.98309409,0.98253787,0.98142418,0.97980167,0.97766796,0.97499029,0.97173709,0.96791159,0.96357790,0.95887256,0.95399835,0.94920184,0.94474065,0.94084878,0.93770871,0.93543657,0.93408248,0.93364388,0.93408586,0.93536111,0.93742250,0.94022381,0.94370793,0.94778594,0.95231418,0.95707799,0.96179005,0.96610794,0.96967002,0.97214374,0.97327573,0.97293183,0.97111653,0.96796535,0.96370944
0.96203233,0.96227151,0.96177196,0.96052356,0.95854817,0.95590106,0.95265658,0.94888444,0.94462779,0.93989449,0.93466875,0.92894369,0.92276710,0.91628758,0.90978629,0.90368183,0.89850140,0.89481829,0.89316438,0.89393327,0.89729434,0.90313811,0.91106781,0.92044227,0.93046337,0.94029144,0.94916554,0.95650546,0.96197628,0.96550521,0.96725014,0.96752967,0.96673215,0.96522505,0.96328507,0.96106268,0.95858616,0.95579934,0.95261964,0.94899834,0.94496574,0.94064841,0.93625344,0.93202356,0.92817474,0.92483296,0.92198756,0.91947496,0.91699908,0.91418608,0.91066220,0.90613817,0.90048181,0.89376285,0.88626026,0.87843047,0.87084308,0.86409746,0.85873745,0.85518057,0.85367457,0.85428703,0.85692606,0.86138362,0.86738844,0.87465533,0.88291979,0.89195210,0.90155081,0.91152132,0.92164872,0.93167573,0.94129466,0.95015849,0.95791076,0.96422840,0.96886794,0.97170435,0.97275326,0.97217152,0.97023559,0.96730254,0.96376175,0.95998707,0.95629841,0.95293939,0.95007306,0.94779343,0.94614676,0.94515472,0.94483190,0.94519269,0.94624613,0.94798090,0.95034571,0.95323145,0.95646108,0.95979105,0.96292521,0.96553830
0.93434510,0.91880617,0.90343020,0.88892123,0.87575027,0.86415047,0.85414930,0.84562866,0.83839898,0.83227201,0.82711786,0.82289618,0.81965734,0.81751664,0.81661041,0.81704614,0.81885860,0.82198117,0.82623714,0.83135111,0.83697733,0.84273892,0.84827053,0.85325711,0.85746239,0.86074348,0.86305144,0.86442031,0.86494940,0.86478339,0.86409423,0.86306697,0.86189029,0.86075116,0.85983239,0.85931092,0.85935472,0.86011636,0.86172262,0.86426034,0.86776022,0.87218121,0.87739797,0.88319446,0.88926578,0.89523008,0.90065111,0.90507059,0.90804802,0.90920412,0.90826318,0.90508911,0.89971070,0.89233205,0.88332623,0.87321170,0.86261371,0.85221454,0.84269840,0.83469688,0.82874055,0.82522119,0.82436690,0.82623101,0.83069383,0.83747521,0.84615546,0.85620197,0.86699954,0.87788339,0.88817441,0.89721676,0.90441770,0.90928870,0.91148548,0.91084326,0.90740268,0.90142133,0.89336696,0.88388993,0.87377502,0.86387595,0.85503857,0.84802121,0.84342167,0.84161997,0.84274386,0.84666107,0.85299834,0.86118416,0.87050892,0.88019491,0.88946737,0.89761890,0.90406078,0.90835765,0.91024508,0.90963201,0.90659153,0.90134397
0.90022148,0.90016828,0.90090604,0.90247559,0.90483876,0.90787869,0.91140291,0.91515495,0.91883983,0.92216480,0.92489106,0.92688675,0.92816818,0.92891667,0.92946286,0.93023683,0.93168985,0.93420028,0.93798098,0.94300721,0.94898205,0.95535011,0.96136038,0.96616883,0.96896208,0.96907907,0.96610837,0.95994465,0.95079652,0.93914768,0.92568240,0.91119211,0.89648254,0.88229889,0.86928032,0.85794657,0.84871049,0.84190389,0.83780147,0.83662983,0.83855395,0.84364174,0.85181435,0.86279608,0.87608020,0.89092532,0.90639146,0.92141658,0.93492482,0.94594966,0.95375114,0.95790605,0.95835502,0.95539853,0.94964323,0.94190953,0.93311778,0.92417393,0.91587364,0.90883881,0.90349218,0.90006696,0.89864146,0.89918448,0.90159723,0.90574081,0.91144409,0.91849362,0.92661302,0.93544298,0.94453376,0.95335881,0.96135262,0.96796928,0.97275169,0.97539776,0.97580951,0.97411380,0.97064912,0.96591968,0.96052500,0.95507794,0.95012653,0.94609346,0.94324311,0.94167916,0.94136916,0.94218685,0.94395976,0.94651002,0.94967936,0.95333416,0.95735223,0.96159813,0.96589650,0.97001359,0.97365457,0.97647951,0.97813595,0.97830077
0.86989525,0.86001890,0.85218217,0.84671907,0.84371750,0.84305014,0.84443276,0.84750006,0.85188529,0.85728752,0.86351229,0.87047698,0.87818105,0.88664974,0.89586664,0.90571264,0.91592701,0.92610168,0.93571191,0.94417918,0.95095402,0.95560159,0.95787135,0.95773575,0.95538974,0.95121247,0.94570046,0.93938770,0.93276932,0.92624379,0.92008346,0.91443640,0.90935500,0.90484110,0.90089398,0.89754771,0.89488840,0.89304784,0.89217639,0.89240358,0.89379743,0.89633368,0.89988326,0.90422163,0.90905791,0.91407711,0.91898510,0.92354622,0.92760523,0.93108978,0.93399454,0.93635245,0.93820124,0.93955436,0.94038343,0.94061638,0.94015089,0.93887869,0.93671378,0.93361657,0.92960776,0.92476873,0.91922877,0.91314315,0.90666830,0.89994107,0.89306805,0.88612797,0.87918669,0.87232018,0.86563901,0.85930673,0.85354626,0.84863145,0.84486416,0.84254067,0.84191399,0.84315917,0.84634902,0.85144474,0.85830308,0.86669743,0.87634690,0.88694631,0.89819013,0.90978613,0.92145764,0.93293643,0.94395098,0.95421591,0.96342820,0.97127422,0.97744856,0.98168207,0.98377350,0.98361699,0.98121846,0.97669592,0.97026236,0.96219385
0.99837217,0.99466532,0.98935662,0.98303815,0.97616976,0.96904554,0.96181116,0.95452246,0.94722601,0.94003730,0.93319317,0.92706138,0.92210140,0.91878307,0.91748116,0.91836990,0.92134248,0.92597473,0.93154336,0.93709835,0.94157914,0.94395583,0.94337234,0.93926753,0.93145478,0.92014821,0.90593435,0.88969732,0.87251269,0.85552797,0.83984703,0.82643238,0.81603435,0.80915070,0.80601535,0.80661030,0.81069277,0.81782929,0.82743079,0.83878559,0.85109114,0.86348673,0.87509069,0.88504423,0.89256267,0.89699217,0.89786757,0.89496482,0.88833985,0.87834633,0.86562656,0.85107332,0.83576440,0.82087585,0.80758277,0.79695863,0.78988461,0.78697909,0.78855486,0.79460769,0.80483511,0.81868044,0.83539419,0.85410350,0.87388107,0.89380620,0.91301330,0.93072631,0.94627989,0.95913101,0.96886520,0.97520167,0.97799979,0.97726726,0.97316793,0.96602565,0.95632013,0.94467094,0.93180774,0.91852697,0.90563833,0.89390638,0.88399473,0.87641998,0.87152136,0.86944947,0.87017399,0.87350765,0.87914075,0.88668005,0.89568531,0.90569865,0.91626397,0.92693648,0.93728493,0.94689074,0.95534869,0.96227309,0.96731091,0.97016164
0.97570803,0.97335515,0.97100861,0.96918459,0.96798974,0.96714379,0.96610342,0.96425438,0.96112131,0.95653969,0.95074309,0.94434046,0.93818641,0.93317446,0.93000223,0.92896389,0.92981848,0.93176560,0.93353670,0.93358523,0.93033866,0.92246232,0.90908404,0.88993839,0.86540797,0.83646206,0.80451337,0.77122776,0.73832664,0.70741720,0.67987415,0.65678167,0.63892885,0.62684101,0.62082348,0.62099568,0.62730083,0.63948726,0.65706904,0.67928246,0.70505881,0.73303232,0.76159436,0.78899493,0.81348138,0.83345527,0.84762373,0.85512208,0.85558942,0.84918737,0.83656233,0.81876062,0.79711268,0.77310513,0.74825812,0.72402091,0.70169280,0.68237035,0.66691758,0.65595310,0.64984812,0.64873061,0.65249360,0.66080865,0.67314724,0.68881321,0.70698761,0.72678430,0.74731150,0.76773238,0.78731744,0.80548244,0.82180824,0.83604169,0.84808018,0.85794491,0.86574951,0.87167085,0.87592640,0.87875976,0.88043251,0.88121834,0.88139563,0.88123552,0.88098532,0.88084930,0.88097067,0.88141964,0.88219217,0.88322232,0.88440804,0.88564640,0.88687076,0.88808055,0.88935506,0.89084607,0.89274883,0.89525573,0.89850125,0.90250889
0.95299348,0.93971880,0.92648794,0.91417523,0.90338883,0.89448882,0.88764813,0.88293253,0.88037374,0.88001455,0.88191444,0.88611689,0.89259047,0.90116345,0.91147334,0.92294908,0.93483579,0.94626138,0.95633434,0.96425423,0.96941301,0.97146750,0.97036976,0.96635187,0.95987122,0.95153032,0.94198859,0.93188398,0.92177733,0.91212640,0.90328822,0.89554186,0.88911944,0.88423224,0.88108183,0.87985156,0.88067992,0.88362332,0.88861901,0.89545942,0.90378704,0.91311403,0.92286508,0.93243650,0.94126057,0.94886290,0.95490251,0.95918828,0.96167116,0.96241672,0.96156671,0.95929994,0.95580181,0.95124895,0.94581054,0.93966347,0.93301411,0.92611780,0.91928739,0.91288513,0.90729628,0.90288800,0.89996104,0.89870407,0.89916077,0.90121728,0.90461371,0.90897835,0.91387837,0.91887776,0.92359180,0.92772865,0.93111176,0.93368125,0.93547695,0.93660933,0.93722637,0.93748435,0.93752821,0.93748402,0.93746204,0.93756628,0.93790417,0.93859075,0.93974314,0.94146471,0.94382184,0.94681894,0.95037925,0.95433829,0.95845411,0.96243476,0.96597888,0.96882132,0.97077408,0.97175316,0.97178453,0.97098716,0.96953591,0.96761145
0.96261165,0.95658189,0.94961539,0.94233124,0.93515219,0.92828045,0.92171846,0.91533052,0.90893328,0.90239542,0.89572328,0.88911116,0.88294271,0.87774109,0.87407774,0.87245871,0.87321238,0.87640216,0.88178346,0.88881549,0.89672848,0.90463493,0.91166457,0.91709693,0.92046651,0.92162120,0.92072544,0.91821058,0.91468550,0.91082654,0.90726880,0.90451801,0.90289685,0.90253098,0.90337130,0.90524176,0.90789753,0.91107835,0.91454537,0.91809549,0.92155465,0.92475662,0.92751804,0.92962060,0.93080903,0.93080913,0.92936400,0.92628181,0.92148435,0.91504466,0.90720407,0.89836272,0.88904365,0.87983589,0.87132640,0.86403282,0.85834865,0.85450966,0.85258605,0.85249960,0.85406046,0.85701471,0.86109260,0.86604850,0.87168636,0.87786831,0.88450830,0.89155513,0.89897112,0.90671238,0.91471540,0.92289232,0.93113449,0.93932177,0.94733348,0.95505686,0.96238999,0.96923859,0.97550793,0.98109333,0.98587322,0.98970861,0.99245118,0.99396027,0.99412666,0.99289905,0.99030772,0.98648019,0.98164460,0.97611874,0.97028553,0.96455788,0.95933805,0.95497742,0.95174223,0.94978956,0.94915541,0.94975436,0.95138870,0.95376351
0.92623894,0.92894919,0.93328181,0.93922022,0.94642715,0.95431006,0.96214057,0.96919930,0.97491199,0.97894479,0.98123788,0.98197247,0.98148298,0.98013978,0.97823358,0.97589125,0.97304342,0.96945086,0.96478206,0.95872235,0.95108769,0.94191605,0.93151464,0.92045207,0.90949665,0.89951410,0.89134604,0.88569360,0.88302762,0.88353989,0.88713930,0.89348766,0.90206214,0.91222804,0.92330642,0.93462490,0.94554679,0.95547996,0.96387301,0.97020927,0.97400867,0.97484440,0.97237580,0.96639288,0.95686370,0.94397357,0.92814553,0.91003463,0.89049308,0.87050882,0.85112517,0.83335264,0.81808520,0.80603192,0.79767137,0.79323183,0.79269632,0.79582790,0.80220892,0.81128689,0.82242051,0.83492095,0.84808610,0.86122792,0.87369441,0.88488859,0.89428562,0.90144876,0.90604371,0.90785079,0.90677410,0.90284698,0.89623271,0.88721992,0.87621244,0.86371409,0.85030925,0.83663982,0.82337825,0.81119635,0.80072949,0.79253762,0.78706579,0.78460837,0.78528140,0.78900706,0.79551291,0.80434771,0.81491337,0.82651094,0.83839573,0.84983503,0.86016068,0.86881018,0.87535228,0.87949657,0.88108945,0.88010119,0.87660909,0.87078138
0.94605652,0.93881313,0.93062777,0.92232156,0.91457737,0.90780368,0.90206215,0.89708036,0.89235036,0.88729078,0.88143179,0.87457513,0.86688726,0.85890075,0.85142253,0.84536962,0.84156960,0.84057031,0.84250184,0.84702198,0.85335866,0.86044095,0.86709004,0.87222869,0.87506480,0.87521256,0.87273039,0.86807419,0.86198183,0.85531769,0.84891181,0.84342623,0.83927254,0.83659101,0.83528716,0.83510877,0.83573911,0.83688140,0.83831511,0.83991436,0.84162980,0.84344479,0.84532278,0.84716414,0.84878733,0.84994206,0.85035348,0.84978770,0.84812329,0.84541103,0.84190646,0.83806545,0.83450097,0.83190742,0.83096567,0.83224563,0.83612324,0.84272555,0.85191171,0.86329099,0.87627245,0.89013597,0.90411173,0.91745557,0.92951013,0.93974620,0.94778306,0.95339106,0.95648169,0.95709145,0.95536478,0.95153956,0.94593637,0.93894997,0.93103996,0.92271669,0.91451938,0.90698563,0.90061420,0.89582518,0.89292346,0.89207090,0.89327222,0.89637706,0.90109892,0.90704862,0.91377774,0.92082549,0.92776201,0.93422204,0.93992506,0.94468104,0.94838339,0.95099293,0.95251745,0.95299151,0.95246017,0.95096906,0.94856108,0.94527818
0.94126545,0.94513969,0.94854861,0.95194481,0.95553325,0.95924069,0.96275129,0.96559979,0.96730036,0.96748143,0.96599457,0.96297221,0.95882087,0.95415244,0.94966963,0.94603156,0.94372838,0.94299049,0.94375004,0.94566071,0.94817000,0.95062721,0.95240383,0.95300145,0.95212659,0.94972087,0.94594523,0.94112730,0.93568737,0.93006110,0.92463546,0.91970909,0.91548167,0.91206894,0.90953480,0.90792760,0.90730883,0.90776485,0.90939841,0.91230228,0.91652267,0.92202264,0.92865584,0.93615823,0.94416150,0.95222645,0.95989043,0.96671998,0.97235877,0.97656264,0.97921642,0.98033153,0.98002698,0.97849947,0.97598952,0.97275026,0.96902364,0.96502616,0.96094378,0.95693317,0.95312595,0.94963244,0.94654265,0.94392399,0.94181697,0.94023103,0.93914340,0.93850278,0.93823847,0.93827362,0.93853985,0.93898990,0.93960510,0.94039565,0.94139353,0.94263923,0.94416554,0.94598202,0.94806409,0.95034977,0.95274491,0.95513599,0.95740731,0.95945828,0.96121684,0.96264613,0.96374344,0.96453258,0.96505217,0.96534365,0.96544228,0.96537381,0.96515764,0.96481503,0.96437891,0.96390110,0.96345244,0.96311358,0.96295602,0.96301617
0.88506466,0.87538484,0.86851844,0.86476050,0.86410962,0.86633751,0.87107614,0.87790296,0.88640578,0.89621397,0.90699154,0.91839814,0.93003348,0.94138588,0.95180581,0.96051928,0.96668640,0.96949931,0.96830332,0.96271850,0.95273681,0.93877304,0.92165621,0.90255965,0.88288024,0.86408733,0.84756673,0.83448453,0.82568905,0.82166049,0.82250741,0.82800154,0.83763675,0.85069713,0.86632106,0.88355357,0.90138551,0.91878422,0.93472400,0.94822490,0.95840532,0.96454783,0.96617214,0.96310337,0.95552238,0.94398515,0.92940274,0.91297921,0.89611210,0.88026633,0.86683699,0.85701803,0.85169226,0.85135419,0.85607177,0.86548744,0.87885468,0.89510281,0.91292220,0.93086202,0.94743389,0.96121667,0.97095775,0.97566688,0.97469717,0.96780688,0.95519488,0.93750331,0.91578319,0.89142261,0.86604180,0.84136394,0.81907434,0.80068255,0.78740200,0.78005935,0.77904161,0.78428356,0.79529307,0.81120721,0.83087028,0.85292428,0.87590383,0.89833000,0.91879971,0.93606891,0.94912844,0.95727036,0.96014119,0.95777596,0.95060628,0.93943574,0.92537906,0.90976642,0.89402002,0.87951583,0.86744709,0.85870655,0.85380284,0.85282138
0.93297507,0.93148735,0.93134745,0.93239875,0.93429008,0.93657802,0.93884279,0.94079068,0.94231804,0.94352038,0.94464477,0.94599876,0.94784082,0.95028202,0.95322550,0.95636022,0.95921274,0.96124607,0.96198370,0.96112939,0.95865385,0.95482612,0.95018106,0.94542939,0.94133074,0.93855814,0.93758319,0.93860531,0.94153736,0.94604685,0.95163970,0.95776454,0.96391253,0.96968988,0.97484938,0.97927795,0.98294943,0.98585975,0.98796546,0.98914405,0.98918815,0.98783565,0.98482825,0.97998327,0.97325980,0.96480164,0.95494500,0.94418793,0.93312710,0.92237532,0.91247724,0.90384001,0.89669213,0.89107606,0.88687278,0.88384906,0.88171455,0.88017505,0.87897137,0.87789856,0.87680612,0.87558524,0.87415183,0.87243450,0.87037418,0.86793730,0.86513909,0.86206941,0.85891119,0.85594303,0.85352104,0.85204035,0.85188200,0.85335491,0.85664440,0.86177811,0.86861659,0.87687094,0.88614328,0.89598097,0.90593248,0.91559326,0.92463378,0.93280717,0.93993955,0.94591043,0.95063258,0.95404030,0.95609194,0.95678776,0.95619851,0.95449553,0.95197046,0.94903373,0.94618551,0.94395927,0.94284531,0.94320721,0.94520691,0.94875365
0.95472850,0.95282496,0.95112331,0.94979090,0.94889196,0.94841348,0.94828088,0.94836252,0.94846922,0.94835897,0.94775653,0.94639231,0.94405756,0.94066558,0.93630446,0.93126592,0.92603849,0.92125957,0.91763012,0.91580501,0.91627936,0.91929418,0.92478153,0.93236088,0.94138689,0.95103809,0.96042813,0.96871832,0.97521203,0.97941722,0.98107113,0.98013019,0.97673527,0.97116704,0.96380533,0.95510240,0.94557209,0.93578944,0.92639025,0.91805832,0.91149080,0.90733827,0.90612380,0.90815281,0.91343141,0.92161213,0.93198339,0.94351149,0.95493392,0.96489264,0.97208748,0.97542615,0.97414736,0.96789951,0.95676512,0.94123197,0.92212062,0.90048508,0.87750524,0.85438804,0.83228861,0.81225548,0.79519679,0.78186027,0.77281739,0.76844466,0.76889883,0.77408882,0.78365211,0.79694680,0.81307005,0.83091014,0.84923275,0.86679439,0.88246875,0.89536739,0.90493495,0.91100281,0.91379145,0.91386062,0.91201587,0.90918684,0.90629770,0.90415002,0.90333460,0.90418243,0.90675651,0.91087887,0.91618178,0.92217026,0.92828367,0.93394808,0.93861564,0.94179157,0.94305308,0.94206565,0.93860139,0.93256132,0.92399932,0.91314188
0.95159317,0.93642839,0.91980382,0.90264590,0.88576435,0.86985842,0.85555107,0.84343183,0.83408712,0.82810136,0.82602053,0.82828124,0.83511896,0.84647598,0.86193216,0.88067820,0.90154383,0.92308266,0.94370499,0.96184000,0.97610303,0.98544227,0.98924281,0.98737409,0.98017665,0.96839515,0.95307263,0.93542593,0.91672243,0.89817497,0.88086494,0.86569670,0.85337976,0.84443059,0.83918432,0.83780694,0.84030209,0.84651035,0.85610358,0.86858038,0.88327005,0.89935184,0.91589308,0.93190567,0.94641620,0.95854155,0.96756024,0.97297008,0.97452445,0.97224309,0.96639727,0.95747312,0.94611989,0.93309102,0.91918584,0.90519768,0.89187227,0.87987721,0.86978188,0.86204519,0.85700826,0.85488946,0.85578025,0.85964212,0.86630607,0.87547677,0.88674357,0.89959910,0.91346542,0.92772593,0.94176087,0.95498325,0.96687200,0.97699937,0.98505044,0.99083386,0.99428387,0.99545504,0.99451094,0.99170802,0.98737576,0.98189366,0.97566629,0.96909749,0.96256532,0.95639951,0.95086334,0.94614158,0.94233629,0.93947129,0.93750508,0.93635022,0.93589570,0.93602802,0.93664673,0.93767141,0.93903900,0.94069232,0.94256257,0.94454987
0.93049087,0.92575221,0.92322789,0.92331065,0.92597615,0.93076173,0.93681790,0.94302673,0.94816842,0.95110737,0.95096433,0.94724433,0.93989853,0.92931253,0.91622805,0.90161715,0.88653487,0.87197702,0.85876611,0.84748063,0.83843411,0.83170054,0.82717459,0.82464933,0.82389248,0.82470506,0.82695231,0.83056492,0.83551509,0.84177757,0.84928732,0.85790531,0.86740117,0.87745730,0.88769410,0.89771123,0.90713596,0.91566838,0.92311416,0.92939869,0.93456042,0.93872573,0.94207098,0.94477961,0.94700310,0.94883345,0.95029259,0.95134032,0.95189843,0.95188499,0.95125088,0.95001009,0.94825703,0.94616662,0.94397670,0.94195583,0.94036285,0.93940641,0.93921269,0.93980813,0.94112058,0.94299837,0.94524323,0.94764996,0.95004477,0.95231437,0.95442015,0.95639501,0.95832433,0.96031584,0.96246592,0.96482993,0.96740335,0.97011749,0.97285010,0.97544772,0.97775386,0.97963610,0.98100559,0.98182445,0.98210015,0.98186918,0.98117524,0.98004864,0.97849329,0.97648551,0.97398605,0.97096283,0.96741898,0.96341877,0.95910362,0.95469269,0.95046523,0.94672705,0.94376647,0.94180831,0.94097467,0.94125996,0.94252453,0.94450758
0.93505364,0.92800837,0.92148649,0.91549599,0.90999748,0.90495811,0.90039642,0.89641067,0.89318511,0.89097186,0.89005029,0.89067067,0.89299235,0.89702935,0.90261460,0.90939151,0.91683649,0.92431037,0.93113227,0.93666485,0.94039741,0.94201299,0.94142769,0.93879528,0.93447712,0.92898406,0.92290211,0.91681605,0.91124395,0.90659230,0.90313609,0.90102317,0.90029713,0.90092958,0.90285120,0.90597239,0.91018770,0.91536389,0.92131641,0.92778352,0.93440820,0.94073694,0.94624081,0.95035923,0.95256144,0.95241628,0.94965792,0.94423468,0.93633078,0.92635543,0.91490007,0.90267044,0.89040460,0.87879049,0.86839560,0.85961921,0.85267266,0.84758801,0.84425003,0.84244276,0.84189972,0.84234800,0.84353919,0.84526438,0.84735456,0.84967106,0.85209232,0.85450337,0.85679305,0.85886105,0.86063345,0.86208238,0.86324294,0.86422083,0.86518571,0.86634879,0.86792689,0.87009848,0.87295931,0.87648625,0.88051683,0.88475014,0.88877087,0.89209396,0.89422337,0.89471579,0.89323940,0.88961936,0.88386437,0.87617186,0.86691237,0.85659653,0.84582959,0.83526011,0.82552885,0.81722272,0.81083641,0.80674187,0.80516433,0.80616357
0.99553473,0.99202060,0.98829114,0.98496047,0.98246457,0.98099364,0.98047660,0.98062189,0.98100541,0.98118460,0.98081111,0.97971501,0.97794108,0.97573065,0.97345544,0.97152129,0.97026557,0.96987269,0.97032706,0.97141379,0.97276568,0.97394416,0.97453397,0.97422859,0.97288719,0.97055138,0.96742078,0.96379596,0.96000450,0.95632862,0.95295138,0.94993294,0.94722045,0.94468663,0.94218531,0.93960877,0.93693173,0.93423152,0.93167986,0.92950919,0.92796241,0.92723845,0.92744664,0.92857999,0.93051262,0.93302065,0.93582038,0.93861445,0.94113550,0.94317878,0.94461855,0.94540746,0.94556247,0.94514337,0.94423136,0.94291343,0.94127608,0.93940803,0.93740861,0.93539684,0.93351565,0.93192738,0.93079892,0.93027818,0.93046617,0.93139087,0.93298923,0.93510244,0.93748624,0.93983542,0.94181793,0.94311301,0.94344661,0.94261896,0.94052079,0.93713722,0.93254106,0.92687901,0.92035514,0.91321557,0.90573648,0.89821552,0.89096483,0.88430288,0.87854293,0.87397655,0.87085291,0.86935574,0.86958189,0.87152583,0.87507427,0.88001383,0.88605142,0.89284452,0.90003543,0.90728300,0.91428563,0.92079192,0.92659829,0.93153579
0.94890816,0.93844347,0.92783249,0.91773761,0.90857890,0.90054252,0.89363551,0.88777271,0.88287451,0.87895097,0.87615040,0.87475852,0.87514637,0.87767844,0.88260183,0.88994262,0.89943406,0.91049587,0.92227398,0.93373832,0.94382410,0.95159136,0.95637198,0.95787461,0.95622586,0.95193977,0.94582220,0.93882999,0.93191249,0.92586584,0.92122582,0.91821727,0.91676512,0.91656005,0.91715989,0.91810175,0.91899942,0.91960586,0.91983094,0.91971593,0.91937673,0.91893436,0.91845325,0.91790456,0.91716451,0.91604779,0.91436665,0.91199894,0.90894588,0.90536252,0.90155090,0.89791523,0.89488774,0.89284156,0.89201006,0.89243117,0.89392983,0.89614288,0.89858141,0.90071695,0.90207296,0.90230215,0.90123450,0.89888796,0.89544267,0.89118793,0.88645664,0.88156354,0.87676171,0.87222586,0.86806359,0.86434826,0.86116149,0.85863076,0.85694939,0.85637118,0.85717903,0.85963430,0.86391873,0.87008329,0.87801677,0.88744232,0.89794376,0.90901670,0.92013368,0.93080961,0.94065409,0.94940072,0.95690953,0.96314562,0.96814246,0.97196181,0.97466145,0.97627899,0.97683437,0.97634791,0.97486584,0.97248277,0.96935082,0.96566859
0.94220866,0.94028450,0.93816205,0.93656434,0.93606504,0.93697148,0.93926215,0.94259323,0.94637376,0.94989437,0.95248114,0.95364093,0.95316592,0.95117579,0.94809027,0.94454030,0.94123824,0.93883486,0.93779155,0.93829277,0.94021453,0.94315404,0.94651275,0.94961482,0.95183595,0.95271690,0.95204045,0.94985943,0.94647405,0.94236649,0.93810777,0.93425573,0.93126286,0.92940955,0.92877225,0.92922880,0.93049576,0.93218685,0.93387886,0.93517182,0.93573327,0.93532162,0.93378845,0.93106442,0.92713641,0.92202487,0.91576905,0.90842533,0.90007942,0.89086866,0.88100749,0.87080735,0.86068301,0.85113988,0.84274089,0.83605562,0.83159863,0.82976678,0.83078642,0.83468028,0.84126061,0.85015029,0.86082841,0.87269266,0.88512785,0.89756958,0.90955326,0.92074196,0.93093082,0.94003033,0.94803499,0.95498623,0.96093876,0.96593751,0.97000898,0.97316653,0.97542598,0.97682527,0.97744148,0.97739907,0.97686599,0.97603718,0.97510908,0.97425096,0.97358069,0.97315095,0.97294984,0.97291572,0.97296300,0.97301238,0.97301803,0.97298444,0.97296802,0.97306193,0.97336683,0.97395387,0.97482818,0.97590154,0.97698051,0.97777330
0.82235771,0.83348079,0.84772803,0.86372940,0.87986946,0.89450977,0.90621153,0.91392388,0.91710930,0.91578853,0.91050187,0.90219864,0.89207827,0.88141362,0.87138667,0.86296128,0.85680737,0.85328040,0.85244989,0.85416320,0.85812709,0.86398861,0.87139950,0.88005377,0.88969505,0.90009802,0.91103377,0.92223248,0.93335600,0.94398987,0.95365916,0.96186677,0.96814800,0.97213160,0.97359572,0.97250784,0.96904043,0.96355853,0.95658114,0.94872285,0.94062596,0.93289424,0.92603853,0.92044129,0.91634362,0.91385343,0.91296990,0.91361644,0.91567352,0.91900367,0.92346415,0.92890618,0.93516393,0.94203864,0.94928487,0.95660511,0.96365719,0.97007563,0.97550494,0.97963947,0.98226236,0.98327593,0.98271732,0.98075592,0.97767309,0.97382753,0.96961270,0.96541329,0.96156804,0.95834404,0.95592531,0.95441501,0.95384778,0.95420694,0.95544097,0.95747489,0.96021463,0.96354476,0.96732212,0.97136943,0.97547274,0.97938631,0.98284640,0.98559340,0.98739917,0.98809502,0.98759477,0.98590870,0.98314541,0.97950148,0.97524063,0.97066577,0.96608803,0.96179695,0.95803479,0.95497689,0.95271837,0.95126602,0.95053402,0.95034237
0.92225549,0.93259636,0.93897239,0.94102107,0.93852719,0.93140438,0.91972384,0.90378613,0.88421398,0.86203040,0.83868303,0.81598556,0.79596597,0.78063588,0.77171669,0.77037176,0.77699654,0.79111066,0.81137854,0.83576213,0.86178393,0.88685655,0.90862138,0.92523825,0.93557919,0.93930116,0.93679743,0.92905019,0.91742262,0.90343506,0.88856627,0.87410993,0.86109990,0.85030026,0.84224204,0.83728012,0.83564402,0.83746372,0.84276308,0.85142673,0.86315567,0.87743230,0.89351394,0.91046737,0.92724624,0.94280163,0.95620674,0.96677162,0.97412491,0.97824632,0.97944376,0.97828072,0.97546969,0.97175356,0.96779829,0.96411611,0.96103030,0.95868276,0.95707570,0.95613219,0.95575783,0.95588739,0.95650649,0.95764540,0.95935027,0.96164265,0.96448093,0.96773602,0.97118914,0.97455313,0.97751221,0.97977037,0.98109655,0.98135588,0.98052040,0.97865768,0.97590180,0.97241553,0.96835463,0.96384403,0.95897220,0.95380433,0.94840919,0.94289105,0.93741581,0.93222225,0.92761294,0.92392424,0.92148047,0.92054141,0.92125473,0.92362414,0.92750078,0.93259972,0.93853749,0.94488177,0.95120173,0.95710833,0.96227723,0.96645145
0.93824754,0.94018700,0.94422633,0.94983969,0.95637769,0.96316564,0.96958063,0.97510187,0.97933579,0.98202264,0.98303334,0.98236427,0.98013419,0.97658338,0.97207064,0.96706213,0.96210532,0.95778434,0.95465724,0.95318142,0.95363878,0.95607497,0.96026684,0.96572823,0.97175742,0.97752181,0.98216765,0.98493797,0.98527912,0.98291863,0.97790157,0.97058060,0.96156305,0.95162593,0.94161485,0.93234404,0.92451241,0.91864578,0.91506850,0.91390218,0.91508400,0.91839548,0.92349284,0.92993352,0.93719714,0.94470397,0.95183614,0.95796773,0.96250728,0.96495210,0.96494909,0.96235170,0.95726118,0.95004013,0.94129075,0.93179575,0.92242770,0.91403923,0.90735132,0.90285840,0.90076664,0.90097571,0.90310653,0.90656881,0.91065527,0.91464491,0.91789771,0.91992601,0.92043383,0.91932275,0.91666983,0.91268798,0.90768123,0.90200567,0.89604275,0.89018612,0.88483760,0.88040450,0.87729004,0.87587066,0.87645858,0.87925376,0.88429375,0.89141357,0.90022747,0.91014151,0.92040036,0.93016411,0.93860421,0.94500248,0.94883557,0.94982981,0.94797695,0.94350980,0.93684447,0.92850271,0.91903105,0.90893255,0.89862294,0.88841592
0.93300161,0.93162004,0.93087022,0.93094626,0.93198239,0.93402084,0.93698559,0.94067099,0.94475080,0.94880742,0.95237591,0.95499395,0.95624794,0.95580753,0.95344433,0.94903522,0.94255402,0.93405788,0.92367496,0.91159864,0.89809012,0.88348780,0.86821831,0.85280252,0.83784973,0.82403535,0.81206056,0.80259608,0.79621632,0.79333266,0.79413632,0.79856041,0.80626834,0.81667157,0.82897543,0.84224759,0.85550095,0.86778133,0.87825029,0.88625471,0.89137678,0.89346106,0.89261769,0.88920365,0.88378502,0.87708517,0.86992342,0.86314956,0.85757877,0.85393119,0.85277922,0.85450520,0.85927138,0.86700415,0.87739384,0.88991100,0.90383920,0.91832298,0.93242855,0.94521368,0.95580221,0.96345763,0.96764940,0.96810540,0.96484445,0.95818448,0.94872383,0.93729636,0.92490337,0.91262814,0.90154116,0.89260534,0.88659105,0.88400964,0.88507187,0.88967448,0.89741507,0.90763244,0.91946761,0.93193893,0.94402421,0.95474263,0.96322989,0.96880174,0.97100264,0.96963751,0.96478591,0.95679776,0.94627035,0.93400653,0.92095524,0.90813691,0.89655815,0.88712206,0.88054161,0.87726438,0.87741662,0.88077357,0.88676057,0.89448690
0.95364381,0.95408196,0.95238216,0.94859555,0.94282170,0.93524139,0.92615723,0.91602926,0.90549088,0.89533271,0.88644798,0.87974208,0.87601766,0.87585413,0.87950299,0.88681927,0.89724353,0.90984093,0.92339432,0.93653915,0.94792066,0.95635005,0.96093638,0.96117660,0.95699374,0.94872310,0.93705433,0.92294302,0.90750737,0.89192467,0.87733880,0.86478545,0.85513655,0.84906173,0.84700223,0.84915286,0.85544918,0.86556043,0.87889143,0.89459856,0.91162515,0.92875925,0.94471387,0.95822479,0.96815737,0.97361093,0.97400776,0.96915560,0.95927502,0.94498783,0.92726754,0.90735764,0.88666705,0.86665424,0.84871180,0.83406190,0.82367103,0.81818921,0.81791618,0.82279445,0.83242751,0.84611961,0.86293347,0.88176148,0.90140581,0.92066269,0.93840547,0.95366089,0.96567273,0.97394802,0.97828201,0.97876013,0.97573742,0.96979757,0.96169580,0.95229112,0.94247422,0.93309770,0.92491413,0.91852642,0.91435297,0.91260864,0.91330152,0.91624475,0.92108184,0.92732352,0.93439340,0.94167907,0.94858496,0.95458298,0.95925668,0.96233431,0.96370695,0.96342870,0.96169815,0.95882296,0.95517205,0.95112162,0.94700204,0.94305253
0.96355534,0.96707011,0.96823431,0.96699566,0.96335418,0.95734481,0.94904528,0.93861242,0.92633925,0.91271624,0.89847291,0.88457716,0.87217712,0.86248401,0.85660953,0.85538401,0.85918836,0.86783420,0.88052027,0.89588222,0.91213658,0.92730147,0.93946010,0.94702253,0.94894045,0.94483869,0.93504374,0.92050989,0.90266131,0.88318221,0.86379337,0.84605242,0.83120743,0.82012034,0.81326055,0.81075466,0.81246775,0.81808873,0.82719645,0.83929326,0.85380471,0.87005582,0.88724144,0.90441132,0.92048702,0.93431990,0.94478859,0.95092264,0.95203073,0.94780775,0.93839789,0.92439871,0.90680242,0.88688327,0.86604985,0.84568760,0.82701793,0.81099596,0.79825995,0.78913432,0.78367711,0.78175441,0.78312096,0.78748764,0.79456274,0.80406209,0.81569210,0.82911707,0.84392557,0.85961107,0.87557771,0.89117477,0.90575558,0.91874912,0.92972874,0.93846250,0.94493339,0.94932467,0.95197297,0.95329881,0.95372885,0.95362562,0.95323868,0.95268590,0.95196658,0.95100063,0.94968229,0.94793442,0.94575022,0.94321319,0.94049219,0.93781412,0.93542223,0.93353052,0.93228534,0.93174278,0.93186566,0.93253879,0.93359594,0.93484944
0.92770204,0.92462680,0.92190961,0.91983045,0.91850021,0.91785767,0.91770366,0.91776566,0.91777743,0.91755369,0.91703941,0.91631985,0.91558725,0.91507202,0.91495543,0.91528601,0.91592063,0.91650639,0.91651013,0.91529243,0.91221310,0.90674789,0.89859333,0.88773896,0.87449325,0.85945956,0.84346833,0.82747997,0.81247641,0.79935961,0.78887110,0.78154114,0.77766866,0.77732756,0.78039053,0.78656030,0.79539985,0.80635704,0.81878332,0.83195048,0.84507116,0.85732888,0.86792061,0.87611120,0.88129488,0.88305547,0.88121564,0.87586585,0.86736645,0.85632064,0.84352074,0.82987494,0.81632427,0.80376126,0.79296001,0.78452545,0.77886522,0.77618432,0.77649908,0.77966502,0.78541222,0.79338236,0.80316305,0.81431690,0.82640486,0.83900433,0.85172329,0.86421110,0.87616635,0.88734172,0.89754539,0.90663899,0.91453222,0.92117463,0.92654593,0.93064619,0.93348812,0.93509277,0.93548968,0.93472079,0.93284687,0.92995445,0.92616140,0.92161992,0.91651654,0.91106918,0.90552173,0.90013713,0.89518966,0.89095693,0.88771125,0.88570945,0.88517971,0.88630434,0.88919851,0.89388653,0.90027844,0.90815087,0.91713613,0.92672359
0.92855218,0.92700765,0.92513617,0.92289648,0.92032286,0.91753729,0.91472870,0.91210872,0.90985998,0.90809436,0.90683488,0.90602654,0.90557223,0.90538214,0.90542143,0.90574139,0.90648403,0.90785703,0.91008442,0.91334508,0.91771535,0.92313115,0.92937995,0.93612474,0.94295332,0.94943989,0.95520333,0.95994818,0.96347955,0.96569053,0.96652812,0.96594968,0.96388484,0.96021661,0.95479017,0.94745001,0.93809773,0.92675647,0.91362513,0.89910736,0.88380535,0.86847646,0.85395892,0.84107991,0.83056325,0.82295388,0.81857224,0.81750418,0.81962406,0.82464103,0.83215452,0.84170445,0.85280494,0.86495657,0.87763909,0.89029314,0.90230316,0.91299444,0.92165396,0.92757830,0.93014460,0.92889299,0.92360499,0.91436076,0.90156191,0.88591229,0.86835767,0.84999320,0.83195355,0.81530413,0.80095045,0.78957868,0.78163268,0.77732552,0.77667586,0.77955614,0.78573869,0.79492903,0.80678081,0.82089341,0.83679838,0.85394501,0.87169591,0.88934152,0.90613734,0.92136147,0.93438406,0.94473582,0.95216208,0.95665102,0.95842978,0.95792833,0.95571694,0.95242812,0.94867608,0.94498695,0.94174947,0.93919124,0.93737950,0.93624072
0.96177999,0.96536466,0.97029334,0.97582940,0.98098799,0.98473417,0.98619438,0.98483650,0.98058066,0.97381888,0.96534246,0.95619632,0.94749415,0.94023418,0.93515178,0.93263397,0.93270540,0.93507892,0.93925088,0.94461441,0.95056392,0.95657054,0.96221858,0.96720414,0.97130659,0.97434899,0.97616453,0.97658209,0.97543681,0.97260275,0.96803747,0.96182404,0.95419675,0.94554102,0.93636464,0.92724457,0.91875904,0.91141758,0.90560224,0.90152997,0.89924184,0.89861838,0.89941530,0.90131019,0.90395062,0.90699557,0.91014589,0.91316249,0.91587432,0.91817925,0.92004163,0.92148899,0.92260850,0.92354195,0.92447617,0.92562653,0.92721208,0.92942439,0.93239417,0.93616213,0.94066027,0.94570888,0.95103161,0.95628752,0.96111561,0.96518397,0.96823450,0.97011484,0.97079200,0.97034636,0.96894893,0.96682837,0.96423525,0.96141139,0.95856943,0.95588532,0.95350212,0.95154050,0.95010938,0.94931003,0.94922975,0.94992445,0.95139418,0.95355804,0.95623660,0.95914897,0.96192890,0.96416059,0.96543025,0.96538545,0.96379123,0.96057190,0.95582936,0.94983363,0.94298682,0.93576730,0.92866406,0.92211282,0.91644382,0.91184806
0.97238299,0.97275625,0.97467090,0.97752444,0.98052185,0.98286811,0.98394464,0.98343336,0.98136490,0.97808501,0.97415179,0.97019149,0.96674852,0.96416433,0.96251084,0.96158957,0.96099233,0.96020592,0.95873494,0.95621532,0.95249459,0.94766402,0.94203873,0.93609334,0.93036975,0.92537875,0.92151653,0.91901207,0.91791291,0.91810748,0.91937424,0.92144371,0.92405786,0.92701443,0.93018792,0.93352526,0.93702017,0.94067487,0.94446038,0.94828620,0.95198720,0.95533095,0.95804374,0.95984950,0.96051365,0.95988309,0.95791482,0.95468799,0.95039769,0.94533223,0.93983886,0.93428444,0.92901777,0.92433923,0.92048096,0.91759903,0.91577655,0.91503524,0.91535162,0.91667350,0.91893302,0.92205376,0.92595131,0.93052860,0.93566821,0.94122484,0.94702055,0.95284543,0.95846510,0.96363538,0.96812270,0.97172741,0.97430590,0.97578765,0.97618391,0.97558623,0.97415470,0.97209705,0.96964154,0.96700724,0.96437655,0.96187446,0.95955786,0.95741666,0.95538560,0.95336435,0.95124168,0.94891978,0.94633474,0.94347044,0.94036400,0.93710264,0.93381306,0.93064557,0.92775615,0.92528868,0.92335958,0.92204511,0.92137135,0.92130588
0.93519959,0.93382024,0.93422649,0.93640637,0.94018914,0.94528958,0.95134729,0.95795832,0.96470028,0.97115488,0.97693132,0.98169186,0.98517798,0.98723314,0.98781764,0.98701135,0.98500175,0.98205759,0.97849173,0.97461983,0.97072339,0.96702502,0.96368031,0.96078589,0.95839880,0.95655887,0.95530603,0.95468603,0.95474155,0.95549037,0.95689576,0.95883791,0.96109601,0.96334889,0.96519843,0.96621352,0.96598756,0.96419815,0.96065721,0.95534136,0.94839691,0.94011896,0.93090954,0.92122433,0.91151894,0.90220568,0.89362775,0.88605303,0.87968383,0.87467546,0.87115424,0.86922693,0.86897640,0.87044330,0.87359795,0.87831084,0.88433168,0.89128600,0.89869457,0.90601568,0.91270431,0.91827830,0.92237888,0.92481436,0.92557820,0.92483849,0.92290145,0.92015680,0.91701668,0.91386038,0.91099486,0.90863696,0.90691720,0.90590023,0.90561340,0.90607356,0.90730394,0.90933600,0.91219618,0.91588192,0.92033490,0.92542036,0.93092028,0.93654463,0.94196033,0.94683316,0.95087431,0.95388209,0.95576959,0.95657276,0.95643707,0.95558622,0.95428002,0.95277046,0.95126496,0.94990272,0.94874680,0.94778993,0.94696933,0.94618374
0.93012997,0.91931231,0.90816932,0.89721684,0.88694888,0.87786783,0.87050787,0.86543467,0.86321054,0.86432545,0.86910501,0.87761570,0.88959076,0.90439746,0.92105882,0.93833211,0.95483483,0.96919937,0.98023149,0.98704683,0.98916432,0.98654403,0.97956805,0.96897287,0.95574901,0.94102648,0.92596324,0.91164946,0.89903456,0.88887745,0.88171653,0.87785322,0.87734415,0.87999991,0.88539187,0.89287149,0.90160733,0.91064293,0.91897514,0.92564777,0.92985044,0.93100982,0.92885894,0.92347285,0.91526320,0.90493150,0.89338780,0.88164718,0.87071982,0.86151024,0.85473842,0.85089062,0.85020210,0.85266819,0.85807639,0.86604992,0.87609408,0.88763893,0.90007585,0.91278838,0.92518047,0.93670488,0.94689382,0.95539102,0.96198205,0.96661713,0.96942008,0.97067802,0.97080900,0.97030967,0.96968906,0.96939869,0.96977037,0.97097259,0.97299276,0.97564857,0.97862583,0.98153564,0.98398001,0.98561375,0.98619173,0.98559426,0.98382843,0.98100864,0.97732325,0.97299665,0.96825540,0.96330463,0.95831783,0.95343848,0.94878951,0.94448364,0.94062838,0.93732088,0.93463150,0.93257923,0.93110532,0.93005330,0.92916318,0.92808469
0.98622476,0.98648484,0.98622527,0.98572185,0.98513223,0.98447017,0.98361354,0.98234714,0.98043306,0.97769379,0.97408880,0.96976545,0.96507006,0.96051360,0.95669681,0.95420828,0.95351523,0.95486841,0.95824017,0.96330910,0.96949536,0.97604146,0.98212362,0.98697324,0.98998592,0.99079914,0.98932682,0.98574832,0.98045827,0.97399058,0.96693320,0.95985022,0.95322413,0.94742548,0.94271008,0.93923718,0.93709802,0.93634244,0.93699336,0.93904381,0.94243696,0.94703522,0.95258828,0.95871155,0.96488432,0.97047382,0.97478538,0.97713332,0.97692204,0.97372409,0.96734153,0.95784014,0.94555033,0.93103499,0.91502981,0.89836585,0.88188661,0.86637135,0.85247495,0.84068992,0.83133230,0.82454823,0.82033518,0.81857028,0.81903925,0.82146124,0.82550756,0.83081500,0.83699605,0.84364926,0.85037303,0.85678494,0.86254651,0.86739120,0.87115138,0.87377885,0.87535447,0.87608385,0.87627846,0.87632408,0.87663996,0.87763342,0.87965548,0.88296248,0.88768857,0.89383162,0.90125363,0.90969425,0.91879493,0.92813067,0.93724605,0.94569277,0.95306555,0.95903350,0.96336407,0.96593723,0.96674863,0.96590123,0.96358643,0.96005572
0.96869199,0.96488821,0.96286444,0.96274786,0.96421361,0.96655933,0.96885560,0.97014442,0.96964591,0.96692946,0.96201227,0.95536369,0.94781539,0.94039847,0.93414391,0.92988878,0.92812744,0.92893521,0.93197650,0.93659115,0.94193743,0.94715842,0.95153538,0.95459623,0.95615966,0.95631165,0.95532693,0.95355990,0.95133380,0.94885509,0.94617162,0.94318129,0.93968581,0.93547339,0.93040807,0.92450254,0.91795626,0.91114956,0.90459539,0.89886004,0.89447082,0.89183074,0.89115711,0.89245526,0.89552979,0.90002798,0.90550346,0.91148536,0.91753856,0.92330444,0.92851746,0.93299926,0.93663713,0.93935654,0.94109755,0.94180221,0.94141612,0.93990282,0.93726598,0.93357210,0.92896655,0.92367705,0.91800233,0.91228702,0.90688718,0.90213337,0.89829765,0.89557017,0.89404808,0.89373669,0.89456068,0.89638153,0.89901730,0.90226102,0.90589568,0.90970518,0.91348224,0.91703528,0.92019593,0.92282812,0.92483766,0.92618013,0.92686466,0.92695121,0.92654097,0.92576065,0.92474317,0.92360835,0.92244741,0.92131491,0.92023044,0.91918957,0.91818146,0.91720760,0.91629606,0.91550565,0.91491765,0.91461539,0.91465537,0.91503548
0.95535174,0.94581144,0.93391086,0.92052185,0.90638128,0.89200706,0.87767894,0.86348480,0.84941792,0.83549852,0.82188633,0.80895283,0.79729138,0.78765896,0.78085973,0.77759524,0.77831344,0.78308959,0.79156547,0.80296150,0.81616212,0.82985972,0.84273127,0.85361517,0.86165687,0.86639936,0.86780714,0.86622608,0.86229403,0.85682402,0.85068450,0.84469717,0.83956650,0.83584547,0.83393333,0.83409453,0.83648408,0.84116589,0.84811491,0.85720137,0.86816224,0.88057096,0.89381832,0.90711640,0.91953262,0.93005461,0.93767992,0.94151859,0.94089328,0.93542127,0.92506572,0.91014873,0.89132580,0.86952703,0.84587552,0.82159528,0.79792087,0.77601847,0.75692451,0.74150354,0.73042342,0.72414336,0.72290976,0.72675603,0.73550478,0.74877353,0.76598654,0.78639626,0.80911664,0.83316897,0.85753824,0.88123587,0.90336258,0.92316448,0.94007593,0.95374452,0.96403628,0.97102237,0.97495094,0.97620930,0.97528199,0.97270954,0.96905119,0.96485354,0.96062496,0.95681498,0.95379709,0.95185423,0.95116694,0.95180556,0.95372853,0.95678846,0.96074698,0.96529779,0.97009566,0.97478790,0.97904386,0.98257828,0.98516501,0.98663962
0.97644211,0.97458305,0.97217480,0.96920227,0.96551980,0.96092968,0.95527355,0.94851567,0.94080023,0.93247128,0.92405219,0.91618942,0.90957160,0.90483899,0.90249826,0.90285577,0.90597778,0.91168042,0.91954830,0.92897676,0.93923155,0.94951889,0.95905852,0.96715239,0.97324199,0.97694901,0.97809608,0.97670734,0.97299031,0.96730271,0.96010873,0.95193014,0.94329860,0.93471486,0.92661960,0.91937781,0.91327544,0.90852464,0.90527245,0.90360796,0.90356478,0.90511742,0.90817293,0.91256132,0.91802979,0.92424622,0.93081578,0.93731193,0.94331899,0.94848029,0.95254346,0.95539432,0.95707236,0.95776358,0.95777102,0.95746716,0.95723612,0.95741577,0.95824991,0.95985834,0.96222891,0.96523105,0.96864609,0.97220698,0.97563892,0.97869326,0.98116956,0.98292386,0.98386533,0.98394555,0.98314660,0.98147310,0.97895152,0.97563679,0.97162383,0.96705899,0.96214618,0.95714273,0.95234264,0.94804764,0.94453013,0.94199472,0.94054621,0.94017102,0.94073665,0.94200971,0.94368969,0.94545237,0.94699510,0.94807609,0.94854109,0.94833370,0.94748871,0.94611166,0.94435038,0.94236524,0.94030431,0.93828695,0.93639653,0.93468024
0.98569911,0.98835877,0.98936337,0.98839427,0.98532364,0.98023558,0.97341986,0.96534334,0.95660497,0.94787918,0.93985201,0.93315432,0.92829751,0.92561786,0.92523627,0.92703891,0.93068295,0.93562914,0.94119995,0.94665800,0.95129549,0.95452123,0.95593123,0.95535051,0.95283947,0.94866525,0.94324520,0.93707438,0.93065109,0.92441352,0.91869767,0.91372175,0.90959621,0.90635304,0.90398358,0.90247321,0.90182297,0.90205297,0.90318838,0.90523350,0.90814303,0.91180047,0.91601177,0.92051863,0.92503079,0.92927162,0.93302720,0.93618755,0.93877000,0.94091832,0.94287642,0.94494144,0.94740507,0.95049464,0.95432573,0.95887513,0.96397904,0.96935582,0.97464798,0.97947437,0.98348236,0.98639084,0.98801756,0.98828840,0.98723023,0.98495212,0.98162167,0.97744262,0.97263868,0.96744524,0.96210782,0.95688377,0.95204255,0.94786046,0.94460704,0.94252324,0.94179401,0.94252043,0.94469726,0.94820182,0.95279759,0.95815342,0.96387596,0.96955049,0.97478366,0.97924188,0.98267972,0.98495536,0.98603212,0.98596831,0.98489886,0.98301343,0.98053478,0.97770001,0.97474530,0.97189309,0.96933996,0.96724329,0.96570564,0.96475733
0.92840828,0.92866167,0.92996683,0.93243628,0.93590609,0.93995458,0.94396710,0.94723894,0.94909987,0.94903827,0.94680150,0.94245223,0.93637002,0.92919804,0.92174628,0.91487014,0.90934686,0.90577093,0.90448515,0.90555654,0.90879790,0.91382693,0.92014803,0.92723805,0.93461792,0.94189703,0.94878511,0.95507442,0.96060220,0.96520664,0.96869066,0.97080452,0.97125397,0.96973394,0.96598204,0.95984102,0.95131667,0.94061829,0.92817204,0.91460279,0.90068615,0.88727784,0.87523118,0.86531495,0.85814342,0.85412711,0.85344941,0.85606893,0.86174392,0.87007142,0.88053335,0.89254180,0.90547808,0.91872314,0.93167921,0.94378488,0.95452692,0.96345208,0.97018131,0.97442726,0.97601408,0.97489655,0.97117452,0.96509858,0.95706343,0.94758769,0.93728061,0.92679849,0.91679510,0.90787140,0.90053024,0.89514097,0.89191779,0.89091343,0.89202772,0.89502856,0.89958158,0.90528441,0.91170146,0.91839617,0.92495794,0.93102239,0.93628456,0.94050545,0.94351374,0.94520417,0.94553437,0.94452090,0.94223491,0.93879709,0.93437159,0.92915842,0.92338396,0.91728924,0.91111608,0.90509159,0.89941229,0.89422919,0.88963566,0.88565910
0.95861469,0.96463211,0.96926845,0.97262572,0.97475576,0.97558147,0.97486338,0.97222315,0.96722209,0.95947858,0.94879827,0.93528661,0.91941632,0.90203209,0.88428788,0.86752598,0.85311779,0.84229295,0.83598450,0.83471403,0.83853333,0.84702899,0.85938567,0.87449433,0.89108520,0.90786351,0.92362831,0.93736069,0.94827581,0.95584035,0.95976267,0.95996600,0.95655537,0.94978699,0.94004593,0.92783352,0.91376205,0.89855123,0.88301911,0.86806086,0.85461099,0.84358855,0.83582836,0.83200508,0.83255912,0.83763424,0.84703631,0.86022058,0.87631150,0.89415504,0.91239916,0.92959469,0.94430658,0.95522452,0.96126277,0.96164037,0.95593587,0.94411370,0.92652253,0.90386903,0.87717193,0.84770200,0.81691287,0.78636650,0.75765579,0.73232597,0.71179605,0.69728200,0.68972381,0.68972014,0.69747523,0.71276389,0.73492060,0.76285744,0.79511378,0.82993693,0.86538960,0.89947642,0.93027918,0.95608872,0.97552187,0.98761273,0.99187129,0.98830541,0.97740692,0.96010542,0.93769630,0.91175015,0.88401104,0.85628986,0.83035837,0.80784797,0.79015725,0.77837147,0.77319764,0.77491855,0.78336922,0.79793872,0.81759977,0.84096664
0.98745875,0.98873009,0.99032299,0.99170665,0.99232596,0.99174455,0.98974587,0.98637486,0.98191892,0.97684099,0.97168674,0.96699022,0.96319805,0.96062412,0.95943664,0.95967057,0.96125284,0.96402674,0.96776547,0.97217193,0.97686997,0.98139762,0.98521423,0.98773006,0.98836008,0.98659630,0.98208680,0.97470582,0.96459956,0.95219558,0.93817083,0.92338160,0.90876756,0.89524735,0.88362463,0.87451989,0.86833636,0.86525998,0.86528602,0.86826041,0.87392220,0.88193628,0.89191008,0.90339504,0.91587947,0.92878349,0.94146702,0.95325836,0.96350457,0.97163815,0.97724831,0.98014213,0.98038096,0.97828170,0.97437918,0.96935437,0.96394044,0.95882407,0.95455996,0.95151364,0.94984109,0.94950557,0.95032430,0.95203171,0.95434363,0.95700818,0.95983356,0.96269060,0.96549435,0.96817498,0.97065001,0.97280894,0.97451638,0.97563439,0.97605797,0.97575360,0.97478846,0.97333946,0.97167619,0.97011842,0.96897606,0.96848472,0.96875232,0.96972988,0.97121456,0.97288569,0.97436661,0.97529915,0.97541424,0.97458279,0.97283513,0.97034484,0.96738091,0.96424002,0.96117512,0.95833705,0.95574240,0.95327362,0.95070965,0.94777764
0.91368594,0.92450786,0.93113366,0.93328221,0.93073429,0.92337482,0.91127555,0.89479774,0.87468381,0.85210368,0.82862861,0.80612114,0.78654972,0.77175581,0.76321397,0.76182846,0.76780423,0.78061669,0.79908671,0.82154770,0.84607483,0.87073505,0.89381433,0.91398563,0.93039611,0.94267005,0.95084156,0.95524254,0.95637641,0.95480583,0.95107405,0.94566839,0.93902161,0.93153756,0.92362215,0.91570193,0.90821865,0.90159756,0.89619689,0.89225238,0.88983370,0.88882712,0.88895259,0.88981490,0.89097974,0.89205851,0.89278350,0.89305620,0.89295842,0.89272411,0.89267896,0.89316207,0.89444735,0.89668183,0.89985368,0.90379506,0.90821693,0.91276562,0.91708651,0.92087994,0.92393770,0.92615444,0.92751529,0.92806665,0.92788126,0.92702873,0.92556077,0.92351524,0.92093706,0.91790897,0.91458109,0.91118863,0.90804941,0.90553857,0.90404329,0.90390637,0.90537011,0.90853279,0.91332759,0.91952884,0.92678455,0.93466813,0.94273820,0.95059384,0.95791459,0.96447872,0.97015916,0.97490190,0.97869555,0.98154252,0.98344055,0.98438005,0.98435741,0.98339923,0.98158857,0.97908297,0.97611537,0.97297326,0.96995716,0.96732493
0.98536215,0.98282489,0.97769935,0.97040522,0.96132622,0.95077820,0.93902075,0.92630782,0.91296159,0.89944460,0.88640367,0.87466445,0.86516755,0.85885251,0.85650977,0.85862959,0.86527947,0.87603729,0.88999751,0.90585427,0.92205046,0.93696858,0.94913088,0.95737469,0.96097508,0.95969845,0.95378522,0.94387279,0.93087927,0.91587253,0.89994777,0.88413127,0.86931910,0.85625083,0.84551021,0.83754016,0.83265883,0.83106686,0.83284155,0.83792023,0.84608032,0.85692615,0.86989227,0.88426943,0.89925420,0.91401740,0.92778170,0.93989588,0.94989348,0.95752645,0.96276889,0.96579199,0.96691615,0.96655036,0.96512995,0.96306309,0.96069325,0.95828074,0.95600223,0.95396399,0.95222233,0.95080518,0.94972931,0.94901046,0.94866596,0.94871177,0.94915701,0.94999908,0.95122170,0.95279636,0.95468641,0.95685192,0.95925284,0.96184884,0.96459468,0.96743170,0.97027734,0.97301578,0.97549303,0.97751917,0.97887903,0.97935057,0.97872856,0.97684992,0.97361692,0.96901453,0.96311930,0.95609838,0.94819900,0.93972965,0.93103576,0.92247261,0.91437830,0.90704895,0.90071759,0.89553777,0.89157241,0.88878807,0.88705497,0.88615283
0.82766665,0.82797443,0.83261408,0.84130191,0.85345840,0.86827414,0.88478467,0.90194750,0.91871622,0.93410931,0.94727217,0.95753124,0.96443806,0.96780007,0.96769430,0.96446072,0.95867302,0.95108655,0.94256606,0.93399931,0.92620608,0.91985507,0.91540134,0.91305394,0.91277853,0.91433262,0.91732571,0.92129223,0.92576416,0.93033100,0.93467816,0.93859970,0.94198692,0.94479951,0.94702942,0.94866841,0.94968762,0.95003365,0.94964029,0.94845084,0.94644353,0.94365178,0.94017276,0.93616112,0.93180880,0.92731623,0.92286269,0.91858447,0.91456710,0.91085406,0.90746976,0.90445028,0.90187294,0.89987543,0.89865732,0.89846047,0.89953035,0.90206492,0.90616175,0.91177515,0.91869384,0.92654546,0.93482894,0.94296994,0.95039006,0.95657771,0.96114873,0.96388677,0.96475822,0.96390158,0.96159632,0.95821940,0.95419903,0.94997376,0.94596180,0.94254192,0.94004327,0.93873940,0.93884085,0.94048237,0.94370337,0.94842424,0.95442460,0.96133127,0.96862383,0.97566315,0.98174359,0.98616497,0.98831519,0.98775122,0.98426503,0.97792255,0.96906786,0.95829086,0.94636282,0.93415004,0.92251899,0.91224664,0.90394747,0.89802412
0.87272756,0.88052162,0.89091597,0.90334570,0.91698938,0.93083917,0.94381365,0.95489934,0.96329673,0.96854209,0.97057854,0.96975979,0.96678434,0.96257270,0.95811206,0.95429795,0.95180181,0.95098639,0.95188038,0.95421139,0.95748506,0.96109008,0.96440612,0.96689405,0.96815514,0.96795492,0.96621648,0.96299350,0.95843629,0.95276176,0.94623424,0.93915814,0.93187771,0.92477642,0.91826738,0.91276898,0.90866452,0.90624988,0.90567812,0.90691248,0.90969923,0.91356902,0.91787000,0.92183030,0.92464173,0.92555265,0.92395694,0.91946673,0.91196000,0.90159798,0.88881242,0.87426607,0.85879311,0.84332697,0.82882293,0.81618185,0.80617995,0.79940881,0.79622924,0.79674209,0.80077890,0.80791364,0.81749612,0.82870511,0.84061761,0.85228818,0.86283039,0.87149111,0.87770941,0.88115364,0.88173430,0.87959377,0.87507749,0.86869249,0.86105985,0.85286692,0.84482332,0.83762284,0.83191053,0.82825276,0.82710742,0.82879296,0.83345769,0.84105405,0.85132404,0.86380261,0.87784337,0.89266765,0.90743387,0.92131959,0.93360518,0.94374587,0.95141953,0.95654131,0.95924202,0.95981471,0.95864010,0.95610541,0.95253207,0.94812533
0.92206542,0.89740808,0.87215143,0.84800346,0.82645663,0.80870494,0.79560205,0.78765513,0.78504489,0.78766154,0.79514703,0.80693696,0.82229923,0.84037060,0.86019468,0.88076532,0.90107775,0.92018669,0.93726753,0.95167442,0.96298772,0.97104342,0.97593863,0.97800985,0.97778458,0.97591149,0.97307775,0.96992469,0.96697256,0.96456400,0.96283238,0.96169827,0.96089412,0.96001372,0.95858026,0.95612413,0.95226019,0.94675449,0.93957184,0.93089838,0.92113649,0.91087266,0.90082230,0.89175799,0.88443034,0.87949080,0.87742589,0.87850933,0.88277613,0.89001892,0.89980444,0.91150587,0.92434604,0.93744680,0.94988031,0.96072031,0.96909222,0.97422295,0.97549069,0.97247449,0.96500085,0.95318277,0.93744442,0.91852455,0.89745210,0.87549085,0.85405345,0.83459039,0.81846445,0.80682447,0.80049442,0.79989232,0.80498989,0.81531817,0.83001758,0.84792471,0.86768349,0.88786590,0.90708740,0.92410492,0.93788944,0.94767070,0.95295635,0.95353171,0.94944758,0.94100255,0.92872357,0.91334471,0.89578133,0.87709471,0.85844273,0.84101435,0.82594893,0.81424634,0.80667732,0.80370624,0.80543826,0.81160039,0.82156081,0.83438497
0.96492728,0.96852481,0.97169409,0.97436164,0.97650543,0.97815108,0.97934979,0.98014672,0.98055189,0.98052473,0.97997875,0.97880578,0.97691229,0.97425667,0.97087559,0.96689053,0.96249111,0.95789799,0.95331458,0.94888122,0.94464594,0.94056266,0.93651934,0.93239003,0.92809632,0.92366054,0.91923463,0.91509440,0.91159777,0.90911421,0.90794074,0.90822375,0.90990661,0.91271794,0.91620633,0.91981583,0.92298631,0.92525618,0.92634455,0.92619468,0.92497000,0.92300470,0.92072137,0.91853543,0.91676891,0.91559366,0.91501641,0.91490729,0.91506242,0.91528280,0.91544791,0.91556487,0.91578022,0.91635126,0.91758399,0.91975297,0.92302319,0.92739361,0.93267687,0.93852047,0.94446459,0.95002264,0.95476548,0.95838990,0.96075626,0.96188798,0.96193521,0.96111340,0.95963394,0.95764543,0.95520124,0.95226193,0.94873158,0.94451808,0.93960107,0.93408907,0.92825000,0.92250515,0.91738563,0.91345860,0.91123775,0.91109624,0.91319964,0.91747234,0.92360283,0.93108511,0.93928586,0.94752250,0.95513707,0.96155353,0.96631200,0.96907942,0.96964205,0.96788865,0.96379393,0.95741015,0.94887006,0.93839922,0.92633048,0.91311093
0.93759075,0.93229117,0.92855070,0.92636810,0.92543301,0.92521079,0.92505938,0.92435694,0.92261750,0.91957452,0.91521793,0.90977931,0.90367021,0.89738850,0.89141335,0.88611070,0.88166686,0.87806026,0.87507359,0.87234146,0.86942356,0.86589014,0.86140521,0.85579349,0.84908043,0.84149998,0.83347081,0.82554685,0.81835105,0.81250176,0.80854055,0.80686885,0.80769976,0.81102956,0.81663134,0.82407072,0.83274083,0.84191236,0.85079336,0.85859352,0.86458780,0.86817436,0.86892236,0.86660629,0.86122509,0.85300607,0.84239455,0.83003057,0.81671385,0.80335777,0.79093333,0.78040455,0.77265775,0.76842834,0.76823042,0.77229583,0.78053080,0.79249798,0.80743040,0.82428007,0.84179966,0.85865034,0.87352492,0.88527207,0.89300669,0.89619260,0.89468726,0.88874362,0.87897111,0.86626329,0.85170448,0.83646896,0.82172540,0.80855597,0.79789511,0.79048872,0.78687040,0.78734964,0.79200617,0.80068733,0.81300830,0.82835912,0.84592477,0.86472449,0.88367383,0.90166858,0.91768407,0.93087862,0.94068629,0.94688336,0.94961486,0.94937299,0.94692721,0.94321516,0.93921077,0.93579111,0.93362291,0.93308573,0.93424116,0.93684900
0.96577837,0.96829117,0.96942801,0.96915147,0.96736986,0.96397479,0.95889707,0.95216652,0.94395930,0.93461899,0.92464384,0.91464012,0.90524991,0.89706701,0.89055711,0.88599740,0.88344617,0.88274699,0.88356504,0.88544719,0.88789355,0.89042694,0.89264844,0.89427147,0.89513178,0.89517609,0.89443585,0.89299479,0.89095868,0.88843390,0.88551820,0.88230317,0.87888510,0.87537889,0.87192910,0.86871388,0.86593915,0.86382332,0.86257492,0.86236703,0.86331322,0.86544889,0.86872088,0.87298604,0.87801815,0.88352127,0.88914720,0.89451557,0.89923521,0.90292664,0.90524539,0.90590588,0.90470507,0.90154434,0.89644716,0.88956941,0.88119915,0.87174338,0.86170084,0.85162261,0.84206432,0.83353603,0.82645618,0.82111605,0.81765949,0.81608039,0.81623766,0.81788447,0.82070618,0.82435997,0.82851001,0.83285338,0.83713530,0.84115464,0.84476287,0.84786053,0.85039482,0.85236116,0.85380915,0.85485174,0.85567345,0.85653255,0.85775160,0.85969313,0.86272045,0.86714785,0.87318774,0.88090415,0.89018171,0.90071749,0.91203928,0.92354971,0.93459045,0.94451664,0.95276880,0.95892986,0.96275783,0.96418969,0.96331828,0.96034870
0.95977236,0.94992372,0.94070680,0.93232909,0.92477105,0.91792851,0.91176070,0.90639957,0.90218725,0.89963032,0.89928350,0.90159585,0.90676244,0.91462272,0.92463407,0.93593006,0.94745263,0.95812925,0.96705574,0.97364357,0.97769919,0.97941999,0.97931201,0.97805294,0.97633558,0.97472851,0.97358379,0.97300796,0.97289609,0.97301398,0.97310257,0.97297487,0.97257956,0.97201601,0.97149956,0.97128981,0.97160400,0.97254070,0.97403494,0.97585698,0.97765470,0.97902838,0.97961808,0.97918061,0.97763623,0.97507332,0.97171057,0.96782738,0.96368134,0.95943448,0.95510777,0.95057561,0.94560231,0.93991179,0.93327350,0.92558359,0.91692149,0.90756826,0.89798273,0.88874109,0.88045414,0.87368069,0.86885521,0.86624370,0.86593378,0.86785662,0.87183046,0.87761099,0.88493363,0.89353628,0.90315832,0.91351918,0.92428647,0.93504763,0.94529875,0.95446047,0.96192407,0.96712248,0.96961382,0.96916012,0.96578372,0.95978742,0.95173181,0.94237221,0.93256589,0.92316633,0.91492353,0.90840767,0.90396772,0.90172860,0.90162214,0.90343990,0.90689237,0.91165933,0.91742042,0.92386150,0.93066001,0.93745870,0.94384079,0.94931947
0.98098692,0.98454609,0.98572786,0.98455382,0.98102796,0.97513839,0.96689087,0.95636835,0.94380133,0.92962864,0.91452732,0.89939614,0.88528750,0.87329482,0.86441348,0.85939996,0.85865506,0.86215368,0.86943560,0.87966103,0.89172298,0.90439766,0.91650690,0.92706472,0.93538434,0.94113112,0.94431812,0.94525206,0.94444552,0.94251508,0.94008502,0.93771186,0.93583846,0.93477869,0.93472662,0.93577944,0.93796223,0.94124453,0.94554362,0.95071505,0.95653622,0.96269171,0.96876999,0.97427860,0.97868062,0.98145012,0.98213883,0.98044278,0.97625637,0.96970282,0.96113405,0.95109857,0.94028187,0.92942875,0.91925973,0.91039477,0.90329488,0.89822940,0.89527104,0.89431641,0.89512537,0.89736998,0.90068375,0.90470343,0.90909856,0.91358744,0.91794138,0.92198067,0.92556700,0.92859655,0.93099666,0.93272737,0.93378660,0.93421623,0.93410535,0.93358744,0.93282964,0.93201432,0.93131517,0.93087107,0.93076181,0.93098966,0.93147017,0.93203449,0.93244356,0.93241289,0.93164447,0.92986163,0.92684238,0.92244737,0.91663966,0.90949420,0.90119610,0.89202793,0.88234721,0.87255698,0.86307222,0.85428570,0.84653581,0.84007880
0.96271544,0.96598514,0.96899404,0.97172896,0.97414178,0.97616125,0.97769069,0.97859863,0.97871359,0.97783430,0.97576071,0.97234284,0.96753624,0.96144852,0.95436163,0.94671906,0.93907396,0.93200313,0.92600063,0.92137249,0.91815733,0.91609433,0.91465054,0.91310508,0.91067437,0.90665274,0.90054030,0.89213315,0.88155971,0.86925773,0.85589876,0.84227776,0.82919238,0.81733795,0.80723858,0.79922394,0.79344874,0.78994100,0.78865957,0.78954084,0.79252001,0.79752061,0.80441619,0.81297730,0.82282317,0.83339788,0.84398606,0.85377295,0.86194194,0.86779205,0.87085191,0.87096558,0.86833107,0.86348126,0.85720917,0.85045117,0.84415094,0.83913089,0.83599501,0.83507933,0.83645420,0.83997109,0.84533714,0.85219628,0.86019607,0.86902529,0.87841637,0.88811753,0.89784851,0.90725909,0.91590903,0.92328196,0.92883618,0.93208448,0.93268657,0.93053262,0.92579667,0.91894390,0.91068529,0.90188476,0.89343527,0.88612807,0.88054120,0.87696939,0.87540762,0.87558879,0.87706436,0.87930786,0.88181800,0.88419902,0.88620286,0.88772748,0.88877689,0.88939821,0.88961635,0.88938672,0.88858007,0.88700379,0.88445304,0.88077678
0.89858111,0.89625225,0.89370206,0.89108634,0.88841540,0.88557115,0.88235810,0.87857683,0.87410406,0.86896113,0.86335444,0.85767648,0.85246398,0.84831908,0.84580759,0.84535375,0.84715154,0.85110954,0.85684005,0.86369533,0.87084662,0.87739408,0.88249057,0.88545931,0.88588634,0.88367323,0.87904313,0.87250186,0.86476288,0.85665025,0.84899516,0.84254109,0.83786977,0.83535565,0.83515116,0.83719947,0.84126682,0.84698446,0.85389069,0.86146619,0.86916010,0.87640779,0.88264471,0.88732151,0.88992570,0.89001332,0.88725053,0.88146139,0.87267419,0.86115662,0.84743009,0.83225602,0.81659138,0.80151555,0.78813640,0.77748669,0.77042498,0.76755440,0.76917065,0.77524524,0.78544433,0.79917751,0.81566659,0.83402266,0.85331966,0.87265570,0.89119696,0.90820354,0.92304090,0.93518310,0.94421532,0.94984137,0.95189892,0.95038095,0.94545825,0.93749554,0.92705347,0.91487026,0.90182052,0.88885251,0.87691022,0.86685007,0.85936399,0.85492035,0.85373113,0.85574898,0.86069222,0.86809141,0.87734795,0.88779427,0.89874668,0.90954459,0.91957374,0.92827511,0.93514458,0.93973019,0.94163399,0.94052304,0.93615051,0.92838412
0.95700197,0.95975830,0.96298191,0.96642192,0.96981683,0.97295765,0.97572389,0.97808937,0.98010189,0.98184634,0.98340307,0.98481314,0.98605868,0.98706214,0.98770279,0.98784450,0.98736661,0.98619012,0.98429396,0.98171941,0.97856425,0.97496995,0.97110599,0.96715471,0.96329901,0.95971354,0.95655843,0.95397354,0.95207127,0.95092657,0.95056491,0.95095075,0.95197994,0.95347986,0.95521927,0.95692835,0.95832680,0.95915629,0.95921237,0.95837061,0.95660267,0.95397991,0.95066409,0.94688739,0.94292537,0.93906735,0.93558835,0.93272592,0.93066363,0.92952163,0.92935333,0.93014657,0.93182750,0.93426598,0.93728218,0.94065462,0.94413042,0.94743785,0.95030115,0.95245680,0.95367006,0.95375022,0.95256323,0.95004025,0.94618157,0.94105589,0.93479612,0.92759291,0.91968697,0.91136053,0.90292742,0.89472097,0.88707881,0.88032456,0.87474707,0.87057845,0.86797358,0.86699399,0.86759981,0.86965245,0.87292959,0.87715114,0.88201252,0.88721966,0.89251959,0.89772165,0.90270589,0.90741842,0.91185545,0.91604058,0.92000073,0.92374664,0.92726245,0.93050626,0.93342045,0.93594758,0.93804579,0.93969760,0.94090770,0.94168825
0.95549734,0.96347529,0.97024403,0.97616166,0.98133525,0.98562107,0.98869424,0.99016360,0.98969946,0.98714200,0.98256617,0.97629160,0.96884000,0.96085409,0.95299997,0.94587515,0.93994069,0.93548622,0.93262756,0.93132836,0.93143423,0.93270865,0.93486365,0.93758296,0.94053872,0.94340514,0.94587294,0.94766732,0.94856989,0.94844182,0.94724246,0.94503687,0.94198719,0.93832743,0.93432589,0.93024391,0.92630041,0.92265071,0.91938358,0.91653633,0.91412231,0.91216224,0.91070873,0.90985518,0.90972409,0.91043605,0.91206676,0.91460369,0.91791498,0.92174085,0.92571235,0.92939608,0.93235702,0.93422657,0.93476148,0.93388016,0.93166867,0.92835547,0.92426198,0.91974146,0.91512131,0.91066186,0.90654035,0.90286152,0.89968937,0.89708874,0.89516227,0.89406931,0.89401816,0.89523053,0.89788554,0.90205699,0.90766054,0.91442627,0.92190671,0.92952299,0.93664261,0.94267483,0.94716465,0.94986548,0.95077485,0.95012528,0.94833281,0.94591465,0.94339451,0.94121558,0.93967906,0.93891920,0.93891701,0.93954557,0.94063233,0.94202025,0.94361056,0.94537569,0.94733927,0.94952969,0.95192108,0.95437942,0.95663091,0.95826456
0.93019378,0.92013469,0.91077963,0.90254529,0.89574080,0.89058280,0.88721826,0.88574635,0.88623018,0.88869279,0.89309644,0.89931029,0.90707566,0.91598085,0.92545584,0.93479432,0.94320433,0.94988296,0.95410470,0.95530940,0.95317478,0.94766118,0.93902127,0.92777424,0.91465046,0.90051668,0.88629429,0.87288164,0.86108897,0.85159029,0.84489244,0.84131859,0.84100204,0.84388645,0.84973057,0.85811818,0.86847565,0.88010031,0.89220216,0.90395880,0.91458058,0.92337970,0.92983458,0.93364011,0.93473564,0.93330594,0.92975480,0.92465547,0.91868586,0.91255812,0.90695169,0.90245749,0.89953758,0.89850143,0.89949693,0.90251283,0.90738827,0.91382693,0.92141475,0.92964253,0.93793562,0.94569263,0.95233328,0.95735281,0.96037755,0.96121367,0.95988049,0.95662050,0.95188112,0.94626832,0.94047728,0.93521008,0.93109286,0.92860543,0.92803320,0.92944776,0.93271657,0.93753761,0.94349040,0.95009283,0.95685340,0.96331123,0.96906082,0.97376307,0.97714804,0.97901598,0.97924258,0.97779112,0.97473051,0.97025404,0.96469117,0.95850382,0.95226031,0.94658457,0.94208397,0.93926505,0.93845078,0.93971443,0.94284336,0.94734115
0.94326182,0.94988285,0.95854219,0.96814139,0.97732238,0.98466734,0.98889804,0.98904340,0.98455239,0.97534074,0.96177239,0.94458733,0.92479447,0.90355097,0.88204734,0.86141220,0.84264318,0.82656327,0.81379763,0.80476415,0.79967231,0.79852748,0.80113951,0.80713604,0.81598106,0.82699979,0.83941065,0.85236462,0.86499104,0.87644728,0.88596877,0.89291538,0.89681147,0.89737768,0.89455320,0.88850667,0.87963357,0.86853749,0.85599425,0.84289903,0.83019982,0.81882195,0.80959116,0.80316339,0.79997043,0.80018904,0.80373832,0.81030526,0.81939369,0.83038746,0.84261705,0.85541910,0.86818072,0.88036426,0.89151280,0.90124089,0.90921861,0.91515847,0.91881301,0.91998784,0.91856904,0.91455940,0.90811389,0.89956422,0.88942302,0.87836231,0.86716556,0.85665878,0.84763064,0.84075533,0.83653097,0.83524381,0.83696241,0.84155982,0.84875614,0.85817055,0.86937098,0.88191126,0.89534973,0.90924842,0.92315770,0.93659588,0.94903493,0.95990267,0.96860719,0.97458367,0.97735724,0.97661111,0.97224652,0.96442183,0.95356110,0.94032803,0.92556769,0.91022451,0.89524981,0.88151341,0.86973234,0.86042498,0.85389271,0.85022562
0.99751716,0.99729409,0.99716562,0.99714714,0.99705480,0.99657398,0.99535733,0.99312976,0.98977662,0.98539505,0.98029774,0.97496895,0.96998344,0.96590685,0.96319876,0.96213793,0.96278318,0.96497479,0.96837308,0.97252340,0.97693301,0.98114457,0.98479331,0.98763980,0.98957625,0.99060991,0.99083156,0.99037886,0.98940367,0.98804941,0.98644071,0.98468374,0.98287320,0.98110100,0.97946216,0.97805532,0.97697695,0.97631084,0.97611561,0.97641407,0.97718739,0.97837608,0.97988768,0.98160935,0.98342251,0.98521653,0.98689904,0.98840158,0.98968047,0.99071404,0.99149780,0.99203955,0.99235580,0.99247022,0.99241358,0.99222423,0.99194759,0.99163376,0.99133284,0.99108864,0.99093190,0.99087480,0.99090838,0.99100390,0.99111865,0.99120508,0.99122163,0.99114280,0.99096606,0.99071417,0.99043214,0.99017951,0.99001948,0.99000690,0.99017746,0.99054012,0.99107382,0.99172879,0.99243143,0.99309119,0.99360769,0.99387663,0.99379409,0.99325940,0.99217781,0.99046414,0.98804874,0.98488622,0.98096667,0.97632785,0.97106601,0.96534223,0.95938135,0.95346152,0.94789378,0.94299302,0.93904359,0.93626375,0.93477376,0.93457177
0.95816762,0.95438791,0.95193123,0.95082339,0.95085003,0.95163357,0.95273000,0.95372780,0.95433132,0.95441467,0.95403774,0.95342328,0.95290110,0.95283184,0.95352561,0.95517130,0.95778868,0.96121008,0.96509296,0.96895943,0.97225551,0.97442069,0.97495741,0.97349078,0.96981074,0.96389279,0.95589728,0.94615074,0.93511455,0.92334615,0.91145761,0.90007478,0.88980006,0.88118037,0.87468119,0.87066603,0.86937976,0.87093439,0.87529661,0.88227812,0.89153098,0.90255086,0.91469097,0.92718895,0.93920768,0.94988936,0.95841990,0.96409776,0.96639921,0.96503112,0.95996263,0.95143006,0.93991223,0.92607815,0.91071298,0.89463178,0.87859363,0.86322860,0.84898854,0.83612818,0.82471741,0.81468017,0.80585089,0.79803692,0.79107541,0.78487482,0.77943468,0.77484269,0.77125278,0.76885219,0.76782730,0.76833706,0.77049944,0.77439199,0.78006319,0.78754803,0.79687988,0.80809156,0.82120082,0.83617990,0.85291380,0.87115661,0.89049750,0.91034828,0.92996027,0.94847316,0.96499141,0.97867805,0.98885129,0.99506822,0.99718081,0.99535433,0.99004458,0.98193800,0.97186545,0.96070485,0.94928842,0.93832788,0.92836565,0.91975389
0.88320023,0.89513071,0.90755351,0.91975820,0.93079771,0.93955811,0.94489241,0.94580166,0.94163153,0.93224358,0.91812093,0.90037835,0.88066603,0.86097783,0.84339446,0.82980432,0.82164816,0.81972835,0.82411096,0.83413214,0.84850257,0.86548697,0.88312558,0.89946028,0.91273286,0.92153273,0.92488513,0.92228274,0.91367304,0.89941723,0.88023616,0.85715365,0.83144159,0.80456457,0.77811796,0.75375231,0.73307982,0.71756397,0.70840008,0.70640019,0.71189858,0.72469425,0.74404244,0.76870066,0.79702642,0.82711575,0.85696560,0.88464042,0.90842352,0.92693819,0.93922880,0.94479904,0.94361011,0.93604597,0.92285489,0.90507639,0.88396123,0.86088952,0.83728991,0.81456141,0.79399893,0.77672459,0.76362777,0.75531794,0.75209519,0.75394230,0.76054082,0.77131083,0.78547048,0.80210893,0.82026423,0.83899725,0.85745442,0.87491368,0.89081155,0.90475169,0.91649779,0.92595559,0.93314898,0.93819493,0.94127987,0.94263887,0.94253704,0.94125204,0.93905705,0.93620438,0.93291088,0.92934726,0.92563325,0.92184046,0.91800336,0.91413744,0.91026154,0.90641987,0.90269874,0.89923354,0.89620312,0.89381136,0.89225807,0.89170319
0.96612056,0.96809547,0.96965088,0.97065741,0.97083952,0.96978808,0.96701388,0.96203840,0.95450797,0.94430956,0.93166276,0.91716452,0.90177144,0.88671680,0.87337239,0.86307615,0.85695300,0.85575747,0.85976314,0.86871622,0.88186006,0.89802538,0.91577035,0.93354664,0.94986531,0.96343895,0.97328353,0.97877293,0.97964759,0.97598633,0.96815395,0.95673842,0.94248937,0.92626532,0.90899239,0.89163160,0.87514945,0.86048480,0.84850753,0.83996758,0.83543775,0.83525728,0.83948578,0.84787716,0.85988135,0.87467766,0.89123882,0.90841933,0.92505789,0.94008103,0.95259477,0.96195352,0.96779894,0.97006651,0.96896206,0.96491484,0.95851578,0.95045085,0.94143811,0.93217513,0.92329987,0.91536556,0.90882700,0.90403473,0.90123318,0.90055992,0.90204458,0.90560786,0.91106240,0.91811779,0.92639234,0.93543285,0.94474250,0.95381493,0.96217110,0.96939451,0.97516026,0.97925422,0.98158019,0.98215491,0.98109246,0.97858164,0.97486032,0.97019136,0.96484348,0.95907937,0.95315102,0.94730083,0.94176544,0.93677901,0.93257277,0.92936868,0.92736656,0.92672578,0.92754373,0.92983474,0.93351303,0.93838294,0.94413857,0.95037368
0.96106735,0.96551644,0.97053081,0.97589109,0.98115886,0.98576676,0.98913469,0.99078589,0.99043796,0.98805098,0.98382627,0.97816071,0.97157168,0.96461170,0.95779207,0.95152957,0.94612295,0.94175745,0.93852898,0.93647555,0.93560385,0.93590282,0.93734137,0.93985376,0.94331964,0.94754780,0.95227124,0.95715832,0.96184027,0.96595095,0.96917106,0.97126756,0.97211993,0.97172847,0.97020441,0.96774589,0.96460650,0.96106397,0.95739472,0.95385802,0.95068950,0.94810137,0.94628437,0.94540636,0.94560392,0.94696618,0.94951376,0.95317789,0.95778623,0.96306089,0.96863209,0.97406740,0.97891317,0.98274201,0.98519805,0.98603240,0.98512303,0.98247710,0.97821762,0.97255938,0.96578082,0.95819804,0.95014563,0.94196594,0.93400548,0.92661447,0.92014409,0.91493617,0.91130266,0.90949526,0.90966975,0.91185179,0.91591223,0.92155863,0.92834756,0.93571824,0.94304444,0.94969752,0.95511085,0.95883526,0.96057702,0.96021365,0.95778775,0.95348365,0.94759378,0.94048311,0.93255812,0.92424476,0.91597610,0.90818726,0.90131222,0.89577598,0.89197668,0.89025531,0.89085505,0.89387627,0.89923600,0.90664121,0.91558355,0.92536024
0.91112554,0.90073321,0.89157260,0.88438077,0.87949901,0.87687520,0.87613549,0.87670966,0.87798356,0.87944668,0.88080360,0.88202677,0.88334149,0.88515015,0.88791574,0.89203308,0.89771703,0.90493178,0.91337537,0.92252130,0.93170657,0.94024587,0.94754629,0.95319783,0.95702157,0.95906805,0.95957036,0.95886661,0.95731199,0.95520144,0.95271957,0.94992711,0.94678384,0.94319950,0.93909793,0.93447730,0.92945087,0.92425832,0.91924516,0.91481568,0.91137072,0.90924444,0.90865389,0.90967097,0.91222123,0.91610714,0.92104855,0.92672968,0.93284171,0.93911240,0.94531863,0.95128263,0.95685714,0.96190708,0.96629593,0.96988268,0.97253197,0.97413566,0.97464056,0.97407453,0.97256313,0.97033091,0.96768489,0.96498174,0.96258436,0.96081557,0.95991757,0.96002448,0.96115206,0.96320540,0.96600115,0.96929844,0.97283131,0.97633622,0.97957044,0.98232021,0.98440042,0.98565015,0.98592884,0.98511755,0.98312790,0.97991819,0.97551378,0.97002635,0.96366603,0.95674125,0.94964319,0.94281522,0.93671084,0.93174620,0.92825499,0.92645277,0.92641644,0.92808087,0.93125176,0.93563023,0.94084313,0.94647280,0.95208143,0.95722741
0.84221620,0.83491080,0.83216333,0.83437961,0.84142310,0.85263034,0.86689407,0.88280091,0.89880245,0.91339312,0.92526813,0.93343985,0.93729997,0.93662624,0.93154295,0.92245112,0.90994677,0.89474331,0.87760938,0.85932705,0.84066964,0.82239360,0.80523594,0.78990837,0.77708118,0.76735374,0.76121390,0.75899222,0.76082002,0.76659994,0.77599619,0.78844827,0.80320807,0.81939694,0.83607584,0.85232012,0.86728991,0.88028841,0.89080275,0.89852497,0.90335357,0.90537825,0.90485171,0.90215299,0.89774673,0.89214227,0.88585542,0.87937500,0.87313541,0.86749593,0.86272696,0.85900340,0.85640478,0.85492177,0.85446823,0.85489787,0.85602420,0.85764224,0.85954993,0.86156734,0.86355210,0.86540963,0.86709807,0.86862759,0.87005480,0.87147292,0.87299891,0.87475921,0.87687574,0.87945363,0.88257154,0.88627492,0.89057186,0.89543153,0.90078455,0.90652512,0.91251410,0.91858261,0.92453574,0.93015666,0.93521195,0.93945926,0.94265782,0.94458201,0.94503708,0.94387611,0.94101647,0.93645390,0.93027219,0.92264610,0.91383618,0.90417503,0.89404623,0.88385827,0.87401645,0.86489534,0.85681424,0.85001705,0.84465745,0.84078959
0.91017494,0.91638829,0.92264430,0.92946102,0.93713467,0.94567855,0.95482219,0.96406819,0.97279114,0.98035521,0.98622416,0.99004139,0.99166606,0.99116292,0.98875419,0.98474960,0.97947376,0.97320806,0.96615851,0.95845312,0.95016511,0.94135201,0.93209844,0.92255005,0.91292988,0.90353285,0.89470048,0.88678206,0.88009180,0.87487140,0.87126508,0.86931099,0.86894845,0.87003780,0.87238722,0.87578078,0.88000248,0.88485279,0.89015648,0.89576291,0.90154111,0.90737305,0.91314771,0.91875767,0.92409879,0.92907269,0.93359135,0.93758293,0.94099768,0.94381320,0.94603780,0.94771165,0.94890489,0.94971254,0.95024577,0.95061958,0.95093751,0.95127505,0.95166446,0.95208426,0.95245656,0.95265404,0.95251688,0.95187799,0.95059281,0.94856881,0.94578916,0.94232537,0.93833567,0.93404843,0.92973305,0.92566386,0.92208359,0.91917368,0.91703660,0.91569329,0.91509505,0.91514676,0.91573534,0.91675674,0.91813494,0.91982864,0.92182439,0.92411850,0.92669307,0.92949316,0.93241188,0.93528869,0.93792237,0.94009676,0.94161375,0.94232609,0.94216226,0.94113725,0.93934630,0.93694194,0.93409888,0.93097373,0.92766811,0.92420305
0.99517761,0.99433333,0.99202567,0.98838325,0.98354786,0.97763741,0.97072986,0.96287824,0.95415661,0.94472496,0.93489256,0.92515618,0.91619471,0.90881184,0.90383227,0.90196837,0.90368291,0.90907619,0.91782303,0.92917694,0.94204562,0.95512728,0.96708379,0.97671880,0.98312878,0.98580164,0.98465007,0.97998005,0.97240725,0.96274226,0.95186895,0.94063857,0.92979584,0.91994350,0.91154184,0.90493100,0.90036005,0.89800754,0.89798369,0.90031190,0.90489539,0.91148045,0.91963123,0.92872905,0.93800533,0.94660867,0.95369901,0.95855406,0.96066928,0.95983294,0.95616175,0.95008991,0.94231303,0.93369638,0.92516350,0.91758364,0.91167588,0.90794346,0.90664485,0.90780105,0.91123155,0.91660763,0.92350992,0.93147912,0.94005260,0.94878475,0.95725362,0.96506026,0.97182798,0.97720823,0.98089655,0.98265821,0.98235970,0.97999883,0.97572570,0.96984726,0.96281124,0.95516926,0.94752369,0.94046583,0.93451568,0.93007243,0.92738320,0.92653363,0.92745985,0.92997780,0.93382287,0.93869171,0.94427866,0.95030124,0.95651236,0.96270028,0.96868005,0.97428130,0.97933771,0.98368148,0.98714460,0.98956610,0.99080277,0.99073983
0.93544099,0.93362621,0.93194372,0.93067241,0.93002165,0.93008610,0.93081476,0.93200183,0.93330419,0.93428610,0.93448652,0.93349888,0.93104953,0.92706027,0.92168266,0.91529723,0.90847660,0.90191755,0.89635198,0.89245044,0.89073368,0.89150662,0.89482558,0.90050296,0.90814599,0.91721978,0.92712119,0.93724932,0.94706154,0.95610805,0.96404353,0.97061932,0.97566367,0.97905946,0.98072865,0.98062932,0.97876722,0.97521815,0.97015396,0.96386304,0.95675667,0.94935540,0.94225390,0.93606710,0.93136517,0.92860729,0.92808526,0.92988617,0.93387992,0.93973314,0.94694588,0.95490470,0.96294331,0.97040197,0.97667856,0.98126663,0.98377921,0.98395982,0.98168387,0.97695481,0.96989792,0.96075397,0.94987232,0.93770207,0.92477843,0.91170204,0.89910967,0.88763699,0.87787573,0.87032956,0.86537404,0.86322569,0.86392476,0.86733392,0.87315340,0.88095045,0.89019915,0.90032574,0.91075404,0.92094670,0.93043888,0.93886234,0.94595927,0.95158612,0.95570866,0.95838980,0.95977262,0.96006023,0.95949463,0.95833572,0.95684172,0.95525199,0.95377288,0.95256701,0.95174587,0.95136527,0.95142279,0.95185678,0.95254663,0.95331450
0.92363059,0.92164185,0.92032258,0.92010833,0.92121078,0.92356795,0.92683992,0.93045616,0.93371100,0.93589295,0.93642503,0.93498840,0.93160357,0.92665127,0.92082691,0.91503555,0.91024517,0.90732371,0.90688779,0.90918966,0.91406247,0.92093389,0.92890545,0.93688309,0.94373527,0.94845098,0.95027241,0.94878353,0.94394516,0.93607743,0.92579844,0.91393453,0.90141959,0.88920046,0.87816039,0.86906668,0.86254109,0.85904663,0.85888145,0.86217175,0.86885894,0.87868144,0.89115636,0.90557017,0.92098849,0.93629392,0.95025615,0.96163235,0.96928866,0.97232743,0.97020173,0.96279841,0.95047515,0.93404324,0.91469669,0.89389619,0.87322412,0.85423053,0.83829099,0.82649379,0.81956796,0.81785576,0.82132584,0.82961767,0.84210468,0.85796382,0.87624155,0.89591050,0.91591571,0.93521367,0.95280930,0.96779655,0.97940522,0.98705320,0.99039848,0.98938222,0.98425295,0.97556322,0.96413365,0.95098477,0.93724280,0.92403102,0.91236164,0.90304384,0.89662110,0.89334539,0.89318921,0.89588986,0.90101471,0.90803435,0.91639006,0.92554519,0.93501441,0.94437071,0.95323494,0.96125673,0.96809667,0.97341806,0.97689288,0.97822174
0.98068289,0.98240487,0.98261195,0.98112608,0.97767656,0.97194286,0.96362852,0.95255491,0.93875672,0.92255754,0.90460460,0.88584828,0.86746304,0.85071868,0.83682205,0.82675527,0.82113800,0.82013661,0.82343557,0.83027610,0.83955600,0.84997462,0.86019929,0.86902666,0.87551473,0.87906844,0.87947140,0.87686641,0.87169508,0.86461188,0.85638876,0.84782521,0.83967463,0.83259235,0.82710572,0.82360179,0.82232574,0.82338312,0.82674096,0.83222619,0.83952341,0.84817624,0.85759805,0.86709679,0.87591685,0.88329740,0.88854301,0.89109867,0.89061935,0.88702315,0.88051870,0.87160075,0.86101215,0.84967529,0.83860088,0.82878511,0.82110844,0.81624899,0.81462156,0.81634949,0.82127123,0.82897867,0.83887928,0.85027171,0.86242324,0.87463877,0.88631346,0.89696493,0.90624471,0.91393258,0.91991989,0.92418913,0.92679627,0.92785976,0.92755704,0.92612590,0.92386599,0.92113516,0.91833598,0.91589033,0.91420266,0.91361625,0.91436923,0.91655891,0.92012242,0.92483918,0.93035679,0.93623707,0.94201476,0.94725902,0.95162683,0.95489915,0.95699369,0.95795300,0.95791098,0.95704581,0.95552937,0.95348382,0.95095363,0.94789754
0.93440895,0.93556984,0.93832051,0.94226859,0.94666415,0.95054022,0.95291586,0.95302039,0.95048859,0.94547935,0.93868563,0.93122755,0.92444790,0.91965154,0.91784258,0.91951291,0.92452362,0.93210150,0.94094893,0.94944373,0.95588869,0.95876311,0.95693163,0.94977788,0.93724899,0.91981643,0.89837421,0.87410407,0.84833756,0.82243830,0.79771663,0.77537675,0.75648720,0.74196020,0.73252611,0.72869473,0.73070340,0.73846054,0.75149989,0.76896269,0.78962245,0.81195959,0.83428321,0.85488695,0.87221805,0.88503564,0.89253502,0.89442141,0.89092437,0.88275404,0.87100848,0.85704750,0.84235104,0.82837896,0.81644600,0.80762051,0.80265088,0.80192066,0.80543169,0.81281411,0.82336258,0.83609773,0.84985085,0.86336798,0.87542691,0.88495683,0.89114778,0.89353582,0.89205124,0.88702168,0.87912865,0.86932330,0.85871319,0.84843630,0.83953909,0.83287447,0.82903083,0.82829787,0.83066756,0.83586358,0.84338872,0.85258024,0.86266592,0.87281754,0.88220280,0.89003802,0.89564435,0.89850759,0.89833868,0.89512731,0.88917795,0.88111625,0.87185518,0.86251656,0.85431140,0.84839227,0.84569787,0.84681385,0.85187273,0.86051067
0.94622756,0.94481253,0.94489362,0.94606280,0.94768337,0.94907905,0.94971420,0.94932485,0.94797351,0.94601928,0.94401546,0.94256277,0.94215568,0.94305879,0.94524096,0.94837967,0.95193125,0.95524776,0.95771198,0.95886019,0.95846716,0.95657799,0.95348400,0.94965200,0.94562590,0.94192351,0.93895081,0.93694928,0.93598297,0.93596150,0.93668796,0.93791612,0.93940225,0.94094037,0.94237582,0.94359835,0.94452136,0.94505694,0.94509721,0.94450968,0.94315007,0.94089033,0.93765516,0.93345770,0.92842522,0.92280768,0.91696601,0.91134087,0.90640676,0.90261888,0.90036141,0.89990539,0.90138152,0.90477038,0.90990900,0.91651050,0.92419225,0.93250815,0.94098097,0.94913229,0.95650853,0.96270309,0.96737516,0.97026592,0.97121210,0.97015599,0.96715030,0.96235642,0.95603540,0.94853175,0.94025135,0.93163525,0.92313152,0.91516783,0.90812703,0.90232770,0.89801033,0.89532901,0.89434747,0.89503852,0.89728674,0.90089457,0.90559284,0.91105597,0.91692188,0.92281574,0.92837629,0.93328239,0.93727744,0.94018819,0.94193493,0.94253105,0.94207155,0.94071234,0.93864380,0.93606268,0.93314665,0.93003431,0.92681283,0.92351334
0.89695694,0.88950118,0.88326601,0.87903368,0.87700144,0.87675166,0.87736708,0.87766520,0.87649695,0.87303779,0.86700089,0.85872197,0.84909860,0.83940236,0.83101240,0.82513414,0.82256709,0.82357142,0.82785784,0.83469638,0.84311156,0.85211239,0.86089945,0.86900015,0.87630445,0.88300003,0.88943158,0.89592611,0.90263215,0.90941496,0.91583391,0.92120719,0.92474698,0.92573123,0.92366976,0.91842527,0.91026182,0.89981218,0.88797448,0.87576463,0.86415876,0.85395981,0.84571368,0.83968676,0.83590077,0.83420779,0.83438043,0.83619127,0.83946180,0.84407188,0.84993286,0.85693812,0.86491076,0.87356845,0.88251998,0.89129817,0.89942343,0.90648263,0.91220364,0.91650624,0.91951596,0.92153633,0.92298512,0.92430891,0.92589505,0.92800071,0.93071371,0.93395181,0.93749721,0.94105484,0.94431824,0.94702647,0.94899972,0.95014792,0.95045470,0.94994552,0.94865330,0.94659468,0.94376663,0.94016610,0.93582748,0.93086606,0.92551244,0.92012414,0.91516603,0.91115871,0.90860270,0.90789278,0.90924065,0.91262345,0.91777098,0.92419611,0.93126307,0.93827926,0.94459095,0.94966259,0.95312415,0.95477918,0.95457630,0.95255547
0.98249285,0.98091416,0.97900432,0.97675886,0.97419926,0.97136206,0.96827140,0.96491078,0.96121114,0.95706606,0.95237472,0.94710214,0.94133886,0.93534031,0.92953024,0.92446080,0.92073241,0.91888699,0.91929654,0.92207325,0.92702425,0.93366520,0.94129257,0.94910013,0.95631394,0.96231645,0.96673361,0.96946829,0.97067591,0.97069125,0.96992605,0.96876321,0.96747296,0.96617033,0.96482128,0.96329220,0.96142600,0.95912203,0.95639701,0.95341021,0.95044608,0.94785876,0.94599305,0.94510273,0.94528797,0.94646884,0.94840244,0.95073980,0.95310836,0.95519939,0.95683869,0.95802321,0.95891484,0.95979316,0.96097898,0.96274776,0.96525415,0.96848620,0.97225991,0.97625492,0.98008171,0.98336351,0.98581294,0.98728517,0.98779608,0.98750246,0.98665106,0.98551085,0.98430634,0.98316930,0.98212033,0.98108386,0.97993105,0.97853779,0.97684130,0.97487918,0.97279960,0.97083888,0.96927121,0.96834280,0.96820684,0.96887573,0.97020331,0.97190203,0.97359209,0.97487151,0.97539118,0.97491807,0.97337281,0.97083428,0.96751195,0.96369407,0.95968502,0.95574665,0.95205631,0.94868925,0.94562564,0.94277649,0.94001715,0.93721654
0.90096133,0.89380505,0.88683283,0.88002569,0.87326718,0.86638665,0.85921509,0.85164659,0.84369503,0.83553292,0.82750043,0.82007791,0.81382352,0.80928608,0.80690986,0.80695038,0.80941836,0.81406437,0.82040865,0.82781233,0.83557726,0.84305518,0.84974431,0.85535396,0.85982522,0.86330618,0.86609002,0.86853206,0.87096519,0.87363181,0.87664601,0.87999146,0.88355262,0.88716855,0.89069374,0.89404941,0.89725182,0.90041086,0.90370004,0.90730632,0.91137293,0.91594994,0.92096488,0.92622124,0.93142553,0.93623719,0.94033024,0.94345278,0.94547167,0.94639273,0.94635335,0.94558984,0.94438781,0.94302676,0.94173060,0.94063381,0.93976862,0.93907387,0.93842121,0.93765110,0.93660955,0.93517746,0.93328689,0.93092261,0.92811083,0.92490024,0.92134205,0.91747484,0.91331890,0.90888124,0.90417012,0.89921523,0.89408825,0.88891810,0.88389662,0.87927202,0.87533065,0.87237000,0.87066728,0.87044866,0.87186332,0.87496527,0.87970433,0.88592633,0.89338159,0.90173980,0.91060928,0.91955847,0.92813851,0.93590603,0.94244594,0.94739383,0.95045692,0.95143179,0.95021698,0.94681847,0.94134714,0.93400819,0.92508337,0.91490809
0.95367326,0.95892888,0.96229942,0.96372091,0.96311618,0.96040782,0.95554057,0.94851128,0.93940193,0.92840949,0.91586530,0.90223809,0.88811709,0.87417606,0.86112238,0.84963802,0.84032059,0.83363230,0.82986342,0.82911462,0.83129973,0.83616695,0.84333373,0.85232885,0.86263454,0.87372328,0.88508582,0.89624997,0.90679182,0.91634256,0.92459410,0.93130617,0.93631584,0.93954853,0.94102815,0.94088276,0.93934229,0.93672595,0.93341869,0.92983841,0.92639744,0.92346339,0.92132477,0.92016632,0.92005756,0.92095590,0.92272343,0.92515401,0.92800613,0.93103598,0.93402583,0.93680437,0.93925707,0.94132721,0.94300921,0.94433713,0.94537164,0.94618803,0.94686747,0.94749192,0.94814231,0.94889821,0.94983688,0.95102990,0.95253651,0.95439374,0.95660471,0.95912711,0.96186462,0.96466346,0.96731646,0.96957536,0.97117115,0.97184040,0.97135447,0.96954773,0.96634112,0.96175782,0.95592906,0.94908920,0.94156064,0.93373032,0.92602068,0.91885847,0.91264474,0.90772898,0.90438911,0.90281828,0.90311841,0.90529975,0.90928497,0.91491648,0.92196520,0.93013979,0.93909569,0.94844393,0.95776005,0.96659407,0.97448207,0.98096039
0.97969765,0.97299005,0.96589099,0.95923158,0.95375736,0.95005461,0.94847705,0.94908881,0.95164175,0.95560082,0.96022183,0.96467287,0.96817864,0.97015954,0.97033716,0.96878389,0.96590627,0.96236436,0.95894307,0.95640101,0.95532773,0.95603829,0.95852578,0.96247834,0.96735262,0.97248316,0.97720098,0.98093566,0.98328170,0.98402076,0.98310234,0.98059582,0.97663247,0.97135706,0.96490426,0.95740568,0.94902339,0.93999590,0.93067862,0.92156042,0.91324467,0.90639165,0.90162993,0.89945323,0.90012443,0.90360857,0.90955171,0.91731284,0.92604474,0.93480928,0.94270546,0.94898672,0.95314700,0.95496275,0.95448734,0.95200474,0.94795660,0.94286090,0.93723981,0.93156903,0.92625389,0.92162902,0.91797271,0.91552363,0.91448907,0.91503739,0.91727412,0.92120726,0.92671248,0.93351075,0.94116921,0.94913116,0.95677392,0.96348625,0.96875153,0.97222087,0.97376142,0.97347018,0.97165083,0.96875843,0.96532382,0.96187295,0.95885661,0.95660248,0.95529547,0.95498534,0.95561476,0.95705711,0.95915267,0.96173420,0.96463722,0.96769587,0.97073009,0.97353255,0.97586391,0.97746226,0.97806763,0.97745740,0.97548398,0.97210423
0.98339288,0.98120379,0.97965847,0.97885283,0.97863776,0.97869145,0.97862400,0.97809005,0.97688317,0.97498974,0.97258963,0.97000420,0.96760555,0.96571040,0.96448533,0.96388685,0.96365085,0.96333435,0.96240100,0.96033214,0.95673962,0.95145596,0.94458204,0.93648187,0.92772573,0.91899444,0.91096544,0.90420401,0.89908046,0.89572685,0.89403804,0.89371243,0.89432057,0.89538530,0.89645626,0.89716479,0.89725128,0.89656465,0.89504038,0.89266801,0.88946010,0.88543243,0.88060062,0.87499334,0.86867709,0.86178428,0.85453499,0.84724396,0.84030762,0.83417112,0.82928006,0.82602565,0.82469362,0.82542652,0.82820601,0.83285794,0.83907869,0.84647735,0.85462600,0.86310901,0.87156364,0.87970620,0.88734189,0.89435958,0.90071569,0.90641224,0.91147450,0.91593206,0.91980628,0.92310456,0.92582097,0.92794096,0.92944765,0.93032734,0.93057300,0.93018558,0.92917403,0.92755537,0.92535560,0.92261201,0.91937657,0.91572020,0.91173691,0.90754692,0.90329751,0.89916059,0.89532662,0.89199505,0.88936265,0.88761073,0.88689243,0.88732073,0.88895746,0.89180390,0.89579361,0.90078854,0.90657924,0.91288959,0.91938645,0.92569398
0.97215445,0.97232803,0.97067270,0.96729343,0.96225137,0.95554490,0.94713237,0.93699421,0.92522000,0.91209791,0.89817996,0.88430036,0.87153294,0.86108740,0.85415758,0.85174601,0.85449521,0.86255564,0.87551478,0.89240154,0.91176766,0.93183521,0.95068844,0.96648211,0.97763628,0.98299249,0.98191374,0.97432148,0.96067262,0.94188759,0.91924437,0.89425528,0.86854099,0.84371332,0.82127393,0.80253194,0.78854005,0.78004710,0.77746515,0.78085022,0.78989821,0.80395879,0.82207022,0.84301716,0.86541058,0.88778637,0.90871572,0.92691793,0.94136455,0.95136357,0.95661385,0.95722299,0.95368613,0.94682792,0.93771407,0.92754248,0.91752560,0.90877671,0.90221145,0.89847397,0.89789340,0.90047281,0.90590901,0.91363854,0.92290330,0.93282804,0.94250198,0.95105690,0.95773581,0.96194769,0.96330598,0.96165008,0.95705066,0.94979961,0.94038634,0.92946190,0.91779299,0.90620824,0.89553976,0.88656337,0.87994096,0.87616943,0.87554039,0.87811515,0.88371831,0.89195192,0.90222969,0.91382859,0.92595290,0.93780437,0.94865098,0.95788696,0.96507724,0.96998156,0.97255596,0.97293275,0.97138287,0.96826670,0.96398007,0.95890237
0.92546658,0.92257232,0.92171814,0.92265958,0.92484034,0.92750386,0.92982622,0.93104535,0.93056503,0.92801909,0.92329123,0.91649529,0.90792835,0.89801254,0.88724047,0.87613451,0.86522381,0.85503574,0.84609430,0.83891559,0.83399260,0.83176522,0.83257714,0.83662634,0.84391924,0.85423933,0.86713897,0.88195882,0.89787383,0.91395984,0.92927085,0.94291584,0.95412460,0.96229566,0.96702321,0.96810472,0.96553399,0.95948584,0.95029800,0.93845340,0.92456315,0.90934767,0.89361229,0.87821357,0.86401444,0.85182973,0.84236657,0.83616750,0.83356497,0.83465529,0.83929714,0.84713553,0.85764742,0.87020159,0.88412267,0.89874941,0.91347865,0.92779036,0.94125331,0.95351555,0.96428686,0.97332176,0.98040991,0.98537834,0.98810523,0.98854172,0.98673501,0.98284558,0.97715180,0.97003828,0.96196781,0.95344089,0.94494980,0.93693587,0.92975754,0.92367422,0.91884694,0.91535320,0.91321000,0.91239795,0.91287933,0.91460500,0.91750817,0.92148718,0.92638263,0.93195690,0.93788391,0.94375501,0.94910304,0.95344240,0.95631891,0.95736095,0.95632272,0.95311173,0.94779558,0.94058703,0.93181093,0.92185979,0.91114666,0.90006384
0.93598936,0.94192444,0.94819277,0.95464449,0.96089436,0.96636948,0.97038614,0.97224514,0.97133365,0.96722214,0.95974539,0.94905750,0.93565313,0.92035028,0.90423402,0.88856533,0.87466287,0.86376860,0.85691100,0.85478143,0.85764035,0.86526853,0.87697357,0.89165403,0.90791425,0.92421455,0.93903613,0.95103854,0.95918941,0.96285157,0.96181921,0.95630322,0.94687368,0.93437342,0.91981957,0.90430873,0.88893685,0.87473881,0.86264625,0.85345792,0.84781507,0.84617530,0.84878179,0.85562966,0.86643583,0.88062253,0.89732485,0.91543054,0.93365465,0.95064453,0.96510407,0.97592075,0.98227706,0.98372938,0.98024240,0.97217467,0.96021935,0.94531193,0.92852138,0.91094276,0.89360670,0.87741585,0.86311129,0.85126531,0.84229170,0.83646252,0.83392119,0.83468583,0.83864168,0.84552736,0.85492312,0.86625076,0.87879318,0.89173725,0.90423828,0.91549834,0.92484610,0.93180425,0.93613179,0.93783354,0.93713546,0.93443196,0.93021621,0.92500792,0.91929190,0.91347788,0.90788604,0.90275650,0.89827494,0.89460291,0.89190075,0.89033363,0.89005703,0.89118385,0.89374177,0.89763250,0.90260518,0.90825356,0.91404133,0.91935353
0.96671291,0.96624719,0.96683782,0.96862683,0.97147133,0.97500983,0.97875664,0.98220151,0.98489542,0.98651006,0.98686719,0.98594088,0.98384006,0.98078029,0.97705270,0.97299540,0.96896854,0.96533099,0.96241468,0.96049421,0.95975269,0.96024964,0.96189909,0.96446605,0.96758581,0.97080573,0.97364371,0.97565424,0.97649072,0.97595262,0.97400894,0.97079334,0.96657303,0.96169912,0.95655060,0.95148453,0.94680236,0.94273675,0.93945731,0.93708869,0.93573157,0.93547678,0.93640519,0.93857061,0.94196871,0.94650007,0.95193890,0.95791896,0.96394476,0.96943071,0.97376411,0.97638212,0.97684928,0.97492081,0.97057991,0.96404169,0.95572367,0.94618919,0.93607557,0.92602079,0.91660160,0.90829184,0.90144457,0.89629524,0.89297909,0.89155321,0.89201381,0.89430247,0.89829959,0.90380810,0.91053494,0.91807921,0.92593535,0.93351666,0.94019942,0.94538309,0.94855724,0.94936359,0.94764152,0.94344842,0.93705106,0.92888998,0.91952427,0.90956719,0.89962416,0.89024295,0.88188214,0.87489922,0.86955496,0.86602747,0.86442783,0.86481044,0.86717366,0.87145059,0.87749303,0.88505481,0.89378131,0.90321140,0.91279508,0.92192628
0.92012902,0.92221592,0.92376979,0.92456249,0.92433577,0.92292962,0.92039204,0.91703480,0.91341474,0.91024107,0.90823013,0.90794425,0.90965535,0.91326687,0.91831303,0.92403565,0.92952148,0.93386986,0.93635421,0.93654362,0.93436039,0.93006614,0.92418554,0.91739064,0.91037504,0.90374536,0.89794993,0.89325309,0.88975192,0.88742317,0.88618233,0.88593653,0.88661726,0.88818661,0.89062007,0.89387583,0.89786451,0.90243157,0.90736028,0.91239612,0.91728644,0.92182470,0.92588614,0.92944348,0.93255613,0.93533326,0.93787839,0.94022850,0.94230308,0.94387647,0.94458242,0.94395247,0.94148263,0.93671704,0.92933316,0.91921312,0.90648848,0.89155112,0.87502940,0.85773517,0.84059130,0.82455168,0.81052454,0.79930795,0.79154203,0.78767883,0.78796751,0.79245068,0.80096788,0.81316357,0.82849951,0.84627338,0.86564706,0.88568738,0.90542068,0.92389940,0.94027597,0.95387582,0.96426029,0.97126924,0.97503570,0.97596765,0.97469719,0.97200219,0.96871007,0.96559643,0.96329202,0.96221042,0.96250548,0.96406308,0.96652695,0.96935351,0.97188659,0.97344093,0.97338268,0.97119673,0.96653417,0.95923703,0.94934120,0.93706135
0.98220022,0.98145865,0.98151309,0.98232738,0.98366661,0.98516177,0.98639245,0.98697271,0.98662574,0.98523457,0.98286098,0.97972997,0.97618409,0.97261755,0.96940346,0.96682813,0.96504394,0.96404787,0.96368818,0.96369696,0.96374224,0.96348979,0.96266293,0.96108853,0.95872041,0.95563625,0.95201026,0.94806896,0.94404050,0.94010843,0.93637934,0.93287081,0.92952173,0.92622280,0.92286007,0.91936121,0.91573318,0.91208170,0.90860727,0.90557817,0.90328579,0.90199176,0.90187771,0.90300836,0.90531563,0.90860741,0.91259907,0.91696067,0.92136940,0.92555562,0.92933307,0.93260752,0.93536374,0.93763528,0.93946564,0.94087112,0.94181565,0.94220462,0.94190076,0.94075886,0.93867174,0.93561666,0.93169061,0.92712571,0.92227959,0.91760103,0.91357613,0.91066450,0.90923692,0.90952584,0.91159726,0.91534777,0.92052523,0.92676690,0.93364582,0.94071620,0.94754964,0.95375779,0.95900067,0.96298373,0.96544942,0.96617044,0.96495060,0.96163690,0.95614238,0.94847570,0.93877035,0.92730588,0.91451411,0.90096611,0.88733947,0.87436885,0.86278616,0.85325857,0.84633282,0.84239252,0.84163230,0.84404870,0.84944484,0.85744379
0.94497773,0.93439651,0.92159104,0.90703661,0.89132079,0.87515180,0.85934985,0.84481708,0.83248553,0.82324671,0.81787062,0.81692446,0.82070217,0.82917499,0.84197039,0.85838319,0.87741850,0.89786271,0.91837526,0.93759219,0.95423112,0.96718808,0.97561763,0.97899050,0.97712540,0.97019466,0.95870513,0.94345764,0.92548898,0.90600064,0.88627881,0.86761009,0.85119754,0.83808175,0.82907217,0.82469331,0.82515037,0.83031734,0.83974910,0.85271713,0.86826608,0.88528674,0.90259927,0.91903959,0.93354156,0.94520855,0.95336903,0.95761331,0.95781003,0.95410317,0.94689142,0.93679243,0.92459505,0.91120272,0.89757115,0.88464385,0.87328869,0.86423930,0.85804495,0.85503284,0.85528637,0.85864181,0.86470463,0.87288458,0.88244691,0.89257510,0.90243944,0.91126488,0.91839151,0.92332228,0.92575380,0.92558895,0.92293181,0.91806786,0.91143306,0.90357601,0.89511677,0.88670559,0.87898343,0.87254590,0.86791087,0.86548979,0.86556269,0.86825743,0.87353456,0.88118026,0.89080989,0.90188421,0.91373938,0.92562963,0.93678027,0.94644664,0.95397347,0.95884820,0.96074245,0.95953644,0.95532381,0.94839656,0.93921243,0.92834894
0.94258635,0.94771818,0.95178069,0.95434301,0.95510095,0.95392766,0.95090016,0.94630023,0.94059154,0.93437722,0.92834277,0.92318960,0.91956463,0.91799172,0.91881109,0.92213223,0.92780584,0.93541889,0.94431648,0.95365188,0.96246348,0.96977227,0.97468913,0.97651712,0.97483382,0.96954091,0.96087426,0.94937371,0.93581851,0.92113902,0.90631853,0.89230003,0.87991047,0.86981080,0.86247371,0.85818450,0.85705608,0.85904783,0.86397993,0.87153899,0.88127605,0.89260254,0.90479287,0.91700276,0.92831019,0.93778118,0.94455579,0.94794364,0.94751344,0.94315978,0.93513328,0.92402596,0.91071157,0.89624865,0.88176116,0.86831517,0.85681092,0.84790613,0.84197955,0.83913578,0.83924417,0.84199898,0.84698570,0.85373971,0.86178793,0.87066997,0.87994162,0.88916827,0.89791868,0.90576856,0.91231996,0.91723702,0.92029227,0.92141319,0.92071652,0.91851921,0.91531887,0.91174297,0.90847270,0.90615308,0.90530469,0.90625235,0.90908347,0.91364259,0.91956210,0.92632164,0.93332423,0.93997478,0.94574795,0.95023598,0.95317241,0.95443297,0.95401945,0.95203496,0.94865868,0.94412660,0.93872000,0.93275987,0.92660120,0.92062058
0.83955235,0.83558039,0.83216264,0.82913078,0.82612001,0.82267336,0.81836985,0.81294868,0.80640268,0.79902078,0.79137006,0.78422050,0.77842741,0.77479456,0.77394372,0.77621388,0.78160565,0.78977718,0.80008799,0.81167964,0.82357785,0.83479928,0.84444828,0.85179306,0.85631558,0.85773523,0.85600977,0.85131970,0.84404159,0.83471469,0.82400281,0.81265217,0.80144516,0.79115098,0.78247505,0.77601087,0.77219872,0.77129590,0.77336261,0.77826550,0.78569871,0.79521960,0.80629408,0.81834557,0.83080180,0.84313445,0.85488915,0.86570468,0.87532262,0.88358925,0.89045223,0.89595350,0.90021932,0.90344677,0.90588619,0.90781873,0.90952984,0.91128038,0.91327852,0.91565632,0.91845482,0.92162073,0.92501599,0.92843931,0.93165626,0.93443271,0.93656562,0.93790628,0.93837239,0.93794857,0.93667670,0.93464008,0.93194576,0.92870994,0.92504971,0.92108232,0.91693080,0.91273244,0.90864570,0.90485175,0.90154833,0.89893603,0.89719886,0.89648308,0.89687819,0.89840459,0.90101062,0.90457998,0.90894770,0.91392065,0.91929702,0.92487985,0.93048133,0.93591789,0.94099847,0.94551078,0.94921096,0.95182168,0.95304217,0.95257092
0.97853556,0.97612044,0.97307579,0.96949290,0.96540407,0.96078705,0.95559206,0.94978959,0.94342935,0.93669444,0.92993325,0.92365524,0.91848467,0.91507710,0.91401243,0.91568461,0.92020985,0.92737230,0.93661929,0.94710890,0.95780226,0.96758446,0.97539305,0.98033312,0.98176292,0.97934126,0.97303640,0.96310297,0.95003742,0.93452362,0.91737826,0.89950201,0.88183744,0.86533099,0.85089410,0.83935918,0.83142899,0.82762224,0.82822176,0.83323454,0.84237256,0.85506177,0.87048196,0.88763528,0.90543571,0.92280792,0.93878197,0.95257153,0.96362637,0.97165483,0.97661698,0.97869344,0.97823767,0.97572048,0.97167452,0.96664481,0.96114826,0.95564282,0.95050557,0.94601797,0.94235753,0.93959563,0.93770230,0.93655907,0.93598051,0.93574385,0.93562432,0.93543197,0.93504455,0.93443042,0.93365727,0.93288406,0.93233719,0.93227416,0.93294076,0.93452844,0.93713878,0.94076043,0.94526152,0.95039789,0.95583456,0.96117613,0.96600098,0.96989514,0.97248294,0.97345341,0.97258274,0.96975351,0.96497109,0.95837648,0.95025333,0.94102602,0.93124520,0.92155815,0.91266311,0.90524988,0.89993126,0.89717308,0.89723159,0.90010703
0.88752599,0.87593039,0.86551703,0.85683697,0.85028345,0.84610438,0.84442673,0.84528503,0.84864582,0.85442158,0.86246965,0.87257553,0.88442485,0.89757215,0.91141752,0.92520137,0.93802488,0.94889899,0.95681940,0.96086065,0.96027799,0.95460332,0.94372038,0.92790648,0.90783231,0.88451846,0.85925362,0.83348557,0.80869869,0.78629267,0.76747556,0.75318144,0.74401928,0.74025494,0.74182385,0.74836766,0.75928656,0.77379836,0.79099760,0.80991028,0.82954280,0.84892542,0.86715170,0.88341560,0.89704691,0.90754453,0.91460534,0.91814462,0.91830385,0.91544180,0.91010686,0.90299129,0.89487078,0.88653547,0.87872033,0.87204360,0.86696100,0.86374172,0.86246845,0.86305986,0.86531056,0.86894061,0.87364584,0.87914065,0.88518716,0.89160727,0.89827784,0.90511250,0.91203615,0.91895921,0.92575845,0.93226896,0.93828884,0.94359547,0.94796900,0.95121788,0.95320067,0.95383954,0.95312298,0.95109804,0.94785490,0.94350880,0.93818467,0.93200908,0.92511187,0.91763694,0.90975893,0.90170060,0.89374452,0.88623353,0.87955614,0.87411617,0.87028966,0.86837552,0.86854814,0.87082082,0.87502652,0.88081977,0.88769947,0.89504914
0.96358552,0.96023248,0.95555635,0.94994669,0.94373166,0.93712902,0.93023833,0.92307585,0.91564075,0.90799063,0.90030052,0.89288378,0.88616390,0.88060051,0.87658582,0.87433659,0.87380890,0.87465924,0.87626592,0.87781144,0.87841258,0.87727350,0.87383150,0.86786626,0.85955179,0.84944227,0.83839639,0.82745619,0.81770346,0.81011875,0.80546515,0.80421141,0.80649987,0.81215528,0.82072402,0.83153038,0.84373747,0.85640446,0.86853704,0.87913264,0.88722546,0.89193621,0.89252992,0.88848029,0.87953501,0.86577216,0.84763670,0.82594685,0.80186418,0.77682568,0.75244253,0.73037482,0.71219583,0.69926085,0.69259458,0.69280797,0.70005093,0.71400256,0.73389696,0.75857993,0.78659069,0.81626185,0.84583088,0.87355658,0.89783409,0.91730207,0.93093526,0.93811508,0.93867123,0.93288937,0.92148240,0.90552793,0.88637752,0.86554723,0.84459980,0.82503018,0.80816427,0.79507961,0.78655257,0.78303305,0.78464359,0.79119751,0.80223045,0.81704086,0.83473718,0.85429097,0.87459603,0.89453323,0.91303943,0.92917730,0.94220097,0.95160982,0.95718259,0.95898423,0.95734138,0.95278761,0.94598484,0.93763212,0.92837548,0.91873247
0.94393469,0.94475031,0.94473892,0.94420894,0.94345653,0.94267775,0.94190381,0.94098170,0.93961092,0.93743027,0.93413281,0.92957707,0.92386283,0.91734933,0.91060874,0.90432413,0.89915394,0.89559328,0.89386405,0.89386088,0.89516826,0.89714732,0.89907321,0.90029119,0.90035469,0.89911434,0.89673935,0.89366916,0.89050839,0.88788988,0.88633657,0.88615244,0.88736543,0.88973291,0.89280495,0.89602712,0.89885629,0.90086144,0.90178764,0.90157198,0.90031215,0.89820004,0.89544004,0.89217455,0.88843644,0.88414031,0.87911382,0.87315952,0.86612963,0.85799365,0.84888052,0.83908434,0.82903161,0.81921732,0.81012512,0.80215033,0.79554403,0.79039079,0.78662459,0.78407754,0.78254857,0.78187456,0.78198657,0.78293763,0.78489586,0.78810495,0.79282183,0.79924677,0.80746244,0.81739606,0.82881257,0.84133912,0.85451421,0.86784918,0.88088799,0.89325242,0.90466403,0.91494064,0.92397178,0.93168281,0.93800032,0.94283020,0.94605578,0.94755726,0.94724777,0.94511588,0.94126287,0.93592310,0.92945976,0.92233372,0.91504979,0.90809027,0.90184930,0.89658163,0.89237651,0.88916134,0.88673323,0.88480999,0.88308831,0.88129581
0.97745153,0.97683011,0.97762151,0.97961336,0.98218886,0.98446296,0.98548036,0.98443603,0.98087114,0.97480006,0.96673855,0.95762500,0.94865150,0.94104134,0.93582048,0.93362992,0.93461549,0.93841439,0.94423746,0.95102671,0.95765266,0.96310875,0.96666264,0.96793576,0.96690101,0.96380819,0.95906294,0.95309377,0.94624140,0.93869650,0.93049812,0.92158916,0.91191139,0.90151205,0.89063184,0.87974808,0.86955830,0.86090397,0.85464887,0.85153755,0.85206384,0.85637716,0.86424562,0.87508291,0.88803232,0.90208974,0.91624051,0.92958328,0.94141915,0.95129337,0.95898861,0.96447993,0.96786858,0.96931476,0.96898668,0.96703700,0.96360880,0.95886505,0.95302856,0.94641668,0.93945635,0.93267023,0.92663259,0.92190195,0.91894376,0.91805954,0.91933781,0.92263760,0.92760842,0.93374274,0.94045053,0.94714119,0.95329712,0.95852637,0.96258731,0.96538506,0.96694617,0.96738172,0.96685010,0.96552865,0.96359919,0.96124741,0.95867180,0.95609446,0.95376590,0.95195738,0.95093839,0.95094181,0.95212391,0.95452878,0.95806724,0.96251704,0.96754629,0.97275634,0.97773535,0.98211084,0.98558983,0.98797804,0.98917490,0.98914702
0.95727402,0.95720168,0.95595336,0.95363604,0.95045802,0.94675142,0.94295093,0.93953680,0.93695916,0.93556388,0.93553762,0.93688252,0.93942278,0.94283763,0.94671027,0.95058036,0.95398971,0.95651538,0.95779084,0.95752076,0.95549725,0.95162264,0.94593854,0.93865439,0.93016513,0.92104665,0.91202176,0.90389484,0.89746081,0.89340047,0.89217984,0.89397266,0.89862331,0.90566009,0.91435835,0.92384210,0.93320429,0.94162215,0.94844660,0.95325102,0.95583486,0.95618748,0.95442631,0.95072886,0.94527793,0.93823504,0.92974788,0.91998761,0.90920223,0.89776768,0.88621764,0.87523812,0.86562147,0.85818433,0.85366326,0.85260850,0.85529722,0.86168464,0.87140297,0.88380784,0.89806162,0.91323602,0.92841302,0.94276581,0.95560725,0.96640242,0.97475109,0.98035329,0.98297462,0.98242700,0.97857472,0.97136760,0.96089371,0.94743738,0.93152435,0.91393733,0.89569041,0.87795975,0.86197756,0.84890493,0.83970469,0.83503586,0.83518719,0.84005968,0.84919791,0.86186105,0.87711758,0.89394519,0.91131906,0.92827712,0.94395839,0.95761812,0.96862885,0.97647873,0.98077694,0.98127149,0.97787828,0.97071425,0.96012306,0.94668058
0.92526398,0.92183454,0.91895315,0.91705170,0.91632435,0.91673400,0.91806203,0.91998822,0.92218202,0.92438360,0.92645670,0.92840228,0.93033249,0.93241368,0.93479480,0.93754015,0.94058348,0.94371510,0.94660513,0.94885750,0.95008226,0.94996920,0.94834649,0.94521137,0.94072736,0.93518985,0.92896942,0.92244612,0.91594954,0.90971678,0.90387550,0.89845294,0.89340562,0.88866022,0.88415439,0.87986740,0.87583431,0.87214171,0.86890853,0.86625838,0.86429209,0.86306802,0.86259516,0.86283998,0.86374418,0.86524732,0.86730751,0.86991393,0.87308741,0.87686851,0.88129589,0.88638035,0.89208122,0.89829120,0.90483368,0.91147372,0.91794012,0.92395401,0.92925810,0.93364099,0.93695296,0.93911161,0.94009850,0.93994981,0.93874483,0.93659631,0.93364490,0.93005795,0.92603104,0.92178895,0.91758283,0.91368103,0.91035284,0.90784620,0.90636251,0.90603278,0.90689990,0.90891113,0.91192308,0.91571868,0.92003342,0.92458581,0.92910687,0.93336398,0.93717614,0.94042006,0.94302830,0.94498247,0.94630504,0.94705306,0.94731548,0.94721360,0.94690203,0.94656608,0.94641170,0.94664554,0.94744528,0.94892304,0.95108743,0.95381107
0.93800169,0.92286530,0.90626256,0.88863791,0.87027838,0.85145481,0.83256137,0.81421003,0.79724993,0.78270267,0.77162781,0.76495093,0.76329569,0.76685912,0.77535801,0.78805733,0.80387323,0.82152786,0.83972338,0.85730082,0.87335529,0.88729146,0.89881824,0.90789541,0.91465368,0.91931255,0.92211611,0.92329911,0.92308521,0.92170967,0.91945224,0.91666362,0.91377176,0.91126089,0.90962484,0.90930387,0.91061951,0.91372234,0.91856480,0.92490532,0.93234255,0.94037209,0.94845356,0.95607406,0.96279657,0.96828617,0.97231331,0.97473906,0.97549112,0.97454056,0.97188727,0.96755887,0.96162256,0.95420520,0.94551379,0.93584808,0.92559840,0.91522619,0.90522884,0.89609471,0.88825704,0.88205530,0.87771117,0.87532288,0.87487700,0.87627353,0.87935676,0.88394406,0.88984579,0.89687283,0.90483197,0.91351309,0.92267478,0.93203515,0.94127358,0.95004619,0.95801375,0.96487761,0.97041624,0.97451449,0.97717873,0.97853392,0.97880259,0.97826956,0.97723932,0.97599420,0.97476129,0.97369324,0.97286520,0.97228595,0.97191845,0.97170323,0.97157789,0.97148759,0.97138416,0.97121506,0.97090614,0.97034437,0.96936687,0.96776097
0.94077720,0.94060192,0.94262964,0.94639496,0.95113247,0.95595839,0.96005967,0.96285278,0.96408122,0.96383444,0.96248766,0.96057923,0.95865548,0.95711868,0.95611117,0.95545888,0.95468348,0.95307774,0.94982712,0.94415236,0.93544593,0.92337784,0.90795360,0.88951739,0.86870463,0.84635756,0.82342287,0.80085140,0.77951586,0.76015623,0.74335461,0.72953550,0.71898263,0.71186244,0.70824473,0.70811403,0.71136919,0.71781306,0.72713775,0.73891297,0.75258468,0.76748881,0.78288176,0.79798521,0.81204010,0.82436268,0.83439513,0.84174412,0.84620276,0.84775361,0.84655365,0.84290449,0.83721257,0.82994499,0.82158630,0.81260048,0.80340148,0.79433429,0.78566726,0.77759491,0.77024957,0.76371870,0.75806488,0.75334490,0.74962530,0.74699209,0.74555314,0.74543293,0.74676051,0.74965252,0.75419444,0.76042329,0.76831470,0.77777625,0.78864795,0.80070902,0.81368975,0.82728606,0.84117454,0.85502578,0.86851485,0.88132896,0.89317354,0.90377874,0.91290829,0.92037181,0.92604047,0.92986440,0.93188890,0.93226600,0.93125729,0.92922477,0.92660795,0.92388771,0.92154018,0.91998586,0.91954063,0.92037495,0.92248652,0.92568980
0.90543765,0.88646121,0.86514538,0.84214809,0.81827081,0.79448446,0.77191920,0.75181091,0.73540664,0.72384039,0.71799702,0.71838577,0.72504461,0.73749286,0.75474206,0.77536650,0.79762567,0.81962438,0.83949198,0.85556116,0.86652665,0.87156695,0.87041545,0.86337326,0.85126327,0.83533278,0.81711779,0.79828667,0.78048115,0.76517189,0.75354257,0.74641241,0.74420169,0.74693889,0.75430265,0.76568780,0.78028330,0.79715112,0.81529845,0.83373894,0.85154270,0.86787671,0.88203882,0.89348810,0.90187266,0.90705373,0.90912188,0.90839997,0.90542710,0.90092049,0.89571538,0.89068756,0.88666723,0.88435516,0.88425318,0.88661944,0.89145495,0.89852258,0.90739416,0.91751606,0.92828127,0.93909569,0.94942862,0.95884176,0.96699613,0.97364104,0.97859301,0.98171414,0.98289798,0.98206841,0.97919200,0.97430035,0.96751573,0.95907169,0.94932134,0.93872824,0.92783893,0.91724020,0.90750804,0.89915705,0.89259892,0.88811579,0.88585058,0.88581248,0.88789281,0.89188511,0.89750383,0.90439767,0.91215672,0.92031587,0.92835940,0.93573314,0.94186898,0.94622350,0.94832763,0.94784050,0.94459753,0.93864278,0.93023721,0.91983826
0.93311113,0.93204829,0.93235428,0.93409530,0.93714558,0.94121881,0.94591135,0.95075412,0.95526826,0.95901883,0.96165953,0.96296257,0.96282982,0.96128492,0.95844942,0.95450874,0.94967514,0.94415535,0.93812923,0.93174383,0.92512327,0.91839087,0.91169590,0.90523556,0.89926289,0.89407468,0.88997837,0.88724230,0.88603839,0.88638909,0.88813088,0.89090463,0.89417850,0.89730338,0.89959401,0.90042349,0.89931543,0.89601800,0.89054704,0.88319125,0.87447922,0.86511451,0.85589042,0.84759834,0.84094414,0.83648413,0.83458761,0.83542744,0.83899418,0.84512574,0.85354254,0.86387928,0.87570761,0.88854815,0.90187436,0.91511388,0.92765427,0.93885938,0.94810025,0.95480049,0.95849200,0.95887276,0.95585680,0.94960586,0.94053525,0.92929017,0.91669371,0.90367259,0.89117037,0.88005993,0.87106711,0.86471528,0.86129659,0.86087093,0.86328886,0.86823159,0.87525964,0.88386212,0.89350053,0.90364309,0.91378859,0.92348090,0.93231740,0.93995549,0.94612064,0.95061787,0.95334592,0.95431121,0.95363744,0.95156677,0.94844973,0.94472264,0.94087347,0.93739882,0.93475655,0.93331937,0.93333518,0.93489859,0.93793644,0.94220810
0.97010291,0.96917475,0.96869016,0.96811148,0.96678934,0.96411850,0.95968101,0.95334778,0.94531818,0.93609015,0.92636790,0.91692788,0.90847168,0.90149722,0.89621385,0.89251654,0.89002102,0.88814909,0.88624416,0.88369297,0.88002956,0.87500347,0.86860171,0.86102495,0.85262782,0.84384053,0.83509172,0.82674974,0.81909329,0.81231328,0.80654023,0.80188546,0.79848202,0.79651224,0.79621210,0.79784868,0.80167366,0.80786209,0.81645033,0.82728766,0.84001359,0.85406762,0.86873143,0.88319744,0.89665256,0.90836384,0.91775222,0.92444354,0.92829017,0.92936288,0.92791756,0.92434586,0.91911985,0.91274050,0.90569690,0.89844001,0.89137085,0.88483995,0.87915253,0.87457339,0.87132631,0.86958567,0.86946094,0.87097780,0.87406112,0.87852546,0.88407759,0.89033354,0.89685017,0.90316806,0.90886012,0.91357853,0.91709256,0.91931148,0.92028935,0.92021174,0.91936708,0.91810740,0.91680418,0.91580567,0.91540110,0.91579592,0.91709991,0.91932730,0.92240652,0.92619585,0.93050196,0.93509861,0.93974432,0.94419825,0.94823440,0.95165409,0.95429701,0.95605076,0.95685790,0.95671935,0.95569238,0.95388182,0.95142408,0.94846504
0.96231482,0.95900544,0.95427834,0.94858200,0.94236943,0.93608778,0.93016291,0.92497910,0.92085708,0.91803495,0.91665603,0.91676538,0.91831460,0.92117258,0.92513907,0.92995799,0.93532849,0.94091346,0.94634732,0.95124708,0.95523054,0.95794450,0.95910194,0.95852320,0.95617306,0.95218451,0.94686172,0.94065811,0.93413046,0.92787443,0.92245152,0.91831975,0.91578075,0.91495328,0.91577813,0.91805231,0.92148434,0.92575782,0.93058927,0.93576832,0.94117279,0.94675739,0.95252095,0.95846167,0.96453284,0.97061092,0.97648446,0.98186733,0.98643336,0.98986444,0.99190114,0.99238462,0.99128114,0.98868466,0.98479850,0.97990163,0.97430835,0.96833108,0.96225415,0.95632289,0.95074767,0.94571817,0.94142047,0.93804863,0.93580454,0.93488280,0.93544243,0.93757111,0.94125054,0.94633238,0.95253221,0.95944568,0.96658600,0.97343727,0.97951480,0.98442169,0.98789177,0.98981208,0.99022209,0.98929188,0.98728526,0.98451618,0.98130717,0.97795651,0.97471812,0.97179432,0.96933834,0.96746172,0.96624116,0.96572067,0.96590780,0.96676502,0.96820023,0.97006089,0.97213614,0.97416909,0.97587894,0.97698971,0.97725998,0.97650740
0.99545772,0.99474565,0.99243984,0.98880177,0.98411894,0.97870223,0.97286999,0.96692667,0.96114525,0.95576124,0.95097991,0.94699240,0.94399101,0.94217301,0.94172498,0.94278558,0.94539127,0.94941621,0.95452135,0.96013000,0.96544382,0.96950649,0.97131173,0.96994099,0.96470746,0.95527977,0.94176138,0.92471030,0.90509417,0.88418776,0.86342940,0.84425970,0.82796819,0.81557075,0.80773322,0.80474603,0.80654404,0.81275758,0.82277751,0.83581849,0.85097031,0.86723410,0.88354787,0.89881027,0.91191415,0.92179905,0.92752638,0.92837307,0.92393121,0.91419535,0.89961734,0.88111171,0.86000211,0.83790932,0.81659233,0.79776319,0.78290188,0.77309873,0.76894703,0.77050009,0.77729535,0.78843702,0.80271984,0.81877223,0.83519662,0.85068933,0.86412872,0.87462890,0.88156310,0.88456637,0.88352832,0.87858479,0.87011231,0.85872332,0.84525533,0.83074478,0.81637771,0.80341296,0.79308013,0.78646113,0.78437021,0.78725094,0.79510835,0.80749047,0.82352550,0.84201157,0.86154695,0.88068168,0.89806907,0.91259605,0.92347613,0.93029541,0.93301072,0.93190643,0.92752314,0.92057355,0.91186000,0.90220350,0.89238815,0.88311955
0.95670958,0.95281531,0.94958825,0.94713175,0.94538434,0.94418057,0.94331962,0.94262562,0.94198818,0.94137851,0.94084363,0.94048528,0.94043243,0.94081500,0.94174409,0.94330070,0.94553144,0.94844748,0.95202247,0.95618677,0.96081850,0.96573521,0.97069171,0.97538880,0.97949504,0.98267986,0.98465343,0.98520624,0.98424107,0.98179076,0.97801743,0.97319270,0.96766261,0.96180454,0.95598533,0.95052839,0.94569472,0.94167821,0.93861198,0.93658002,0.93562770,0.93576603,0.93696705,0.93915137,0.94217238,0.94580409,0.94973992,0.95360728,0.95699902,0.95951787,0.96082632,0.96069229,0.95902115,0.95586686,0.95141935,0.94597025,0.93986419,0.93344660,0.92701923,0.92081292,0.91498198,0.90961917,0.90478487,0.90054097,0.89697873,0.89423166,0.89246824,0.89186489,0.89256526,0.89463666,0.89803555,0.90259268,0.90802349,0.91396305,0.92001928,0.92583322,0.93113368,0.93577405,0.93974261,0.94314362,0.94615307,0.94895991,0.95170705,0.95444692,0.95712266,0.95957961,0.96160416,0.96298081,0.96355388,0.96327903,0.96225184,0.96070556,0.95897682,0.95744603,0.95646470,0.95628557,0.95701004,0.95856359,0.96070273,0.96305016
0.89463224,0.88796195,0.88255688,0.87867114,0.87642292,0.87577867,0.87655170,0.87842180,0.88097828,0.88378160,0.88643286,0.88863605,0.89023830,0.89123823,0.89175960,0.89199629,0.89214125,0.89231659,0.89252201,0.89261562,0.89233388,0.89134819,0.88934624,0.88611968,0.88163727,0.87608585,0.86986899,0.86356269,0.85783667,0.85335728,0.85069113,0.85022788,0.85213598,0.85635732,0.86263784,0.87058347,0.87972604,0.88958344,0.89970163,0.90967312,0.91913334,0.92774302,0.93516832,0.94107048,0.94511401,0.94699605,0.94649331,0.94351631,0.93815757,0.93071992,0.92171450,0.91182437,0.90183684,0.89255464,0.88470078,0.87883394,0.87528844,0.87414824,0.87525689,0.87825848,0.88265897,0.88789471,0.89339557,0.89863316,0.90315020,0.90657222,0.90860753,0.90904365,0.90774792,0.90467679,0.89989395,0.89359250,0.88611287,0.87794707,0.86972137,0.86215341,0.85598550,0.85190162,0.85044063,0.85192021,0.85638551,0.86359214,0.87302721,0.88396504,0.89554821,0.90688051,0.91711756,0.92554243,0.93161808,0.93501357,0.93560678,0.93346973,0.92884467,0.92211767,0.91379401,0.90447564,0.89483774,0.88559902,0.87748070,0.87115094
0.91194508,0.90779508,0.90129689,0.89199099,0.87938702,0.86318701,0.84349272,0.82094173,0.79673154,0.77251625,0.75019176,0.73161246,0.71829881,0.71119706,0.71053877,0.71582563,0.72593780,0.73933921,0.75433507,0.76932889,0.78303014,0.79457835,0.80357144,0.81000857,0.81417602,0.81651344,0.81749617,0.81755933,0.81707388,0.81636864,0.81577913,0.81569661,0.81659189,0.81899653,0.82343763,0.83033749,0.83990129,0.85202159,0.86622660,0.88168977,0.89730523,0.91181854,0.92398992,0.93275987,0.93738687,0.93753333,0.93328783,0.92512539,0.91381995,0.90033117,0.88568949,0.87090012,0.85687821,0.84441776,0.83418706,0.82673759,0.82251117,0.82183361,0.82488996,0.83168505,0.84200054,0.85536379,0.87104375,0.88808418,0.90537667,0.92176609,0.93617325,0.94771368,0.95579141,0.96015097,0.96087928,0.95835968,0.95318983,0.94608170,0.93776400,0.92890482,0.92006590,0.91169115,0.90412398,0.89764047,0.89248335,0.88888245,0.88705301,0.88717098,0.88933220,0.89350824,0.89951373,0.90699789,0.91546725,0.92433886,0.93301507,0.94096512,0.94779584,0.95329549,0.95744048,0.96036356,0.96229085,0.96346305,0.96405948,0.96414246
0.96615855,0.96731104,0.96938629,0.97217666,0.97519753,0.97779627,0.97930305,0.97919147,0.97721292,0.97347353,0.96843515,0.96283959,0.95757326,0.95350177,0.95131019,0.95138101,0.95373279,0.95802796,0.96364342,0.96978474,0.97561714,0.98038591,0.98350428,0.98459781,0.98350576,0.98025021,0.97498947,0.96797297,0.95951085,0.94996380,0.93975021,0.92936070,0.91936617,0.91040665,0.90315359,0.89824597,0.89620903,0.89737038,0.90179104,0.90922728,0.91913374,0.93071037,0.94298683,0.95493055,0.96556051,0.97404842,0.97979292,0.98245904,0.98198245,0.97854438,0.97252724,0.96446214,0.95497749,0.94475455,0.93449075,0.92486827,0.91652329,0.91001200,0.90577235,0.90408426,0.90503445,0.90849414,0.91411742,0.92136591,0.92956024,0.93795389,0.94581902,0.95253077,0.95763587,0.96089405,0.96228645,0.96199170,0.96033663,0.95773280,0.95461206,0.95137281,0.94834538,0.94577946,0.94385049,0.94267774,0.94234418,0.94290958,0.94441172,0.94685555,0.95019489,0.95431440,0.95902033,0.96404680,0.96908060,0.97380212,0.97793491,0.98129242,0.98380951,0.98554890,0.98667791,0.98741801,0.98797646,0.98847391,0.98888387,0.98899785
0.95798422,0.94622785,0.93422936,0.92293950,0.91315523,0.90548190,0.90032220,0.89788510,0.89820538,0.90116530,0.90651230,0.91387064,0.92274889,0.93254805,0.94257668,0.95207850,0.96027576,0.96642700,0.96989429,0.97021138,0.96714242,0.96072190,0.95126825,0.93936714,0.92582510,0.91159787,0.89770205,0.88512061,0.87471363,0.86714393,0.86282487,0.86189400,0.86421310,0.86939226,0.87683374,0.88578963,0.89542682,0.90489310,0.91337911,0.92017255,0.92470238,0.92657189,0.92558013,0.92173146,0.91523340,0.90648312,0.89604321,0.88460728,0.87295642,0.86190794,0.85225871,0.84472689,0.83989633,0.83816902,0.83973003,0.84452930,0.85228259,0.86249272,0.87448949,0.88748480,0.90063698,0.91311759,0.92417343,0.93317806,0.93966843,0.94336469,0.94417324,0.94217519,0.93760389,0.93081646,0.92226389,0.91246322,0.90197341,0.89137455,0.88124879,0.87216085,0.86463672,0.85913950,0.85604288,0.85560376,0.85793676,0.86299470,0.87055925,0.88024527,0.89152060,0.90374043,0.91619317,0.92815301,0.93893375,0.94793827,0.95469903,0.95890559,0.96041691,0.95925833,0.95560484,0.94975415,0.94209381,0.93306629,0.92313505,0.91275357
0.95389773,0.94729935,0.94217777,0.93867795,0.93662246,0.93563134,0.93527341,0.93521124,0.93530465,0.93564863,0.93653883,0.93837618,0.94153727,0.94624445,0.95246839,0.95988664,0.96790804,0.97575747,0.98260255,0.98769488,0.99049621,0.99076370,0.98857853,0.98431490,0.97855949,0.97200110,0.96531506,0.95906531,0.95364153,0.94923903,0.94587948,0.94346192,0.94182815,0.94082547,0.94035247,0.94037928,0.94094094,0.94210894,0.94395058,0.94648799,0.94966712,0.95334393,0.95729004,0.96121531,0.96480124,0.96773736,0.96975350,0.97064270,0.97027302,0.96858934,0.96560856,0.96141250,0.95614249,0.94999749,0.94323528,0.93617394,0.92918943,0.92270492,0.91716951,0.91302571,0.91066842,0.91039993,0.91238758,0.91663069,0.92294287,0.93095314,0.94012688,0.94980380,0.95924814,0.96770485,0.97445580,0.97887110,0.98045256,0.97886752,0.97397267,0.96582832,0.95470322,0.94107016,0.92559108,0.90908999,0.89251161,0.87686474,0.86315157,0.85228739,0.84501774,0.84184266,0.84295764,0.84822075,0.85715229,0.86897010,0.88265876,0.89706546,0.91101120,0.92340283,0.93333141,0.94014501,0.94348884,0.94331102,0.93983725,0.93352126
0.81255950,0.80464838,0.79939643,0.79706256,0.79750203,0.80024384,0.80462192,0.80992761,0.81554856,0.82106576,0.82629250,0.83125501,0.83612772,0.84114542,0.84651721,0.85236345,0.85868864,0.86539182,0.87230612,0.87925125,0.88608119,0.89271240,0.89912540,0.90534140,0.91138332,0.91723465,0.92281005,0.92794783,0.93242850,0.93601582,0.93851068,0.93980387,0.93991373,0.93899833,0.93733842,0.93529464,0.93324918,0.93154517,0.93043738,0.93006451,0.93044757,0.93151252,0.93312950,0.93515726,0.93748076,0.94003256,0.94279326,0.94577275,0.94897873,0.95238317,0.95589704,0.95936205,0.96256302,0.96525923,0.96722811,0.96831095,0.96844982,0.96770658,0.96625898,0.96437424,0.96236557,0.96054108,0.95915598,0.95837790,0.95827171,0.95880557,0.95987476,0.96133631,0.96304540,0.96488469,0.96678043,0.96870273,0.97065179,0.97263536,0.97464527,0.97664012,0.97853988,0.98023414,0.98160200,0.98253843,0.98298015,0.98292402,0.98243294,0.98162712,0.98066246,0.97970088,0.97887980,0.97828824,0.97795513,0.97785246,0.97791195,0.97805053,0.97819756,0.97831640,0.97841392,0.97853478,0.97874084,0.97908008,0.97955215,0.98007894
0.97684201,0.97986674,0.98350970,0.98732940,0.99069160,0.99293965,0.99356226,0.99232135,0.98931312,0.98495209,0.97988600,0.97486425,0.97059197,0.96760228,0.96617279,0.96629993,0.96773040,0.97003624,0.97271191,0.97527001,0.97731565,0.97858728,0.97896144,0.97842723,0.97704331,0.97489242,0.97204744,0.96855773,0.96445725,0.95978924,0.95463709,0.94915001,0.94355430,0.93814519,0.93325995,0.92923728,0.92637159,0.92487140,0.92483043,0.92621638,0.92887810,0.93256781,0.93697187,0.94174286,0.94652706,0.95098416,0.95479864,0.95768562,0.95939464,0.95971579,0.95849079,0.95562959,0.95112987,0.94509494,0.93774422,0.92941156,0.92052870,0.91159427,0.90313161,0.89564103,0.88955349,0.88519226,0.88274787,0.88226891,0.88366799,0.88673958,0.89118500,0.89663965,0.90269871,0.90893921,0.91493803,0.92028718,0.92460830,0.92756887,0.92890130,0.92842453,0.92606517,0.92187398,0.91603300,0.90884982,0.90073812,0.89218555,0.88371226,0.87582515,0.86897316,0.86350932,0.85966435,0.85753433,0.85708275,0.85815452,0.86049815,0.86379206,0.86767137,0.87175325,0.87565944,0.87903583,0.88156922,0.88300194,0.88314414,0.88188349
0.99030011,0.98324752,0.97483392,0.96575361,0.95638405,0.94675100,0.93659332,0.92550803,0.91313736,0.89935007,0.88437195,0.86883353,0.85372364,0.84025900,0.82969830,0.82313977,0.82134235,0.82460310,0.83270965,0.84496969,0.86030454,0.87738322,0.89476969,0.91105807,0.92497818,0.93546363,0.94168430,0.94305301,0.93921950,0.93006391,0.91569706,0.89646784,0.87297177,0.84605148,0.81677970,0.78641880,0.75635624,0.72802030,0.70278522,0.68187740,0.66629432,0.65674575,0.65362239,0.65699180,0.66661698,0.68199029,0.70237504,0.72684904,0.75434723,0.78370325,0.81369217,0.84307705,0.87066115,0.89534539,0.91618765,0.93245775,0.94368052,0.94966017,0.95048169,0.94648905,0.93824397,0.92647217,0.91200568,0.89572946,0.87853859,0.86130855,0.84487735,0.83003457,0.81751070,0.80796059,0.80193745,0.79985770,0.80196078,0.80827132,0.81857237,0.83239774,0.84904888,0.86763752,0.88715006,0.90652536,0.92473492,0.94085433,0.95411732,0.96394788,0.96997099,0.97200620,0.97005153,0.96426536,0.95495243,0.94255644,0.92765774,0.91097030,0.89333065,0.87567139,0.85897517,0.84420917,0.83224556,0.82377758,0.81924389,0.81877357
0.92585501,0.91513774,0.90521607,0.89679364,0.89044730,0.88654653,0.88520201,0.88625946,0.88934339,0.89394153,0.89950916,0.90556669,0.91176661,0.91791472,0.92394340,0.92984705,0.93559938,0.94107653,0.94600906,0.94997906,0.95246718,0.95294154,0.95096869,0.94632063,0.93905214,0.92952943,0.91840241,0.90652490,0.89483793,0.88423871,0.87545976,0.86898007,0.86498273,0.86336273,0.86377865,0.86573295,0.86866208,0.87201799,0.87532726,0.87822150,0.88044009,0.88181281,0.88223375,0.88163809,0.87999051,0.87728917,0.87358287,0.86899481,0.86374299,0.85814773,0.85261933,0.84762343,0.84362733,0.84103533,0.84012475,0.84099455,0.84353682,0.84743716,0.85220474,0.85722764,0.86184533,0.86542719,0.86744585,0.86753560,0.86552921,0.86147077,0.85560562,0.84835159,0.84025712,0.83195192,0.82409561,0.81732862,0.81222845,0.80927301,0.80881162,0.81104366,0.81600476,0.82356148,0.83341555,0.84511908,0.85810048,0.87170005,0.88521229,0.89793164,0.90919821,0.91844027,0.92521043,0.92921277,0.93031892,0.92857215,0.92417973,0.91749509,0.90899158,0.89922945,0.88881768,0.87837222,0.86847281,0.85962118,0.85220377,0.84646226
0.89560156,0.87920781,0.86247484,0.84591977,0.83001065,0.81524230,0.80218722,0.79150280,0.78388848,0.78000023,0.78034162,0.78515727,0.79435443,0.80747232,0.82370807,0.84199639,0.86112886,0.87989179,0.89719881,0.91219690,0.92433090,0.93336061,0.93933372,0.94252578,0.94336286,0.94234368,0.93997472,0.93672658,0.93301295,0.92918794,0.92555402,0.92237188,0.91986542,0.91821841,0.91756308,0.91796420,0.91940402,0.92177382,0.92487627,0.92844053,0.93214846,0.93566766,0.93868561,0.94093887,0.94223323,0.94245272,0.94155832,0.93957903,0.93659894,0.93274409,0.92817179,0.92306352,0.91762085,0.91206257,0.90662026,0.90153058,0.89702319,0.89330530,0.89054512,0.88885747,0.88829478,0.88884559,0.89044131,0.89296977,0.89629283,0.90026397,0.90474230,0.90960002,0.91472238,0.92000106,0.92532391,0.93056495,0.93557876,0.94020237,0.94426585,0.94761043,0.95011069,0.95169616,0.95236744,0.95220258,0.95135172,0.95002005,0.94844150,0.94684762,0.94543691,0.94435006,0.94365501,0.94334390,0.94334129,0.94352108,0.94372776,0.94379762,0.94357597,0.94292807,0.94174302,0.93993208,0.93742391,0.93415972,0.93009118,0.92518240
0.88993712,0.89801946,0.90600780,0.91338464,0.91950873,0.92373635,0.92554843,0.92465876,0.92108228,0.91515102,0.90747530,0.89885872,0.89018360,0.88228846,0.87585847,0.87134573,0.86892882,0.86851350,0.86976935,0.87219265,0.87518329,0.87812359,0.88044861,0.88170060,0.88156414,0.87988185,0.87665351,0.87202305,0.86625751,0.85972176,0.85285097,0.84612196,0.84002373,0.83502724,0.83155476,0.82994946,0.83044658,0.83314798,0.83800234,0.84479363,0.85313993,0.86250444,0.87221938,0.88152266,0.88960584,0.89567073,0.89899134,0.89897623,0.89522645,0.88758316,0.87615983,0.86135433,0.84383801,0.82452087,0.80449450,0.78495686,0.76712521,0.75214495,0.74100273,0.73445168,0.73295534,0.73665440,0.74535804,0.75855879,0.77546807,0.79506828,0.81617668,0.83751631,0.85778959,0.87575073,0.89027400,0.90041535,0.90546565,0.90499346,0.89887512,0.88730928,0.87081325,0.85019918,0.82652985,0.80105591,0.77513838,0.75016189,0.72744554,0.70815872,0.69324923,0.68338992,0.67894784,0.67997733,0.68623560,0.69721721,0.71220287,0.73031719,0.75059017,0.77201738,0.79361456,0.81446364,0.83374882,0.85078291,0.86502525,0.87609235
0.87392353,0.86948433,0.86893378,0.87226492,0.87898158,0.88818311,0.89870187,0.90926965,0.91868495,0.92595481,0.93039038,0.93164607,0.92970320,0.92481051,0.91739982,0.90799784,0.89715145,0.88537829,0.87314646,0.86088022,0.84898257,0.83786283,0.82795650,0.81972786,0.81365032,0.81016604,0.80963156,0.81226038,0.81807415,0.82687298,0.83823171,0.85152440,0.86597442,0.88072329,0.89490865,0.90774065,0.91856702,0.92691970,0.93253941,0.93537812,0.93558234,0.93346238,0.92945298,0.92407077,0.91787270,0.91141816,0.90523617,0.89979770,0.89549287,0.89261270,0.89133519,0.89171639,0.89368735,0.89705802,0.90152911,0.90671213,0.91215679,0.91738397,0.92192175,0.92534118,0.92728889,0.92751374,0.92588551,0.92240431,0.91720033,0.91052454,0.90273173,0.89425748,0.88559113,0.87724621,0.86973000,0.86351341,0.85900277,0.85651506,0.85625805,0.85831683,0.86264760,0.86907946,0.87732455,0.88699612,0.89763384,0.90873410,0.91978296,0.93028855,0.93981013,0.94798172,0.95452889,0.95927842,0.96216072,0.96320594,0.96253456,0.96034400,0.95689251,0.95248137,0.94743597,0.94208610,0.93674518,0.93168895,0.92713415,0.92321852
0.88612763,0.87651151,0.86773008,0.86104425,0.85766236,0.85851481,0.86404469,0.87406485,0.88772104,0.90357930,0.91982820,0.93456007,0.94607718,0.95316347,0.95527066,0.95258653,0.94597706,0.93681873,0.92675647,0.91743482,0.91025149,0.90617493,0.90565138,0.90860735,0.91453362,0.92262285,0.93192611,0.94149562,0.95049015,0.95823240,0.96422082,0.96810917,0.96967233,0.96877675,0.96536882,0.95948608,0.95128694,0.94108738,0.92938897,0.91688334,0.90442337,0.89295900,0.88344452,0.87673148,0.87346516,0.87400276,0.87836746,0.88624571,0.89702759,0.90988196,0.92385318,0.93796315,0.95130363,0.96310729,0.97279156,0.97997500,0.98447046,0.98626238,0.98547595,0.98234522,0.97718469,0.97036635,0.96230125,0.95342335,0.94417308,0.93497894,0.92623772,0.91829502,0.91142908,0.90584043,0.90164911,0.89889960,0.89757212,0.89759742,0.89887171,0.90126795,0.90464131,0.90882795,0.91363917,0.91885420,0.92421567,0.92943126,0.93418343,0.93814706,0.94101331,0.94251656,0.94246040,0.94073910,0.93735135,0.93240510,0.92611356,0.91878424,0.91080308,0.90261566,0.89470635,0.88757498,0.88171003,0.87755686,0.87548037,0.87572303
0.98299448,0.98225753,0.98267257,0.98428599,0.98681411,0.98971991,0.99234690,0.99408017,0.99449759,0.99347482,0.99121907,0.98822356,0.98515451,0.98269820,0.98140446,0.98156210,0.98313368,0.98576259,0.98884918,0.99167760,0.99356395,0.99399245,0.99271004,0.98976075,0.98545590,0.98029110,0.97483288,0.96960230,0.96498219,0.96116610,0.95815684,0.95580938,0.95390352,0.95222516,0.95063473,0.94910582,0.94772583,0.94666060,0.94609409,0.94616022,0.94688524,0.94815560,0.94971968,0.95122288,0.95226796,0.95248660,0.95160635,0.94949874,0.94619939,0.94189768,0.93690040,0.93157928,0.92631501,0.92144946,0.91725458,0.91392094,0.91156386,0.91024061,0.90997060,0.91075061,0.91255993,0.91535386,0.91904839,0.92350205,0.92850245,0.93376432,0.93894286,0.94366215,0.94755436,0.95030257,0.95167907,0.95157199,0.94999559,0.94708312,0.94306456,0.93823503,0.93292067,0.92744913,0.92212912,0.91724025,0.91303084,0.90971897,0.90749154,0.90649727,0.90683235,0.90852039,0.91149134,0.91556582,0.92045170,0.92575817,0.93102924,0.93579371,0.93962437,0.94219548,0.94332700,0.94300617,0.94138130,0.93872829,0.93539570,0.93173833
0.81731981,0.83790230,0.86075053,0.88473717,0.90834286,0.92976333,0.94709641,0.95858245,0.96285782,0.95917491,0.94754604,0.92878284,0.90442229,0.87655263,0.84756963,0.81990380,0.79576067,0.77690969,0.76454564,0.75923225,0.76092356,0.76904713,0.78262616,0.80041600,0.82103397,0.84306842,0.86516182,0.88607004,0.90470465,0.92016652,0.93177669,0.93910645,0.94200435,0.94061389,0.93537468,0.92700062,0.91643188,0.90476216,0.89314736,0.88270594,0.87442268,0.86906767,0.86713941,0.86883710,0.87406257,0.88244827,0.89340479,0.90618031,0.91992468,0.93375229,0.94679991,0.95827784,0.96751369,0.97398871,0.97736605,0.97750973,0.97449217,0.96858821,0.96025423,0.95009265,0.93880403,0.92713112,0.91580082,0.90547029,0.89668326,0.88984080,0.88518823,0.88281759,0.88268221,0.88461883,0.88837206,0.89361702,0.89997787,0.90704207,0.91437233,0.92151902,0.92803623,0.93350325,0.93755163,0.93989562,0.94036206,0.93891446,0.93566624,0.93087930,0.92494663,0.91836039,0.91166964,0.90543340,0.90017526,0.89634486,0.89428980,0.89423897,0.89629617,0.90044067,0.90653082,0.91430696,0.92339193,0.93328970,0.94338542,0.95295207
0.99144321,0.99243936,0.99258034,0.99201981,0.99082424,0.98897847,0.98641280,0.98304644,0.97883830,0.97383409,0.96819828,0.96222190,0.95630167,0.95089223,0.94643939,0.94330684,0.94171020,0.94167114,0.94300084,0.94531734,0.94809537,0.95074179,0.95268426,0.95345769,0.95277267,0.95055382,0.94694225,0.94226337,0.93696830,0.93156082,0.92652381,0.92225760,0.91904018,0.91701363,0.91619612,0.91651290,0.91783603,0.92002156,0.92293497,0.92645947,0.93048761,0.93490067,0.93954410,0.94420800,0.94862081,0.95246119,0.95538855,0.95708771,0.95731895,0.95596275,0.95304894,0.94876318,0.94342813,0.93746196,0.93132151,0.92544035,0.92017320,0.91575667,0.91229290,0.90975752,0.90802851,0.90692804,0.90626775,0.90588793,0.90568339,0.90561262,0.90569060,0.90596956,0.90651423,0.90737896,0.90859273,0.91015543,0.91204499,0.91423199,0.91669601,0.91943765,0.92248150,0.92586754,0.92963202,0.93378139,0.93826549,0.94295692,0.94764252,0.95203080,0.95577555,0.95851232,0.95990190,0.95967349,0.95766043,0.95382322,0.94825710,0.94118409,0.93293235,0.92390679,0.91455615,0.90534043,0.89670174,0.88903913,0.88268653,0.87789190
0.87221847,0.86804902,0.86645494,0.86762157,0.87113120,0.87602857,0.88101231,0.88471383,0.88600177,0.88424201,0.87945157,0.87231037,0.86402854,0.85610097,0.85000508,0.84690845,0.84744765,0.85162166,0.85881667,0.86794990,0.87769450,0.88673197,0.89397576,0.89872102,0.90069603,0.90001654,0.89706647,0.89234381,0.88631461,0.87931165,0.87149937,0.86290757,0.85351761,0.84337196,0.83267287,0.82184055,0.81151282,0.80248392,0.79559581,0.79160658,0.79106604,0.79422576,0.80100213,0.81099759,0.82357176,0.83794355,0.85330025,0.86889063,0.88408591,0.89840188,0.91148619,0.92308298,0.93299160,0.94103565,0.94705308,0.95091057,0.95253630,0.95195941,0.94934209,0.94499179,0.93934675,0.93293499,0.92631410,0.92000446,0.91443083,0.90988502,0.90651734,0.90435646,0.90335027,0.90341485,0.90447779,0.90650399,0.90949805,0.91348348,0.91846559,0.92438975,0.93110819,0.93836699,0.94581924,0.95306345,0.95969841,0.96538105,0.96987285,0.97306325,0.97496500,0.97568350,0.97536918,0.97416626,0.97217251,0.96942207,0.96589734,0.96156775,0.95644500,0.95063861,0.94439381,0.93809727,0.93224361,0.92736538,0.92393830,0.92228064
0.96912394,0.96238895,0.95394127,0.94447818,0.93467192,0.92512122,0.91632982,0.90870802,0.90258878,0.89824678,0.89590977,0.89575532,0.89789093,0.90232203,0.90891665,0.91737799,0.92723530,0.93786019,0.94851003,0.95839455,0.96675635,0.97295328,0.97652930,0.97726258,0.97518336,0.97055981,0.96385549,0.95566680,0.94665125,0.93745780,0.92866844,0.92075724,0.91406893,0.90881568,0.90508773,0.90287201,0.90207283,0.90253010,0.90403270,0.90632726,0.90912450,0.91210642,0.91493754,0.91728222,0.91882856,0.91931707,0.91857105,0.91652391,0.91323867,0.90891541,0.90388416,0.89858282,0.89352188,0.88923978,0.88625385,0.88501209,0.88585087,0.88896252,0.89437545,0.90194744,0.91137170,0.92219344,0.93383463,0.94562432,0.95683246,0.96670568,0.97450419,0.97953910,0.98120996,0.97904163,0.97271989,0.96212407,0.94735457,0.92875218,0.90690595,0.88264617,0.85701996,0.83124839,0.80666556,0.78464198,0.76649648,0.75340260,0.74629659,0.74579523,0.75213166,0.76511611,0.78412676,0.80813289,0.83574974,0.86532188,0.89502904,0.92300650,0.94747005,0.96683523,0.97982028,0.98552514,0.98348115,0.97367021,0.95651493,0.93284321
0.94698598,0.94614909,0.94481523,0.94319755,0.94155862,0.94012118,0.93897801,0.93802882,0.93696724,0.93532966,0.93260111,0.92835690,0.92240688,0.91490571,0.90639896,0.89778825,0.89021574,0.88488561,0.88285366,0.88482427,0.89099451,0.90097733,0.91382087,0.92812160,0.94221051,0.95437792,0.96309694,0.96720872,0.96604304,0.95946156,0.94782650,0.93191039,0.91277116,0.89161971,0.86970329,0.84821992,0.82826764,0.81082268,0.79673341,0.78671516,0.78133416,0.78097514,0.78579553,0.79567637,0.81018507,0.82856507,0.84976431,0.87250614,0.89539753,0.91706060,0.93626771,0.95205858,0.96382082,0.97132207,0.97469090,0.97435344,0.97094018,0.96518205,0.95781465,0.94950584,0.94081465,0.93218186,0.92394540,0.91636913,0.90967238,0.90404958,0.89967405,0.89668605,0.89517056,0.89513397,0.89648913,0.89905635,0.90258286,0.90677841,0.91135943,0.91609164,0.92082062,0.92548223,0.93008959,0.93469943,0.93936565,0.94409230,0.94879831,0.95330404,0.95734482,0.96061002,0.96280013,0.96369010,0.96318513,0.96135638,0.95844804,0.95485318,0.95106228,0.94759397,0.94492090,0.94340384,0.94324418,0.94446033,0.94688786,0.95019867
0.97961214,0.97790154,0.97687327,0.97679695,0.97763934,0.97907711,0.98056934,0.98147718,0.98120736,0.97934968,0.97577826,0.97069300,0.96459101,0.95817365,0.95220924,0.94738090,0.94415075,0.94266764,0.94273621,0.94385319,0.94530391,0.94630005,0.94613106,0.94429858,0.94060708,0.93519402,0.92849642,0.92116415,0.91394015,0.90753230,0.90250135,0.89918384,0.89766131,0.89777693,0.89919137,0.90146187,0.90412523,0.90676633,0.90905987,0.91078085,0.91178756,0.91198758,0.91129982,0.90962612,0.90684220,0.90281253,0.89742660,0.89064804,0.88256354,0.87341760,0.86362183,0.85373307,0.84440132,0.83629518,0.83001738,0.82602509,0.82456952,0.82566554,0.82909662,0.83445323,0.84119676,0.84873610,0.85650300,0.86401342,0.87090656,0.87695792,0.88206852,0.88623689,0.88952291,0.89201400,0.89380170,0.89497339,0.89561883,0.89584678,0.89580415,0.89568943,0.89575391,0.89628726,0.89758770,0.89992109,0.90347609,0.90832430,0.91439417,0.92146531,0.92918563,0.93710922,0.94474857,0.95163223,0.95735838,0.96163601,0.96430810,0.96535451,0.96487579,0.96306261,0.96015752,0.95641699,0.95207978,0.94734593,0.94236669,0.93724340
0.87553287,0.87658129,0.87591852,0.87350684,0.86930606,0.86336466,0.85589279,0.84729572,0.83815788,0.82918133,0.82109445,0.81455333,0.81005802,0.80789959,0.80814491,0.81065607,0.81513396,0.82117107,0.82829891,0.83601941,0.84381681,0.85115440,0.85746651,0.86215828,0.86462351,0.86428521,0.86065620,0.85341083,0.84245397,0.82797296,0.81045962,0.79069521,0.76969818,0.74864216,0.72875730,0.71123059,0.69711936,0.68728731,0.68236663,0.68274336,0.68855899,0.69971984,0.71590644,0.73657871,0.76097749,0.78812713,0.81684754,0.84578412,0.87346194,0.89836570,0.91904107,0.93420715,0.94286619,0.94439506,0.93860527,0.92576247,0.90656299,0.88207183,0.85363186,0.82275780,0.79102914,0.75999393,0.73109124,0.70559511,0.68457798,0.66888877,0.65913944,0.65569538,0.65866686,0.66790223,0.68298572,0.70324441,0.72776919,0.75545289,0.78504618,0.81522810,0.84468512,0.87219011,0.89667270,0.91727399,0.93338183,0.94464569,0.95097354,0.95251438,0.94963147,0.94287057,0.93292654,0.92060981,0.90681189,0.89246834,0.87851690,0.86585061,0.85526731,0.84741964,0.84277086,0.84156196,0.84379463,0.84923244,0.85742037,0.86772010
0.95058485,0.95576679,0.96040303,0.96456309,0.96823698,0.97128933,0.97344874,0.97434075,0.97356043,0.97076879,0.96578888,0.95867632,0.94974493,0.93953981,0.92876309,0.91816843,0.90844705,0.90012905,0.89352012,0.88868550,0.88548233,0.88362989,0.88279868,0.88269560,0.88312470,0.88401074,0.88538312,0.88732753,0.88992018,0.89316294,0.89693651,0.90098435,0.90493198,0.90833792,0.91076507,0.91185663,0.91140026,0.90936767,0.90592277,0.90139855,0.89624920,0.89098829,0.88612516,0.88211067,0.87929961,0.87793228,0.87813341,0.87992292,0.88323215,0.88791961,0.89378288,0.90056577,0.90796292,0.91562566,0.92317328,0.93021250,0.93636563,0.94130464,0.94478632,0.94668221,0.94699765,0.94587568,0.94358439,0.94048896,0.93701234,0.93359055,0.93062913,0.92846650,0.92734831,0.92741407,0.92869540,0.93112371,0.93454438,0.93873490,0.94342480,0.94831595,0.95310269,0.95749166,0.96122174,0.96408382,0.96593940,0.96673553,0.96651326,0.96540667,0.96363086,0.96145927,0.95919231,0.95712120,0.95549161,0.95447228,0.95413317,0.95443632,0.95524078,0.95632028,0.95739046,0.95814083,0.95826659,0.95749611,0.95561151,0.95246110
0.93767138,0.93483853,0.93339380,0.93300364,0.93307933,0.93291170,0.93181920,0.92928196,0.92503763,0.91912154,0.91184437,0.90371368,0.89531761,0.88719715,0.87973527,0.87308570,0.86715465,0.86163709,0.85609856,0.85008557,0.84324199,0.83540794,0.82668024,0.81742113,0.80821337,0.79977134,0.79282728,0.78801598,0.78577993,0.78631105,0.78953722,0.79515282,0.80268463,0.81157809,0.82128554,0.83133878,0.84139268,0.85123446,0.86076182,0.86993984,0.87875034,0.88714789,0.89503320,0.90225010,0.90860590,0.91390941,0.91801607,0.92086798,0.92251779,0.92312978,0.92295712,0.92230033,0.92145636,0.92066942,0.92009458,0.91978211,0.91968590,0.91969407,0.91967440,0.91952394,0.91921110,0.91880037,0.91845417,0.91841134,0.91894675,0.92032057,0.92272746,0.92625636,0.93086876,0.93639970,0.94258061,0.94907822,0.95554112,0.96164425,0.96712342,0.97179463,0.97555678,0.97837998,0.98028452,0.98131732,0.98153277,0.98098303,0.97971990,0.97780675,0.97533572,0.97244409,0.96932363,0.96621859,0.96341036,0.96119027,0.95982434,0.95951623,0.96037515,0.96239524,0.96545008,0.96930344,0.97363320,0.97806365,0.98219960,0.98565658
0.92330343,0.92631668,0.93092875,0.93696762,0.94402967,0.95154071,0.95884620,0.96531623,0.97044680,0.97393793,0.97573256,0.97600808,0.97512271,0.97352878,0.97167214,0.96989889,0.96838836,0.96712571,0.96591943,0.96446008,0.96240785,0.95948932,0.95558118,0.95076043,0.94530873,0.93966890,0.93436301,0.92988971,0.92662281,0.92473220,0.92414370,0.92454627,0.92544539,0.92625151,0.92638495,0.92537524,0.92293469,0.91899289,0.91368828,0.90732241,0.90029078,0.89300723,0.88583958,0.87906950,0.87288293,0.86738910,0.86265824,0.85876354,0.85581198,0.85395274,0.85335827,0.85418170,0.85650113,0.86026559,0.86525836,0.87109022,0.87722851,0.88305946,0.88797332,0.89145503,0.89316196,0.89297223,0.89099396,0.88753429,0.88303566,0.87799385,0.87287560,0.86805337,0.86377017,0.86013969,0.85717841,0.85485797,0.85316199,0.85213075,0.85188140,0.85259830,0.85449555,0.85776158,0.86249980,0.86868108,0.87612136,0.88449173,0.89336036,0.90225727,0.91074710,0.91849285,0.92529608,0.93110521,0.93599138,0.94009923,0.94358540,0.94656061,0.94904973,0.95097974,0.95219830,0.95251717,0.95176807,0.94985503,0.94678805,0.94268796
0.89461216,0.89201259,0.88861199,0.88481085,0.88093705,0.87720369,0.87370657,0.87046130,0.86746869,0.86478697,0.86258677,0.86116814,0.86093047,0.86229897,0.86562411,0.87107803,0.87857383,0.88772953,0.89788942,0.90820297,0.91774800,0.92567399,0.93133593,0.93439124,0.93484060,0.93300713,0.92946124,0.92490966,0.92007298,0.91557633,0.91187311,0.90921250,0.90765120,0.90709915,0.90738254,0.90830541,0.90969396,0.91141523,0.91336988,0.91546666,0.91759112,0.91958198,0.92122631,0.92227834,0.92249999,0.92171396,0.91985625,0.91701348,0.91343415,0.90950825,0.90571743,0.90256449,0.90049595,0.89983302,0.90072420,0.90312824,0.90682899,0.91147759,0.91665146,0.92191784,0.92688921,0.93126192,0.93483362,0.93750066,0.93924111,0.94009130,0.94012393,0.93943331,0.93812962,0.93634061,0.93421581,0.93192797,0.92966688,0.92762319,0.92596321,0.92479916,0.92416178,0.92398298,0.92409500,0.92424890,0.92415067,0.92350886,0.92208485,0.91973586,0.91644268,0.91231702,0.90758789,0.90257057,0.89762499,0.89311228,0.88935751,0.88662446,0.88510426,0.88491569,0.88611190,0.88868699,0.89257648,0.89764880,0.90368848,0.91037619
0.92611567,0.92142917,0.91964764,0.92088395,0.92486281,0.93102182,0.93863237,0.94691502,0.95513002,0.96263322,0.96889847,0.97351605,0.97618101,0.97668482,0.97491879,0.97089114,0.96475236,0.95681826,0.94757857,0.93768046,0.92788226,0.91898031,0.91171922,0.90670099,0.90430949,0.90466416,0.90761052,0.91274829,0.91949055,0.92714229,0.93498387,0.94234544,0.94866176,0.95350242,0.95657866,0.95773302,0.95692053,0.95419009,0.94967183,0.94357256,0.93617694,0.92784927,0.91902923,0.91021600,0.90193778,0.89470809,0.88897431,0.88506700,0.88315948,0.88324592,0.88514255,0.88851251,0.89290974,0.89783410,0.90278764,0.90732256,0.91107348,0.91377094,0.91523738,0.91537044,0.91412125,0.91147486,0.90743927,0.90204566,0.89535951,0.88749826,0.87864942,0.86908199,0.85914583,0.84925636,0.83986556,0.83142372,0.82433851,0.81893839,0.81544656,0.81396931,0.81449940,0.81693208,0.82108900,0.82674370,0.83364332,0.84152265,0.85010980,0.85912514,0.86827780,0.87726414,0.88577282,0.89349887,0.90016680,0.90556005,0.90955114,0.91212585,0.91339465,0.91358669,0.91302509,0.91208579,0.91114607,0.91053026,0.91046121,0.91102469
0.94530859,0.94972844,0.95375660,0.95721448,0.95971992,0.96069618,0.95945009,0.95531303,0.94781916,0.93688024,0.92291144,0.90687009,0.89018786,0.87460118,0.86190755,0.85369176,0.85107255,0.85451686,0.86375586,0.87781779,0.89516947,0.91393739,0.93216442,0.94805415,0.96016189,0.96750689,0.96959984,0.96639780,0.95821171,0.94559716,0.92925697,0.90997546,0.88859163,0.86600459,0.84319429,0.82123558,0.80128552,0.78453232,0.77210552,0.76495898,0.76374722,0.76871981,0.77965682,0.79586119,0.81621310,0.83927919,0.86345926,0.88714664,0.90887740,0.92744785,0.94198737,0.95198351,0.95726488,0.95795443,0.95440823,0.94715407,0.93683983,0.92419569,0.91000838,0.89510148,0.88031451,0.86647456,0.85435752,0.84464080,0.83785319,0.83433103,0.83418965,0.83731756,0.84339580,0.85194035,0.86236054,0.87402390,0.88631705,0.89869422,0.91070763,0.92201857,0.93239158,0.94167777,0.94979458,0.95670835,0.96242384,0.96698065,0.97045410,0.97295566,0.97462880,0.97563727,0.97614553,0.97629403,0.97617393,0.97580758,0.97514076,0.97405064,0.97236975,0.96992244,0.96656622,0.96222919,0.95693484,0.95080862,0.94406435,0.93697301
0.98031277,0.98063067,0.97972826,0.97802266,0.97603306,0.97428638,0.97321010,0.97303863,0.97375820,0.97510661,0.97663124,0.97779368,0.97809686,0.97720501,0.97502803,0.97175138,0.96780495,0.96377869,0.96030431,0.95792956,0.95701306,0.95766250,0.95972851,0.96285274,0.96655574,0.97034111,0.97379040,0.97662713,0.97873819,0.98015212,0.98098458,0.98136856,0.98139003,0.98104693,0.98024274,0.97881604,0.97659744,0.97347732,0.96946546,0.96472517,0.95957184,0.95443472,0.94979009,0.94608071,0.94364015,0.94263879,0.94306340,0.94473393,0.94735196,0.95056813,0.95405202,0.95754810,0.96090621,0.96408183,0.96710915,0.97005638,0.97297659,0.97586760,0.97865156,0.98117908,0.98325595,0.98468451,0.98530805,0.98504632,0.98391295,0.98201092,0.97950790,0.97659841,0.97346312,0.97023580,0.96698643,0.96372433,0.96041969,0.95703659,0.95356783,0.95006129,0.94663039,0.94344552,0.94070841,0.93861592,0.93732205,0.93690772,0.93736560,0.93860373,0.94046665,0.94276819,0.94532726,0.94799720,0.95068179,0.95333496,0.95594584,0.95851484,0.96102800,0.96343735,0.96565234,0.96754455,0.96896361,0.96975891,0.96979957,0.96898544
0.90523172,0.89235706,0.87686815,0.85949595,0.84117556,0.82300165,0.80616047,0.79184726,0.78117760,0.77509920,0.77430824,0.77917407,0.78967720,0.80536732,0.82534922,0.84830427,0.87255268,0.89615871,0.91707556,0.93332033,0.94316207,0.94530002,0.93900729,0.92421847,0.90154840,0.87224019,0.83805156,0.80109670,0.76366482,0.72803778,0.69632595,0.67033663,0.65148172,0.64072425,0.63855708,0.64500480,0.65964027,0.68161139,0.70967783,0.74226148,0.77751573,0.81341795,0.84788617,0.87891549,0.90472424,0.92389473,0.93549106,0.93913747,0.93504561,0.92398578,0.90720567,0.88630696,0.86309582,0.83942574,0.81705066,0.79750318,0.78200683,0.77142512,0.76624427,0.76658302,0.77222130,0.78264070,0.79707177,0.81454602,0.83395252,0.85410054,0.87378905,0.89188229,0.90738753,0.91952831,0.92780467,0.93203192,0.93235172,0.92921246,0.92332041,0.91556673,0.90693920,0.89842933,0.89094609,0.88524599,0.88188579,0.88119984,0.88329994,0.88809286,0.89530922,0.90453810,0.91526297,0.92689620,0.93881169,0.95037589,0.96097873,0.97006514,0.97716694,0.98193276,0.98415236,0.98377106,0.98089073,0.97575573,0.96872465,0.96023121
0.95584097,0.96232819,0.96668295,0.96905027,0.96945276,0.96775662,0.96371752,0.95709616,0.94781217,0.93609180,0.92256299,0.90826288,0.89454486,0.88289769,0.87471174,0.87104024,0.87240522,0.87868904,0.88913492,0.90245875,0.91705127,0.93123160,0.94350281,0.95276090,0.95842098,0.96044369,0.95926707,0.95566764,0.95058578,0.94495342,0.93955647,0.93495315,0.93145439,0.92915792,0.92801662,0.92791630,0.92873999,0.93040318,0.93285507,0.93605191,0.93991569,0.94429538,0.94894585,0.95353377,0.95767182,0.96097379,0.96311702,0.96389618,0.96325442,0.96128378,0.95819469,0.95426190,0.94976020,0.94490530,0.93981418,0.93449396,0.92886163,0.92278900,0.91616148,0.90893581,0.90118283,0.89310494,0.88502455,0.87734611,0.87050028,0.86488204,0.86079531,0.85841424,0.85776683,0.85874096,0.86110798,0.86455581,0.86872299,0.87322698,0.87768343,0.88171698,0.88496733,0.88709601,0.88779922,0.88682997,0.88402946,0.87936343,0.87295565,0.86510945,0.85630876,0.84719378,0.83851124,0.83104451,0.82553308,0.82259335,0.82265271,0.82590682,0.83230561,0.84156820,0.85322157,0.86665377,0.88117077,0.89604757,0.91056732,0.92404703
0.96312613,0.96172548,0.95831237,0.95292328,0.94549448,0.93591681,0.92413018,0.91023537,0.89459373,0.87788587,0.86110758,0.84549482,0.83238548,0.82304062,0.81845674,0.81920368,0.82531740,0.83626682,0.85100024,0.86806338,0.88576898,0.90239098,0.91635398,0.92639225,0.93166057,0.93178899,0.92688342,0.91748165,0.90447807,0.88903084,0.87246267,0.85616275,0.84149315,0.82970084,0.82183554,0.81867486,0.82066026,0.82784970,0.83989435,0.85604623,0.87520142,0.89597939,0.91683364,0.93618363,0.95255423,0.96470680,0.97174751,0.97320101,0.96904332,0.95969246,0.94596105,0.92897834,0.91009169,0.89075769,0.87243240,0.85646815,0.84402287,0.83598552,0.83292083,0.83503555,0.84216827,0.85380431,0.86911617,0.88702828,0.90630243,0.92563745,0.94377456,0.95959792,0.97221980,0.98104142,0.98578347,0.98648427,0.98346825,0.97729069,0.96866770,0.95840094,0.94730610,0.93615180,0.92561314,0.91624048,0.90844254,0.90248080,0.89847274,0.89640134,0.89613012,0.89742331,0.89997160,0.90342333,0.90742021,0.91163455,0.91580383,0.91975690,0.92342639,0.92684349,0.93011380,0.93337677,0.93675435,0.94029751,0.94394005,0.94746876
0.95285810,0.96080697,0.96762159,0.97297853,0.97643700,0.97750348,0.97571941,0.97075027,0.96245625,0.95093103,0.93650463,0.91971502,0.90125891,0.88193435,0.86258612,0.84406106,0.82717511,0.81268888,0.80128531,0.79354252,0.78989839,0.79060797,0.79570073,0.80494756,0.81784747,0.83364131,0.85135483,0.86986845,0.88800658,0.90463555,0.91875788,0.92959098,0.93662110,0.93962850,0.93868442,0.93412510,0.92651012,0.91657242,0.90516560,0.89321196,0.88165216,0.87139584,0.86327189,0.85797792,0.85603025,0.85771818,0.86306852,0.87182686,0.88346178,0.89719493,0.91205735,0.92696769,0.94082503,0.95260626,0.96145684,0.96676459,0.96820856,0.96577872,0.95976618,0.95072740,0.93942824,0.92677512,0.91374054,0.90128966,0.89031311,0.88156961,0.87564052,0.87289733,0.87348282,0.87730641,0.88405439,0.89321506,0.90411820,0.91598676,0.92799773,0.93934740,0.94931576,0.95732395,0.96297891,0.96610030,0.96672662,0.96510012,0.96163248,0.95685608,0.95136670,0.94576457,0.94060020,0.93633054,0.93328912,0.93167215,0.93153987,0.93283096,0.93538572,0.93897365,0.94332049,0.94813129,0.95310673,0.95795222,0.96238029,0.96610839
0.97757421,0.98183216,0.98328321,0.98237407,0.97959390,0.97536724,0.96998278,0.96357723,0.95617984,0.94780576,0.93857198,0.92880040,0.91907462,0.91022760,0.90325466,0.89916432,0.89879478,0.90263283,0.91067396,0.92235661,0.93658928,0.95187113,0.96648565,0.97873179,0.98714874,0.99069397,0.98884567,0.98161828,0.96949752,0.95331660,0.93410452,0.91293967,0.89083704,0.86868599,0.84724129,0.82715569,0.80903231,0.79347158,0.78109105,0.77250598,0.76827031,0.76879025,0.77423062,0.78443847,0.79890518,0.81678082,0.83694276,0.85810832,0.87897200,0.89834266,0.91525685,0.92905077,0.93938245,0.94620689,0.94971608,0.95026198,0.94828163,0.94424053,0.93860256,0.93182662,0.92438184,0.91676830,0.90952903,0.90324202,0.89848719,0.89579096,0.89555848,0.89800829,0.90312549,0.91064603,0.92007868,0.93076252,0.94195073,0.95290539,0.96298626,0.97171781,0.97882407,0.98422795,0.98801930,0.99040249,0.99163768,0.99198924,0.99169144,0.99093551,0.98987569,0.98864725,0.98738635,0.98624194,0.98537297,0.98492898,0.98501794,0.98566990,0.98680729,0.98823214,0.98963638,0.99063576,0.99082173,0.98982076,0.98734850,0.98324669
0.88835710,0.88230341,0.87964564,0.88029970,0.88392097,0.88999722,0.89792708,0.90707675,0.91681608,0.92654056,0.93568776,0.94375568,0.95032657,0.95509496,0.95789493,0.95871870,0.95771894,0.95519021,0.95152915,0.94717940,0.94257112,0.93806709,0.93392595,0.93028873,0.92718943,0.92458482,0.92239500,0.92054442,0.91899408,0.91775804,0.91690200,0.91652624,0.91673923,0.91763029,0.91924909,0.92159662,0.92462821,0.92826477,0.93240607,0.93693908,0.94173658,0.94664442,0.95146016,0.95590980,0.95963168,0.96217709,0.96303454,0.96167982,0.95764774,0.95061556,0.94048333,0.92743572,0.91197106,0.89488879,0.87723332,0.86019978,0.84501415,0.83280457,0.82448239,0.82064930,0.82154175,0.82701750,0.83658160,0.84944381,0.86459591,0.88089684,0.89715539,0.91220344,0.92495706,0.93446629,0.93995681,0.94086758,0.93688664,0.92798458,0.91444124,0.89685881,0.87615346,0.85351908,0.83036052,0.80819847,0.78855310,0.77281812,0.76213941,0.75731318,0.75871644,0.76627841,0.77949552,0.79748635,0.81907770,0.84290984,0.86754814,0.89158935,0.91375346,0.93295518,0.94835261,0.95937384,0.96572446,0.96738001,0.96456661,0.95773196
0.96517883,0.96327001,0.96178081,0.96082774,0.96012837,0.95908351,0.95693042,0.95293468,0.94657975,0.93771347,0.92661951,0.91399812,0.90086079,0.88836167,0.87760160,0.86944384,0.86437646,0.86244434,0.86325960,0.86608384,0.86996311,0.87388771,0.87694619,0.87844651,0.87798588,0.87546379,0.87104445,0.86508504,0.85805004,0.85043164,0.84269058,0.83522490,0.82836575,0.82239336,0.81756173,0.81411969,0.81231830,0.81239884,0.81456230,0.81892668,0.82548253,0.83405825,0.84430467,0.85570495,0.86761013,0.87929627,0.89003464,0.89916459,0.90615816,0.91066783,0.91255163,0.91187447,0.90888796,0.90399417,0.89769966,0.89056670,0.88316699,0.87604170,0.86967014,0.86444717,0.86066888,0.85852517,0.85809805,0.85936496,0.86220702,0.86642226,0.87174380,0.87786220,0.88445041,0.89118946,0.89779231,0.90402397,0.90971620,0.91477551,0.91918438,0.92299583,0.92632262,0.92932242,0.93218081,0.93509310,0.93824580,0.94179817,0.94586416,0.95049578,0.95566952,0.96127773,0.96712725,0.97294689,0.97840467,0.98313455,0.98677078,0.98898656,0.98953193,0.98826539,0.98517375,0.98037661,0.97411409,0.96671924,0.95857896,0.95008882
0.96026207,0.96425211,0.96730028,0.96950005,0.97084434,0.97122230,0.97045030,0.96833378,0.96474722,0.95971271,0.95345580,0.94642096,0.93923879,0.93264793,0.92738527,0.92406513,0.92307090,0.92448108,0.92804557,0.93321816,0.93923956,0.94525400,0.95043536,0.95409760,0.95576922,0.95522101,0.95244755,0.94761285,0.94097775,0.93282900,0.92342820,0.91299208,0.90170706,0.88977074,0.87744598,0.86510934,0.85327715,0.84259784,0.83380733,0.82765297,0.82479882,0.82572954,0.83067096,0.83954166,0.85194385,0.86719337,0.88438184,0.90245857,0.92031825,0.93688187,0.95116228,0.96231057,0.96964483,0.97266606,0.97106778,0.96474466,0.95380239,0.93856735,0.91959115,0.89764357,0.87368793,0.84883561,0.82427996,0.80121498,0.78074747,0.76381422,0.75111597,0.74307686,0.73983402,0.74125605,0.74698429,0.75648781,0.76912180,0.78418076,0.80094040,0.81868634,0.83673119,0.85442507,0.87116560,0.88641261,0.89970999,0.91071312,0.91921659,0.92517535,0.92871209,0.93010636,0.92976421,0.92817128,0.92583613,0.92323280,0.92075234,0.91867112,0.91714029,0.91619522,0.91577953,0.91577484,0.91602674,0.91635956,0.91657671,0.91644773
0.97691279,0.98198483,0.98444866,0.98431014,0.98146988,0.97575525,0.96700775,0.95520502,0.94058537,0.92373974,0.90564098,0.88759437,0.87111076,0.85772206,0.84877176,0.84521886,0.84749088,0.85541218,0.86821956,0.88466134,0.90316150,0.92201952,0.93961217,0.95456532,0.96587244,0.97294890,0.97562444,0.97408725,0.96879945,0.96040512,0.94964806,0.93731021,0.92417341,0.91100067,0.89852801,0.88745672,0.87843741,0.87204127,0.86871964,0.86875786,0.87223303,0.87898587,0.88861506,0.90049827,0.91383906,0.92773412,0.94125178,0.95351137,0.96375338,0.97139278,0.97605123,0.97756790,0.97599141,0.97155789,0.96466021,0.95581313,0.94561725,0.93472341,0.92379782,0.91348767,0.90438743,0.89700633,0.89173888,0.88884089,0.88841396,0.89040091,0.89459355,0.90065231,0.90813548,0.91653455,0.92531124,0.93393257,0.94190092,0.94877771,0.95420063,0.95789561,0.95968510,0.95949424,0.95735551,0.95341136,0.94791322,0.94121474,0.93375705,0.92604505,0.91861510,0.91199627,0.90666890,0.90302535,0.90133765,0.90173633,0.90420257,0.90857388,0.91456122,0.92177358,0.92974567,0.93796430,0.94589073,0.95297806,0.95868503,0.96248914
0.94827309,0.95196437,0.95369491,0.95326548,0.95023569,0.94399733,0.93391612,0.91951118,0.90063194,0.87759261,0.85123297,0.82288984,0.79428220,0.76732936,0.74393394,0.72576546,0.71407797,0.70958609,0.71241187,0.72210171,0.73770236,0.75787799,0.78104785,0.80552581,0.82964739,0.85187608,0.87088660,0.88562704,0.89536400,0.89971384,0.89866094,0.89256069,0.88212298,0.86837173,0.85257818,0.83616911,0.82061546,0.80731103,0.79745372,0.79194295,0.79130525,0.79565714,0.80470892,0.81780769,0.83401292,0.85219428,0.87113977,0.88966242,0.90669548,0.92136872,0.93306163,0.94143210,0.94642159,0.94823904,0.94732676,0.94431160,0.93994507,0.93503639,0.93038270,0.92670143,0.92456970,0.92437585,0.92628770,0.93024079,0.93594849,0.94293301,0.95057437,0.95817202,0.96501263,0.97043705,0.97390024,0.97501869,0.97360184,0.96966557,0.96342778,0.95528768,0.94579152,0.93558800,0.92537713,0.91585567,0.90766318,0.90133218,0.89724653,0.89561153,0.89643876,0.89954735,0.90458211,0.91104715,0.91835218,0.92586657,0.93297544,0.93913107,0.94389355,0.94695625,0.94815392,0.94745409,0.94493487,0.94075408,0.93511515,0.92823522
0.98380793,0.98387605,0.98379003,0.98385612,0.98418650,0.98471146,0.98522663,0.98546567,0.98518388,0.98423523,0.98262608,0.98053321,0.97828148,0.97628555,0.97496817,0.97467202,0.97558319,0.97768146,0.98072742,0.98428975,0.98780846,0.99068290,0.99236809,0.99246075,0.99075901,0.98728542,0.98227128,0.97610810,0.96927757,0.96227489,0.95553975,0.94940689,0.94408360,0.93965511,0.93611306,0.93339705,0.93143694,0.93018461,0.92962760,0.92978229,0.93066998,0.93228329,0.93455264,0.93732289,0.94034789,0.94330649,0.94583896,0.94759733,0.94829993,0.94777912,0.94601257,0.94313166,0.93940562,0.93520425,0.93094635,0.92704345,0.92384868,0.92161920,0.92049741,0.92051169,0.92159360,0.92360550,0.92637107,0.92970221,0.93341718,0.93734838,0.94134054,0.94524317,0.94890206,0.95215480,0.95483404,0.95677947,0.95785729,0.95798320,0.95714382,0.95541107,0.95294555,0.94998687,0.94683173,0.94380307,0.94121517,0.93934031,0.93838192,0.93845759,0.93959367,0.94173061,0.94473714,0.94842963,0.95259316,0.95700128,0.96143225,0.96568145,0.96957009,0.97295128,0.97571404,0.97778547,0.97913065,0.97974948,0.97966942,0.97893379
0.95486200,0.96065157,0.96560605,0.96952254,0.97220727,0.97351797,0.97339431,0.97186975,0.96906513,0.96517005,0.96042080,0.95508276,0.94944063,0.94379507,0.93846015,0.93375490,0.92998275,0.92739615,0.92614813,0.92623862,0.92746832,0.92941530,0.93144766,0.93277829,0.93255840,0.92999632,0.92448133,0.91569011,0.90365602,0.88878795,0.87183462,0.85380020,0.83582634,0.81906181,0.80454244,0.79310039,0.78531334,0.78149468,0.78171646,0.78585116,0.79361708,0.80461428,0.81834427,0.83421326,0.85152599,0.86948145,0.88718301,0.90367188,0.91798697,0.92924596,0.93673554,0.93999442,0.93887238,0.93355195,0.92452644,0.91253668,0.89847712,0.88328847,0.86785660,0.85293477,0.83910102,0.82675340,0.81613784,0.80739625,0.80061947,0.79588998,0.79330334,0.79296407,0.79495915,0.79931863,0.80597678,0.81474679,0.82531854,0.83728239,0.85017492,0.86353666,0.87696833,0.89017200,0.90296732,0.91527841,0.92709463,0.93841477,0.94918865,0.95927119,0.96840117,0.97621096,0.98226636,0.98612827,0.98742302,0.98590626,0.98150701,0.97434283,0.96470398,0.95301101,0.93975626,0.92544239,0.91053128,0.89541280,0.88039692,0.86572643
0.95102023,0.94147074,0.93138059,0.92143435,0.91201970,0.90326497,0.89514918,0.88765020,0.88088632,0.87520688,0.87120120,0.86961671,0.87120234,0.87651350,0.88572580,0.89850413,0.91396153,0.93072321,0.94708824,0.96126028,0.97160334,0.97687343,0.97638270,0.97006809,0.95845814,0.94255285,0.92364816,0.90314429,0.88237596,0.86249231,0.84439981,0.82876498,0.81605974,0.80662446,0.80072241,0.79856552,0.80030262,0.80597385,0.81544639,0.82835327,0.84405753,0.86165841,0.88004655,0.89800304,0.91432701,0.92796913,0.93814720,0.94442353,0.94673211,0.94535383,0.94084817,0.93395753,0.92550364,0.91629462,0.90705611,0.89839230,0.89077563,0.88455735,0.87998848,0.87724042,0.87641725,0.87755628,0.88061836,0.88547374,0.89189124,0.89953777,0.90799266,0.91677632,0.92538930,0.93335477,0.94025696,0.94576937,0.94966918,0.95183768,0.95224962,0.95095701,0.94807354,0.94376468,0.93824559,0.93178505,0.92471074,0.91740967,0.91031844,0.90390086,0.89861353,0.89486406,0.89296848,0.89311597,0.89534800,0.89955675,0.90550318,0.91285077,0.92120686,0.93016159,0.93931534,0.94828906,0.95671676,0.96422477,0.97040661,0.97480393
0.98739616,0.97978740,0.96951382,0.95785131,0.94602197,0.93507885,0.92582441,0.91876834,0.91412521,0.91184727,0.91168316,0.91325018,0.91610717,0.91981721,0.92399326,0.92832451,0.93258465,0.93662573,0.94036274,0.94375460,0.94678707,0.94946218,0.95179564,0.95382092,0.95559542,0.95720305,0.95874871,0.96034209,0.96207185,0.96397362,0.96599775,0.96798376,0.96964937,0.97060008,0.97036273,0.96844166,0.96439074,0.95789038,0.94881638,0.93728810,0.92368608,0.90863437,0.89294825,0.87755410,0.86339294,0.85132239,0.84203166,0.83598144,0.83337517,0.83416233,0.83806839,0.84464279,0.85331423,0.86344379,0.87436873,0.88543420,0.89601402,0.90552564,0.91344576,0.91933215,0.92285420,0.92383030,0.92226561,0.91838123,0.91262467,0.90565358,0.89828856,0.89143677,0.88599429,0.88274036,0.88223997,0.88477054,0.89028520,0.89841823,0.90853145,0.91979279,0.93127369,0.94204937,0.95128683,0.95830905,0.96262970,0.96395914,0.96218873,0.95736391,0.94965724,0.93934966,0.92682365,0.91256647,0.89717684,0.88136630,0.86594587,0.85179183,0.83978845,0.83075199,0.82534569,0.82399944,0.82684861,0.83370362,0.84405630,0.85712234
0.91023594,0.89471953,0.87935085,0.86493944,0.85212445,0.84135300,0.83287987,0.82678813,0.82302863,0.82147353,0.82197477,0.82441596,0.82874498,0.83497865,0.84317645,0.85338734,0.86557987,0.87956968,0.89496014,0.91111158,0.92715089,0.94202704,0.95460863,0.96381084,0.96873119,0.96877156,0.96372595,0.95382006,0.93969722,0.92235419,0.90303779,0.88311935,0.86396609,0.84682780,0.83275193,0.82253273,0.81669258,0.81548696,0.81892238,0.82677690,0.83861671,0.85380695,0.87152053,0.89075200,0.91034571,0.92904567,0.94557050,0.95871027,0.96743554,0.97100395,0.96904735,0.96162417,0.94922632,0.93273701,0.91334422,0.89242183,0.87139601,0.85161623,0.83424820,0.82020081,0.81009152,0.80424758,0.80273447,0.80539952,0.81191885,0.82183792,0.83460110,0.84957059,0.86604003,0.88325015,0.90041397,0.91675564,0.93156250,0.94424491,0.95439420,0.96182728,0.96660735,0.96903330,0.96959660,0.96891055,0.96762302,0.96632730,0.96548651,0.96538378,0.96610546,0.96755757,0.96950938,0.97165307,0.97366607,0.97526330,0.97623029,0.97643320,0.97580810,0.97433662,0.97201764,0.96884474,0.96479615,0.95983949,0.95394872,0.94712662
0.98453903,0.98143620,0.97967253,0.97942492,0.98041394,0.98199272,0.98330796,0.98349736,0.98188051,0.97810278,0.97220273,0.96459228,0.95595829,0.94711225,0.93882393,0.93167632,0.92597132,0.92170289,0.91859840,0.91621512,0.91406734,0.91175481,0.90906388,0.90602026,0.90288375,0.90008878,0.89814660,0.89753241,0.89858245,0.90142221,0.90593861,0.91179892,0.91850912,0.92549724,0.93220281,0.93815416,0.94301923,0.94662268,0.94893026,0.95000870,0.94997388,0.94894167,0.94699277,0.94415898,0.94043173,0.93578872,0.93022981,0.92381197,0.91667324,0.90903917,0.90120943,0.89352769,0.88634152,0.87996139,0.87462725,0.87048914,0.86760455,0.86595131,0.86545149,0.86599972,0.86748851,0.86982472,0.87293389,0.87675271,0.88121323,0.88622440,0.89165706,0.89733729,0.90305068,0.90855754,0.91361598,0.91800836,0.92156545,0.92418322,0.92582917,0.92653729,0.92639403,0.92551912,0.92404617,0.92210695,0.91982209,0.91729827,0.91463074,0.91190821,0.90921705,0.90664171,0.90426011,0.90213428,0.90029868,0.89875029,0.89744441,0.89629888,0.89520728,0.89405854,0.89275874,0.89124962,0.88951902,0.88759983,0.88555625,0.88345902
0.93978812,0.93585019,0.93118554,0.92618039,0.92122153,0.91664930,0.91271633,0.90956454,0.90722783,0.90565985,0.90477815,0.90451078,0.90483043,0.90576561,0.90738469,0.90975680,0.91289977,0.91673006,0.92103016,0.92544623,0.92952183,0.93276441,0.93473194,0.93512089,0.93383512,0.93101945,0.92704929,0.92247743,0.91794826,0.91409623,0.91144825,0.91034876,0.91092106,0.91306998,0.91652221,0.92089217,0.92575653,0.93072044,0.93546185,0.93974746,0.94342121,0.94637344,0.94850299,0.94968591,0.94976181,0.94854389,0.94585167,0.94155898,0.93564516,0.92823575,0.91962110,0.91024610,0.90067078,0.89150818,0.88335084,0.87669988,0.87190981,0.86915875,0.86844792,0.86962831,0.87244649,0.87659833,0.88177881,0.88771790,0.89419705,0.90104614,0.90812533,0.91529974,0.92241615,0.92928936,0.93570329,0.94142737,0.94624479,0.94998569,0.95255698,0.95396109,0.95429882,0.95375539,0.95257290,0.95101535,0.94933380,0.94773857,0.94638342,0.94536362,0.94472646,0.94448997,0.94466369,0.94526502,0.94632653,0.94789208,0.95000323,0.95267990,0.95590080,0.95958884,0.96360528,0.96775398,0.97179467,0.97546165,0.97848366,0.98059997
0.98183432,0.97841492,0.97423016,0.96942100,0.96410264,0.95840944,0.95252613,0.94669625,0.94120625,0.93635070,0.93238970,0.92951038,0.92780295,0.92725670,0.92777547,0.92920714,0.93137808,0.93412278,0.93730118,0.94080022,0.94452177,0.94836333,0.95220060,0.95588006,0.95922616,0.96206324,0.96424668,0.96569521,0.96641485,0.96650669,0.96615449,0.96559278,0.96506156,0.96475724,0.96479129,0.96516657,0.96577715,0.96643183,0.96689559,0.96693897,0.96638375,0.96513429,0.96318765,0.96062089,0.95755959,0.95413640,0.95045089,0.94654186,0.94237970,0.93788144,0.93294500,0.92749443,0.92152482,0.91513579,0.90854491,0.90207686,0.89612971,0.89112484,0.88745076,0.88541220,0.88519448,0.88684914,0.89030173,0.89537745,0.90183686,0.90941233,0.91783663,0.92685812,0.93624069,0.94575121,0.95514068,0.96412736,0.97238979,0.97957527,0.98532499,0.98931259,0.99128912,0.99112529,0.98884206,0.98462283,0.97880373,0.97184318,0.96427558,0.95665696,0.94951187,0.94328959,0.93833508,0.93487645,0.93302706,0.93279765,0.93411283,0.93682653,0.94073265,0.94556955,0.95101949,0.95670650,0.96219736,0.96701006,0.97063272,0.97255312
0.96161809,0.94987567,0.93776713,0.92657636,0.91746953,0.91134357,0.90869706,0.90954960,0.91343073,0.91944829,0.92642978,0.93311410,0.93835897,0.94132493,0.94160243,0.93925990,0.93480666,0.92908035,0.92308215,0.91779276,0.91400511,0.91220607,0.91252753,0.91477105,0.91849330,0.92312644,0.92810201,0.93294950,0.93734962,0.94113513,0.94424518,0.94665085,0.94827605,0.94893938,0.94833697,0.94607526,0.94174923,0.93504912,0.92586998,0.91439720,0.90114520,0.88693679,0.87282324,0.85995758,0.84944395,0.84219080,0.83879462,0.83947424,0.84406428,0.85206407,0.86272722,0.87517077,0.88848122,0.90179868,0.91436805,0.92555561,0.93483833,0.94177982,0.94600889,0.94721431,0.94516324,0.93974191,0.93100916,0.91924762,0.90499572,0.88904639,0.87240491,0.85620718,0.84160843,0.82965961,0.82119239,0.81673227,0.81645451,0.82018849,0.82746700,0.83760839,0.84981429,0.86326460,0.87719410,0.89094092,0.90396424,0.91583628,0.92621862,0.93483609,0.94145984,0.94590747,0.94806121,0.94789889,0.94552745,0.94120700,0.93535503,0.92852441,0.92135516,0.91450557,0.90857390,0.90402399,0.90112829,0.89993788,0.90028348,0.90180527
0.95853304,0.95651993,0.95361903,0.95029920,0.94690074,0.94358760,0.94033903,0.93698533,0.93328311,0.92901565,0.92409567,0.91864444,0.91302475,0.90781502,0.90372503,0.90146733,0.90160823,0.90442765,0.90981724,0.91724034,0.92576661,0.93418005,0.94114360,0.94539123,0.94591263,0.94209749,0.93381579,0.92142408,0.90570233,0.88773805,0.86878254,0.85010651,0.83287929,0.81808766,0.80649919,0.79866340,0.79493559,0.79550470,0.80040880,0.80952904,0.82256217,0.83898104,0.85799908,0.87855681,0.89934643,0.91888260,0.93561847,0.94809446,0.95509939,0.95581853,0.94994429,0.93773078,0.91998309,0.89798301,0.87336352,0.84795141,0.82360128,0.80204212,0.78475282,0.77287505,0.76716388,0.76797042,0.77524745,0.78856884,0.80715679,0.82991505,0.85547107,0.88223262,0.90846483,0.93239059,0.95231226,0.96674648,0.97455816,0.97507641,0.96817515,0.95430393,0.93446142,0.91011223,0.88305631,0.85526771,0.82872318,0.80524108,0.78634794,0.77318328,0.76644665,0.76638418,0.77280725,0.78513392,0.80244439,0.82354459,0.84703549,0.87138895,0.89503208,0.91644076,0.93424026,0.94730636,0.95485697,0.95652240,0.95238219,0.94295960
0.95815223,0.94720365,0.93664859,0.92718337,0.91917647,0.91267933,0.90747731,0.90317010,0.89926922,0.89529886,0.89088660,0.88583204,0.88014456,0.87404613,0.86794020,0.86235300,0.85785692,0.85498761,0.85416651,0.85563977,0.85944194,0.86538937,0.87310342,0.88205861,0.89164620,0.90124215,0.91026863,0.91824105,0.92479673,0.92970520,0.93286323,0.93428018,0.93405953,0.93238175,0.92949169,0.92569015,0.92132681,0.91678957,0.91248605,0.90881439,0.90612426,0.90467217,0.90457838,0.90579387,0.90808586,0.91104777,0.91413561,0.91672781,0.91820068,0.91800828,0.91575416,0.91124399,0.90451111,0.89581226,0.88559561,0.87444799,0.86303114,0.85201763,0.84203572,0.83362901,0.82723278,0.82316489,0.82162656,0.82270733,0.82638948,0.83254914,0.84095439,0.85126328,0.86302667,0.87570065,0.88867232,0.90129939,0.91296058,0.92311075,0.93133228,0.93737433,0.94117284,0.94284744,0.94267542,0.94104722,0.93841136,0.93521837,0.93187322,0.92870307,0.92594374,0.92374371,0.92218143,0.92128910,0.92107586,0.92154457,0.92269864,0.92453846,0.92704973,0.93018822,0.93386593,0.93794314,0.94222859,0.94648766,0.95045593,0.95385400
0.97947146,0.97230596,0.96544017,0.95962536,0.95528388,0.95249469,0.95104989,0.95056568,0.95061904,0.95087555,0.95117711,0.95156973,0.95226802,0.95357013,0.95574837,0.95894604,0.96310717,0.96795735,0.97304048,0.97780291,0.98170453,0.98432994,0.98547250,0.98517137,0.98369384,0.98146864,0.97898786,0.97670107,0.97492577,0.97379281,0.97323624,0.97302660,0.97283641,0.97232031,0.97118993,0.96926687,0.96650395,0.96297421,0.95883489,0.95427941,0.94949170,0.94461485,0.93974098,0.93492247,0.93019833,0.92562563,0.92130432,0.91738638,0.91406488,0.91154477,0.91000243,0.90954451,0.91017696,0.91179296,0.91418343,0.91706872,0.92014436,0.92313094,0.92581688,0.92808549,0.92992127,0.93139593,0.93263900,0.93380118,0.93501932,0.93639084,0.93796187,0.93972946,0.94165402,0.94367583,0.94572870,0.94774596,0.94965684,0.95137523,0.95278564,0.95373275,0.95402081,0.95342655,0.95172635,0.94873396,0.94434188,0.93855722,0.93152360,0.92352268,0.91495361,0.90629310,0.89804314,0.89067567,0.88458399,0.88004882,0.87722370,0.87613944,0.87672387,0.87882922,0.88225921,0.88678852,0.89217093,0.89813607,0.90437860,0.91054622
0.95829321,0.96027094,0.96261893,0.96553942,0.96897233,0.97260915,0.97596550,0.97849438,0.97971360,0.97931870,0.97725722,0.97374947,0.96925415,0.96438859,0.95982349,0.95617491,0.95391485,0.95331449,0.95442568,0.95709774,0.96102056,0.96578221,0.97092888,0.97601726,0.98065276,0.98451178,0.98734998,0.98900117,0.98937227,0.98843780,0.98623538,0.98286140,0.97846500,0.97323939,0.96741019,0.96122208,0.95492545,0.94876485,0.94297060,0.93775416,0.93330634,0.92979655,0.92737023,0.92614215,0.92618488,0.92751378,0.93007227,0.93372193,0.93824177,0.94333921,0.94867290,0.95388486,0.95863669,0.96264339,0.96569816,0.96768303,0.96856402,0.96837290,0.96718161,0.96507720,0.96214452,0.95846207,0.95411206,0.94920184,0.94388991,0.93840745,0.93306619,0.92824635,0.92436267,0.92181261,0.92091574,0.92185654,0.92464280,0.92908944,0.93483263,0.94137273,0.94813882,0.95456271,0.96014804,0.96452169,0.96745897,0.96888044,0.96882561,0.96741325,0.96480094,0.96115530,0.95664041,0.95142611,0.94571173,0.93975500,0.93389376,0.92854809,0.92419563,0.92131928,0.92033473,0.92151100,0.92490105,0.93029823,0.93723031,0.94499529
0.94451204,0.94009453,0.93703215,0.93596463,0.93730006,0.94112097,0.94713637,0.95469422,0.96285642,0.97052558,0.97660104,0.98013602,0.98046771,0.97729959,0.97072571,0.96119858,0.94945200,0.93639687,0.92300978,0.91023252,0.89889563,0.88967174,0.88305732,0.87937582,0.87879176,0.88132605,0.88686551,0.89516439,0.90584010,0.91836941,0.93209247,0.94623159,0.95992868,0.97230104,0.98251080,0.98983963,0.99375884,0.99398478,0.99051168,0.98361752,0.97384210,0.96194039,0.94881729,0.93545158,0.92281708,0.91180872,0.90317904,0.89748907,0.89507563,0.89603554,0.90022621,0.90728146,0.91664079,0.92759028,0.93931273,0.95094407,0.96163270,0.97059776,0.97718218,0.98089676,0.98145215,0.97877659,0.97301851,0.96453408,0.95386088,0.94167979,0.92876786,0.91594526,0.90401958,0.89373076,0.88569997,0.88038583,0.87805156,0.87874622,0.88230261,0.88835279,0.89636088,0.90567045,0.91556252,0.92531851,0.93428154,0.94190935,0.94781286,0.95177648,0.95375877,0.95387536,0.95236836,0.94956806,0.94585310,0.94161432,0.93722604,0.93302642,0.92930623,0.92630381,0.92420252,0.92312725,0.92313742,0.92421623,0.92625807,0.92905767
0.93587839,0.94663830,0.95345042,0.95532424,0.95144770,0.94137479,0.92518969,0.90360676,0.87797699,0.85019052,0.82248668,0.79720141,0.77649376,0.76209541,0.75512029,0.75595867,0.76426324,0.77901939,0.79867922,0.82133322,0.84489320,0.86726537,0.88650020,0.90091313,0.90917640,0.91038519,0.90410212,0.89038221,0.86977761,0.84331821,0.81246304,0.77901854,0.74502386,0.71260946,0.68384099,0.66056438,0.64426872,0.63598142,0.63620533,0.64490158,0.66151590,0.68504096,0.71410377,0.74706658,0.78213125,0.81744026,0.85117136,0.88162547,0.90730827,0.92700536,0.93984839,0.94536780,0.94352536,0.93471991,0.91976082,0.89980737,0.87627708,0.85073161,0.82475298,0.79982504,0.77723426,0.75800051,0.74284277,0.73217901,0.72615358,0.72468196,0.72750114,0.73421543,0.74433075,0.75727585,0.77241325,0.78904657,0.80643224,0.82380198,0.84039936,0.85552886,0.86861114,0.87923534,0.88719785,0.89251880,0.89543110,0.89634212,0.89577323,0.89428698,0.89241408,0.89059217,0.88912563,0.88817126,0.88774872,0.88777017,0.88808013,0.88849601,0.88884079,0.88896318,0.88874365,0.88808948,0.88692412,0.88517780,0.88278476,0.87969017
0.92360361,0.91995447,0.91526687,0.90940687,0.90213236,0.89318004,0.88236096,0.86964662,0.85523013,0.83955224,0.82328807,0.80729639,0.79253915,0.77998293,0.77049610,0.76475511,0.76317097,0.76584369,0.77254880,0.78275692,0.79568433,0.81036915,0.82576476,0.84083901,0.85466713,0.86650673,0.87584683,0.88242703,0.88622751,0.88743473,0.88639028,0.88353261,0.87934081,0.87428895,0.86881557,0.86330955,0.85810894,0.85350692,0.84975784,0.84707769,0.84563592,0.84553886,0.84680859,0.84936307,0.85300480,0.85742413,0.86222091,0.86694422,0.87114560,0.87443775,0.87654875,0.87736200,0.87693474,0.87549153,0.87339405,0.87109242,0.86906654,0.86776727,0.86756630,0.86872143,0.87136036,0.87548214,0.88097266,0.88762816,0.89518099,0.90332268,0.91172191,0.92003738,0.92792763,0.93506090,0.94112787,0.94585883,0.94904485,0.95056041,0.95038347,0.94860794,0.94544455,0.94120766,0.93628851,0.93111820,0.92612590,0.92169846,0.91814756,0.91568829,0.91443109,0.91438637,0.91547882,0.91756718,0.92046495,0.92395826,0.92781895,0.93181308,0.93570677,0.93927186,0.94229360,0.94458134,0.94598130,0.94638926,0.94575967,0.94410788
0.96015964,0.96079708,0.96153464,0.96263240,0.96423349,0.96631437,0.96865580,0.97084456,0.97231140,0.97240402,0.97048625,0.96604751,0.95880290,0.94876531,0.93627566,0.92198497,0.90679058,0.89173598,0.87788978,0.86622270,0.85750173,0.85221741,0.85055383,0.85240213,0.85740981,0.86505223,0.87470974,0.88573585,0.89750596,0.90944258,0.92101916,0.93174977,0.94117511,0.94885582,0.95438128,0.95739721,0.95764901,0.95503235,0.94963874,0.94178358,0.93200670,0.92104061,0.90974811,0.89903719,0.88976611,0.88265396,0.87821135,0.87670155,0.87813676,0.88230681,0.88883177,0.89722608,0.90696111,0.91751494,0.92840259,0.93918545,0.94946404,0.95886217,0.96701271,0.97355382,0.97814106,0.98047580,0.98034476,0.97766184,0.97250136,0.96511316,0.95591318,0.94544845,0.93434102,0.92322017,0.91265529,0.90310175,0.89486961,0.88811975,0.88288604,0.87911660,0.87672324,0.87562724,0.87579079,0.87722766,0.87999141,0.88414515,0.88972117,0.89668107,0.90488705,0.91409166,0.92394920,0.93404616,0.94394369,0.95322266,0.96152121,0.96855765,0.97413499,0.97812846,0.98046168,0.98107963,0.97992749,0.97694217,0.97205997,0.96523907
0.88869359,0.89286293,0.89824156,0.90442700,0.91098828,0.91752017,0.92367816,0.92919442,0.93387826,0.93760717,0.94031403,0.94197534,0.94260314,0.94224140,0.94096596,0.93888555,0.93614142,0.93290349,0.92936229,0.92571778,0.92216666,0.91889040,0.91604474,0.91375122,0.91209023,0.91109528,0.91074879,0.91097974,0.91166440,0.91263127,0.91367141,0.91455521,0.91505537,0.91497446,0.91417394,0.91259973,0.91029966,0.90742867,0.90423972,0.90106080,0.89826083,0.89620914,0.89523452,0.89558964,0.89742590,0.90078150,0.90558314,0.91165911,0.91875997,0.92658223,0.93479104,0.94303911,0.95098096,0.95828319,0.96463285,0.96974625,0.97338026,0.97534663,0.97552865,0.97389726,0.97052332,0.96558250,0.95934976,0.95218251,0.94449330,0.93671504,0.92926354,0.92250283,0.91671817,0.91210009,0.90874095,0.90664256,0.90573227,0.90588339,0.90693578,0.90871354,0.91103755,0.91373298,0.91663298,0.91958108,0.92243432,0.92506883,0.92738761,0.92932937,0.93087612,0.93205716,0.93294722,0.93365793,0.93432274,0.93507737,0.93603898,0.93728807,0.93885671,0.94072512,0.94282663,0.94505877,0.94729691,0.94940612,0.95124813,0.95268131
0.88553707,0.87942157,0.87562724,0.87468681,0.87681539,0.88186783,0.88933962,0.89841739,0.90807700,0.91721832,0.92481657,0.93006542,0.93248696,0.93198971,0.92886583,0.92372983,0.91741179,0.91082485,0.90483094,0.90012725,0.89717148,0.89615511,0.89702397,0.89953546,0.90333533,0.90803411,0.91326668,0.91872420,0.92415654,0.92935091,0.93409859,0.93816371,0.94126732,0.94309485,0.94332891,0.94170184,0.93805682,0.93240303,0.92495121,0.91611925,0.90650413,0.89682327,0.88783481,0.88025029,0.87465449,0.87144522,0.87080113,0.87268021,0.87684550,0.88291010,0.89039121,0.89876294,0.90750041,0.91611079,0.92415185,0.93124108,0.93706078,0.94136371,0.94398251,0.94484289,0.94397810,0.94153985,0.93780023,0.93314013,0.92802211,0.92294885,0.91841207,0.91483907,0.91254534,0.91170083,0.91231519,0.91424381,0.91721284,0.92085838,0.92477266,0.92855003,0.93182634,0.93430762,0.93578703,0.93615132,0.93537994,0.93353998,0.93077954,0.92732031,0.92344851,0.91950228,0.91585300,0.91287898,0.91093146,0.91029529,0.91114883,0.91352960,0.91731211,0.92220356,0.92776009,0.93342270,0.93856822,0.94256825,0.94484732,0.94493252
0.97318563,0.97649691,0.97924706,0.98111605,0.98184537,0.98129134,0.97944362,0.97641071,0.97238275,0.96758710,0.96225126,0.95658275,0.95076842,0.94498829,0.93943456,0.93432453,0.92989847,0.92639829,0.92402931,0.92291433,0.92305308,0.92430050,0.92637300,0.92888434,0.93140479,0.93353093,0.93495053,0.93548862,0.93512481,0.93397920,0.93227132,0.93026299,0.92819973,0.92626530,0.92455971,0.92310455,0.92187129,0.92082254,0.91995288,0.91931654,0.91903334,0.91927033,0.92020338,0.92196872,0.92461752,0.92808631,0.93219215,0.93665520,0.94114429,0.94533537,0.94896930,0.95189597,0.95409497,0.95566863,0.95681018,0.95775514,0.95872785,0.95989561,0.96134002,0.96305039,0.96493818,0.96686640,0.96868449,0.97025891,0.97149161,0.97232273,0.97271900,0.97265376,0.97208695,0.97095368,0.96916716,0.96663758,0.96330379,0.95916996,0.95433787,0.94902490,0.94356086,0.93836146,0.93388159,0.93055653,0.92874225,0.92866584,0.93039520,0.93383216,0.93872869,0.94472105,0.95137393,0.95822564,0.96482680,0.97076807,0.97569655,0.97932364,0.98142955,0.98186903,0.98058092,0.97760100,0.97307387,0.96725769,0.96051484,0.95328330
0.97940692,0.97268094,0.96516059,0.95743318,0.94986892,0.94263875,0.93578999,0.92935642,0.92346858,0.91842841,0.91472058,0.91295035,0.91371863,0.91746301,0.92430406,0.93393646,0.94559557,0.95811448,0.97006737,0.97997582,0.98653948,0.98884549,0.98651426,0.97975274,0.96930701,0.95632743,0.94217712,0.92822369,0.91565428,0.90534530,0.89780452,0.89318626,0.89136454,0.89203815,0.89483723,0.89940489,0.90543783,0.91268318,0.92090188,0.92981756,0.93907293,0.94821226,0.95670043,0.96397810,0.96954154,0.97302841,0.97428749,0.97341420,0.97074147,0.96678644,0.96216369,0.95748360,0.95325739,0.94982827,0.94734172,0.94575820,0.94490148,0.94452804,0.94439879,0.94433558,0.94425036,0.94414283,0.94407105,0.94410650,0.94428823,0.94459107,0.94491767,0.94511767,0.94502886,0.94452888,0.94358245,0.94227034,0.94079060,0.93943008,0.93851171,0.93832949,0.93908632,0.94084982,0.94353695,0.94693142,0.95072995,0.95460584,0.95827471,0.96154638,0.96435129,0.96673582,0.96882931,0.97079193,0.97275739,0.97478553,0.97683664,0.97877424,0.98039468,0.98147527,0.98182719,0.98133838,0.97999419,0.97787000,0.97509726,0.97181178
0.93832312,0.94008233,0.94230138,0.94511451,0.94844020,0.95199949,0.95538496,0.95816574,0.96000358,0.96074933,0.96049194,0.95954318,0.95835783,0.95740655,0.95703129,0.95731805,0.95801883,0.95854453,0.95803624,0.95550570,0.95002016,0.94089557,0.92785780,0.91113776,0.89147951,0.87005974,0.84833509,0.82784759,0.81002479,0.79600984,0.78654871,0.78194879,0.78210851,0.78660315,0.79480207,0.80598854,0.81945653,0.83456812,0.85076713,0.86755678,0.88445761,0.90096550,0.91652820,0.93055209,0.94244207,0.95166759,0.95783984,0.96078150,0.96057106,0.95754951,0.95228557,0.94550509,0.93799786,0.93051980,0.92370884,0.91802877,0.91374893,0.91095903,0.90961092,0.90957393,0.91068884,0.91280755,0.91581056,0.91960113,0.92408138,0.92912037,0.93452634,0.94003341,0.94530929,0.94998436,0.95369705,0.95614606,0.95713836,0.95662260,0.95470107,0.95161797,0.94772673,0.94344386,0.93919885,0.93538952,0.93234964,0.93033156,0.92950206,0.92994672,0.93167657,0.93463172,0.93867882,0.94360279,0.94909654,0.95475520,0.96008207,0.96451191,0.96745350,0.96834812,0.96673610,0.96232008,0.95501355,0.94496488,0.93255143,0.91834335
0.88561259,0.87780244,0.87186231,0.86827373,0.86727970,0.86887996,0.87285128,0.87879223,0.88618801,0.89448678,0.90317522,0.91183972,0.92020183,0.92812200,0.93557276,0.94258890,0.94920671,0.95540584,0.96106711,0.96595624,0.96973898,0.97202615,0.97244034,0.97069025,0.96663667,0.96033567,0.95205029,0.94222846,0.93145223,0.92036799,0.90961088,0.89973697,0.89117461,0.88420245,0.87895482,0.87544955,0.87362781,0.87339424,0.87464655,0.87728802,0.88122142,0.88632812,0.89244040,0.89931675,0.90662999,0.91397513,0.92089913,0.92694922,0.93173129,0.93496696,0.93653729,0.93650373,0.93510114,0.93270335,0.92976739,0.92676638,0.92412361,0.92215964,0.92106111,0.92087533,0.92152892,0.92286441,0.92468508,0.92679808,0.92904680,0.93132730,0.93358755,0.93581269,0.93800280,0.94015098,0.94222870,0.94418299,0.94594602,0.94745436,0.94867156,0.94960719,0.95032530,0.95093825,0.95158538,0.95239979,0.95347027,0.95480677,0.95631771,0.95780523,0.95898073,0.95949891,0.95900445,0.95718276,0.95380558,0.94876301,0.94207700,0.93389513,0.92446759,0.91411338,0.90318338,0.89202744,0.88097087,0.87030245,0.86027246,0.85109635
0.97000261,0.97329889,0.97601191,0.97833482,0.98025558,0.98150706,0.98159540,0.97990627,0.97586809,0.96913466,0.95974206,0.94819835,0.93547884,0.92292098,0.91203537,0.90426741,0.90075429,0.90212208,0.90835975,0.91879132,0.93214938,0.94673446,0.96063057,0.97193955,0.97899695,0.98054001,0.97581078,0.96459149,0.94718114,0.92432977,0.89714946,0.86701827,0.83548834,0.80420266,0.77481941,0.74893915,0.72802954,0.71334452,0.70583934,0.70608797,0.71421378,0.72984608,0.75211409,0.77968528,0.81084916,0.84364066,0.87599118,0.90589165,0.93154969,0.95152462,0.96482688,0.97097392,0.97000017,0.96242413,0.94917965,0.93152104,0.91091259,0.88891303,0.86706418,0.84679150,0.82932207,0.81562335,0.80636412,0.80189764,0.80226591,0.80722278,0.81627268,0.82872098,0.84373117,0.86038432,0.87773690,0.89487411,0.91095651,0.92525889,0.93720035,0.94636525,0.95251514,0.95559158,0.95571017,0.95314557,0.94830782,0.94171061,0.93393337,0.92558038,0.91724061,0.90945241,0.90267625,0.89727765,0.89352090,0.89157224,0.89150995,0.89333736,0.89699464,0.90236614,0.90928148,0.91751109,0.92675867,0.93665440,0.94675331,0.95654197
0.97572210,0.98352188,0.98947755,0.99280578,0.99277485,0.98876516,0.98033623,0.96729792,0.94977867,0.92827954,0.90369957,0.87731901,0.85073166,0.82572581,0.80412298,0.78759186,0.77746083,0.77455484,0.77908077,0.79057991,0.80795716,0.82958470,0.85346597,0.87743639,0.89937228,0.91738099,0.92995067,0.93604756,0.93515789,0.92727992,0.91287779,0.89281124,0.86825499,0.84061774,0.81146567,0.78244974,0.75523266,0.73141047,0.71242594,0.69947515,0.69341382,0.69467416,0.70320576,0.71845312,0.73937939,0.76453912,0.79219569,0.82047098,0.84750978,0.87163831,0.89149791,0.90613848,0.91506359,0.91822608,0.91598099,0.90900738,0.89821398,0.88464275,0.86938214,0.85349667,0.83797522,0.82369577,0.81140223,0.80168798,0.79498242,0.79153889,0.79142567,0.79452347,0.80053395,0.80900262,0.81935706,0.83095852,0.84316162,0.85537486,0.86711334,0.87803585,0.88796086,0.89685943,0.90482754,0.91204403,0.91872215,0.92506329,0.93121951,0.93726911,0.94320679,0.94894696,0.95433739,0.95917869,0.96324562,0.96630679,0.96814163,0.96855510,0.96739158,0.96454955,0.95999682,0.95378480,0.94605846,0.93705826,0.92711057,0.91660473
0.97373965,0.97643459,0.97719142,0.97630168,0.97410782,0.97092311,0.96697097,0.96236015,0.95710305,0.95117197,0.94457706,0.93744234,0.93005644,0.92288060,0.91650784,0.91157891,0.90867152,0.90818604,0.91025306,0.91468477,0.92098358,0.92840899,0.93609061,0.94316438,0.94890414,0.95282254,0.95472287,0.95469493,0.95306005,0.95028020,0.94685273,0.94321359,0.93966850,0.93636383,0.93329877,0.93037076,0.92743861,0.92438503,0.92116252,0.91781198,0.91445159,0.91124138,0.90833505,0.90583334,0.90375256,0.90201733,0.90047974,0.89896031,0.89729985,0.89540903,0.89330276,0.89111057,0.88905993,0.88743613,0.88652808,0.88657246,0.88770915,0.88995773,0.89321968,0.89730425,0.90197083,0.90697667,0.91211839,0.91725792,0.92232768,0.92731558,0.93223535,0.93709140,0.94184857,0.94641552,0.95064677,0.95436324,0.95738627,0.95957670,0.96086878,0.96129035,0.96096351,0.96008513,0.95889131,0.95761411,0.95644049,0.95548320,0.95476992,0.95425255,0.95383365,0.95340282,0.95287370,0.95221226,0.95144970,0.95067697,0.95002271,0.94962052,0.94957396,0.94992807,0.95065432,0.95165229,0.95276703,0.95381687,0.95462407,0.95503983
0.95869066,0.95541110,0.95310249,0.95236578,0.95342971,0.95609938,0.95979896,0.96370167,0.96691931,0.96870784,0.96864043,0.96670663,0.96331460,0.95919719,0.95524530,0.95230732,0.95099957,0.95156846,0.95383300,0.95721866,0.96087367,0.96384114,0.96524908,0.96447756,0.96126997,0.95576925,0.94847813,0.94015805,0.93169248,0.92394487,0.91763882,0.91328012,0.91112883,0.91121766,0.91340304,0.91742996,0.92299168,0.92977058,0.93745425,0.94572918,0.95426155,0.96267757,0.97055577,0.97743911,0.98286915,0.98643705,0.98784115,0.98693825,0.98377615,0.97859933,0.97182504,0.96399348,0.95570106,0.94752862,0.93997709,0.93342061,0.92808273,0.92403631,0.92122295,0.91948508,0.91860250,0.91832663,0.91840790,0.91861480,0.91874589,0.91863770,0.91817186,0.91728350,0.91597091,0.91430411,0.91242864,0.91056051,0.90896972,0.90795190,0.90779052,0.90871451,0.91085823,0.91423073,0.91870073,0.92400068,0.92975015,0.93549483,0.94075495,0.94507553,0.94807124,0.94946065,0.94908710,0.94692617,0.94308174,0.93777409,0.93132330,0.92413038,0.91665728,0.90940483,0.90288699,0.89759955,0.89398245,0.89237700,0.89298138,0.89581046
0.98324191,0.98553979,0.98819848,0.99098777,0.99360064,0.99573231,0.99714299,0.99769381,0.99735398,0.99618395,0.99430409,0.99185984,0.98899254,0.98582229,0.98244428,0.97893610,0.97537011,0.97182370,0.96838223,0.96513238,0.96214861,0.95947781,0.95712839,0.95506855,0.95323512,0.95155188,0.94995303,0.94840597,0.94692728,0.94558671,0.94449695,0.94379057,0.94358985,0.94397699,0.94497260,0.94652803,0.94853310,0.95083706,0.95327728,0.95570848,0.95802517,0.96017183,0.96213843,0.96394313,0.96560745,0.96713188,0.96847952,0.96957336,0.97030894,0.97057974,0.97030936,0.96948193,0.96816255,0.96650120,0.96471720,0.96306635,0.96179702,0.96110455,0.96109411,0.96176036,0.96298846,0.96457630,0.96627314,0.96782612,0.96902474,0.96973378,0.96990848,0.96958995,0.96888385,0.96792872,0.96686277,0.96579729,0.96480261,0.96390935,0.96312298,0.96244658,0.96190390,0.96155496,0.96149829,0.96185807,0.96275859,0.96429245,0.96649055,0.96930190,0.97258904,0.97614129,0.97970418,0.98301942,0.98586690,0.98809962,0.98966340,0.99059729,0.99101461,0.99106969,0.99091811,0.99067923,0.99040882,0.99008629,0.98961750,0.98885016
0.95240542,0.94864565,0.94537402,0.94299446,0.94175406,0.94173174,0.94284135,0.94485015,0.94741352,0.95012418,0.95257065,0.95439601,0.95534630,0.95529969,0.95427087,0.95239079,0.94986594,0.94692597,0.94377039,0.94052682,0.93723111,0.93383531,0.93024247,0.92635967,0.92215521,0.91770441,0.91321141,0.90899984,0.90547318,0.90305176,0.90209928,0.90285428,0.90538170,0.90955589,0.91507951,0.92153432,0.92845242,0.93539210,0.94200195,0.94806058,0.95348535,0.95831104,0.96264579,0.96661674,0.97031932,0.97378275,0.97695931,0.97973858,0.98198086,0.98355937,0.98439902,0.98450109,0.98394713,0.98288162,0.98147805,0.97989836,0.97825684,0.97659919,0.97490281,0.97309892,0.97111068,0.96889744,0.96649275,0.96402544,0.96171684,0.95985274,0.95873500,0.95862331,0.95967976,0.96192944,0.96524605,0.96936572,0.97392589,0.97851996,0.98275569,0.98630472,0.98893343,0.99051005,0.99098895,0.99037877,0.98870504,0.98597913,0.98218347,0.97727772,0.97122506,0.96403133,0.95578637,0.94669558,0.93709158,0.92742016,0.91820063,0.90996635,0.90319656,0.89825285,0.89533291,0.89445022,0.89544214,0.89800235,0.90172838,0.90617235
0.88907445,0.88456762,0.87954250,0.87382896,0.86710033,0.85901995,0.84939308,0.83829078,0.82611762,0.81360628,0.80173770,0.79160238,0.78423122,0.78043107,0.78065771,0.78495017,0.79293688,0.80390995,0.81695101,0.83108330,0.84541996,0.85928096,0.87225811,0.88422009,0.89526238,0.90561856,0.91555603,0.92528028,0.93486739,0.94423644,0.95316365,0.96133097,0.96839448,0.97405498,0.97811405,0.98050390,0.98128687,0.98062820,0.97875202,0.97589340,0.97225923,0.96800697,0.96324513,0.95805303,0.95251247,0.94674088,0.94091549,0.93528091,0.93013676,0.92580780,0.92260278,0.92077144,0.92046906,0.92173603,0.92449629,0.92857341,0.93371952,0.93964921,0.94607035,0.95270540,0.95930054,0.96562322,0.97145258,0.97656897,0.98074900,0.98377107,0.98543280,0.98557836,0.98412967,0.98111385,0.97667908,0.97109338,0.96472455,0.95800362,0.95137779,0.94526137,0.93999362,0.93581104,0.93283861,0.93110010,0.93054325,0.93107236,0.93257942,0.93496612,0.93815197,0.94206802,0.94663962,0.95176480,0.95729592,0.96303196,0.96872557,0.97410552,0.97891044,0.98292634,0.98601827,0.98814771,0.98936970,0.98980878,0.98961765,0.98892664
0.94649551,0.93533094,0.92521090,0.91667409,0.90996004,0.90502933,0.90162973,0.89939274,0.89793927,0.89697166,0.89633427,0.89603272,0.89621236,0.89710480,0.89895760,0.90196391,0.90620695,0.91162925,0.91802920,0.92508053,0.93236594,0.93941443,0.94573489,0.95084232,0.95427796,0.95562728,0.95454063,0.95076017,0.94415354,0.93475123,0.92278035,0.90868517,0.89312445,0.87693892,0.86108795,0.84656152,0.83427947,0.82499334,0.81920607,0.81712201,0.81863411,0.82334890,0.83064314,0.83974098,0.84979765,0.85997696,0.86951290,0.87775175,0.88417566,0.88841251,0.89023825,0.88957703,0.88650188,0.88123557,0.87414769,0.86574227,0.85663023,0.84748381,0.83897498,0.83170465,0.82613389,0.82252959,0.82093555,0.82117652,0.82289630,0.82562496,0.82886372,0.83217173,0.83523827,0.83792654,0.84028178,0.84250416,0.84489417,0.84778353,0.85146619,0.85614326,0.86189149,0.86865961,0.87629001,0.88455749,0.89321311,0.90202090,0.91077876,0.91932043,0.92750177,0.93517934,0.94219156,0.94835151,0.95345762,0.95732291,0.95981771,0.96091551,0.96072875,0.95952168,0.95769199,0.95571957,0.95408938,0.95320167,0.95328680,0.95434199
0.96699764,0.96659146,0.96710398,0.96831905,0.96966065,0.97034297,0.96957373,0.96676735,0.96171863,0.95469327,0.94640923,0.93790946,0.93035340,0.92477486,0.92186116,0.92180299,0.92424798,0.92836895,0.93303339,0.93703944,0.93936770,0.93939394,0.93701530,0.93266308,0.92720157,0.92173896,0.91739504,0.91507774,0.91531521,0.91817594,0.92328842,0.92994995,0.93729538,0.94448397,0.95086071,0.95605666,0.96000961,0.96290715,0.96507281,0.96682875,0.96837192,0.96969506,0.97057153,0.97060612,0.96933787,0.96636791,0.96147992,0.95472313,0.94643772,0.93721697,0.92781588,0.91902826,0.91156057,0.90593038,0.90240992,0.90102373,0.90159582,0.90383061,0.90740430,0.91204279,0.91756702,0.92389638,0.93101241,0.93889558,0.94745472,0.95647043,0.96556955,0.97423985,0.98188327,0.98789651,0.99176122,0.99312346,0.99184552,0.98801961,0.98194224,0.97405736,0.96488296,0.95493883,0.94469147,0.93452619,0.92474822,0.91560677,0.90732990,0.90015570,0.89434729,0.89018414,0.88792942,0.88778098,0.88981866,0.89396344,0.89996149,0.90740037,0.91575625,0.92446284,0.93298682,0.94089243,0.94788054,0.95379324,0.95858375,0.96225976
0.94103482,0.93652715,0.93225554,0.92786193,0.92291285,0.91704062,0.91006327,0.90205659,0.89336303,0.88453641,0.87623553,0.86909082,0.86357332,0.85989383,0.85795286,0.85735000,0.85744897,0.85748358,0.85668311,0.85439401,0.85017771,0.84387050,0.83559932,0.82575514,0.81493254,0.80384875,0.79325721,0.78386893,0.77629077,0.77098447,0.76824530,0.76819683,0.77079682,0.77585041,0.78302742,0.79188212,0.80187472,0.81239514,0.82279027,0.83239569,0.84057238,0.84674691,0.85045230,0.85136609,0.84934176,0.84443023,0.83688901,0.82717670,0.81593181,0.80393577,0.79206167,0.78121186,0.77224925,0.76592760,0.76282742,0.76330359,0.76745081,0.77509158,0.78578892,0.79888310,0.81354835,0.82886281,0.84388401,0.85772134,0.86959846,0.87890015,0.88520062,0.88827346,0.88808596,0.88478261,0.87866283,0.87015708,0.85980339,0.84822437,0.83610295,0.82415476,0.81309514,0.80359981,0.79626060,0.79153937,0.78972610,0.79090805,0.79495682,0.80153810,0.81014487,0.82015124,0.83087992,0.84167434,0.85196553,0.86132460,0.86949410,0.87639452,0.88210689,0.88683593,0.89086148,0.89448735,0.89799544,0.90161050,0.90547770,0.90965168
0.91051145,0.90458690,0.89752726,0.88990544,0.88211063,0.87435809,0.86674385,0.85932305,0.85218546,0.84550321,0.83953404,0.83457650,0.83088759,0.82858483,0.82755989,0.82742940,0.82754049,0.82703663,0.82497607,0.82048348,0.81290726,0.80195278,0.78776603,0.77095108,0.75251825,0.73377234,0.71616103,0.70110904,0.68986407,0.68337547,0.68221898,0.68657097,0.69622694,0.71065288,0.72905468,0.75045202,0.77374636,0.79777844,0.82137563,0.84339339,0.86275682,0.87850669,0.88985134,0.89622157,0.89732188,0.89316918,0.88411008,0.87081021,0.85421293,0.83546966,0.81584890,0.79663452,0.77902563,0.76404990,0.75249922,0.74489300,0.74146979,0.74220418,0.74684326,0.75495570,0.76598625,0.77930957,0.79427902,0.81026804,0.82670321,0.84308922,0.85902577,0.87421611,0.88846658,0.90167701,0.91382254,0.92492909,0.93504555,0.94421687,0.95246198,0.95976031,0.96604965,0.97123593,0.97521353,0.97789190,0.97922287,0.97922253,0.97798291,0.97567131,0.97251751,0.96879211,0.96478038,0.96075683,0.95696513,0.95360630,0.95083591,0.94876815,0.94748265,0.94702893,0.94742427,0.94864268,0.95059616,0.95311199,0.95591246,0.95860409
0.94499388,0.94057317,0.93634053,0.93272736,0.93004855,0.92845666,0.92792402,0.92826082,0.92916797,0.93031315,0.93141120,0.93228788,0.93291029,0.93337663,0.93386853,0.93457884,0.93563421,0.93703308,0.93861717,0.94008661,0.94105840,0.94115605,0.94010927,0.93783844,0.93450195,0.93049280,0.92638332,0.92282870,0.92044945,0.91971735,0.92086876,0.92386303,0.92839390,0.93394989,0.93990899,0.94564581,0.95062778,0.95448131,0.95701720,0.95821499,0.95817563,0.95705861,0.95502181,0.95218044,0.94859477,0.94428815,0.93928795,0.93367567,0.92762992,0.92144771,0.91553545,0.91036866,0.90642787,0.90412439,0.90373223,0.90534168,0.90884495,0.91395672,0.92026474,0.92729859,0.93460131,0.94178846,0.94858301,0.95482098,0.96042996,0.96538930,0.96968460,0.97327017,0.97604986,0.97788170,0.97860503,0.97808275,0.97624721,0.97313726,0.96891601,0.96386355,0.95834535,0.95276293,0.94749764,0.94285983,0.93905407,0.93616691,0.93417824,0.93299179,0.93247598,0.93250429,0.93298519,0.93387464,0.93516961,0.93688621,0.93903032,0.94157014,0.94441910,0.94743410,0.95042950,0.95320267,0.95556379,0.95736100,0.95849302,0.95890477
0.92737047,0.92863956,0.93060100,0.93349625,0.93755446,0.94292403,0.94959496,0.95733537,0.96566471,0.97387910,0.98113183,0.98655792,0.98941995,0.98924543,0.98592714,0.97976438,0.97143519,0.96190271,0.95227236,0.94362564,0.93686160,0.93257433,0.93098746,0.93195370,0.93501391,0.93949870,0.94464834,0.94972608,0.95410432,0.95731180,0.95904014,0.95911764,0.95746505,0.95405077,0.94886062,0.94189209,0.93317404,0.92280538,0.91099945,0.89811853,0.88468492,0.87135981,0.85888961,0.84802677,0.83943884,0.83362284,0.83084130,0.83109250,0.83412041,0.83946195,0.84652186,0.85466034,0.86327718,0.87187777,0.88011152,0.88777948,0.89481446,0.90124207,0.90713399,0.91256490,0.91758197,0.92219190,0.92636490,0.93005122,0.93320261,0.93579114,0.93781955,0.93932046,0.94034558,0.94094897,0.94117017,0.94102305,0.94049502,0.93955805,0.93818982,0.93639990,0.93425405,0.93188962,0.92951706,0.92740545,0.92585383,0.92515298,0.92554419,0.92718254,0.93011081,0.93424871,0.93939850,0.94526510,0.95148601,0.95766504,0.96340422,0.96832984,0.97211091,0.97447070,0.97519317,0.97412696,0.97118934,0.96637128,0.95974345,0.95146114
0.98202876,0.97662282,0.97109978,0.96553442,0.95987869,0.95403340,0.94791555,0.94150614,0.93487021,0.92814866,0.92152816,0.91519995,0.90931926,0.90397550,0.89917922,0.89486649,0.89091718,0.88718015,0.88349839,0.87972845,0.87575192,0.87147954,0.86685088,0.86183288,0.85642010,0.85063786,0.84454770,0.83825341,0.83190470,0.82569591,0.81985801,0.81464395,0.81030961,0.80709383,0.80520139,0.80479182,0.80597494,0.80881211,0.81332072,0.81947869,0.82722634,0.83646401,0.84704553,0.85876990,0.87137449,0.88453429,0.89787032,0.91096883,0.92340958,0.93479944,0.94480552,0.95318196,0.95978548,0.96457713,0.96761016,0.96900718,0.96893182,0.96756152,0.96506727,0.96160459,0.95731654,0.95234625,0.94685436,0.94103470,0.93512277,0.92939281,0.92414217,0.91966500,0.91621985,0.91399785,0.91309842,0.91351797,0.91515428,0.91782579,0.92130181,0.92533745,0.92970665,0.93422734,0.93877483,0.94328204,0.94772793,0.95211778,0.95646048,0.96074833,0.96494382,0.96897570,0.97274426,0.97613335,0.97902550,0.98131618,0.98292407,0.98379561,0.98390353,0.98324048,0.98180984,0.97961621,0.97665798,0.97292348,0.96839114,0.96303296
0.97521751,0.97472694,0.97511387,0.97622654,0.97762241,0.97866751,0.97867309,0.97704356,0.97340706,0.96770307,0.96020974,0.95150571,0.94237502,0.93367541,0.92619679,0.92053730,0.91701872,0.91565399,0.91616921,0.91807264,0.92075547,0.92360398,0.92610152,0.92790165,0.92886064,0.92902726,0.92859676,0.92784306,0.92704619,0.92643058,0.92612603,0.92615677,0.92645780,0.92691158,0.92739401,0.92781692,0.92815588,0.92845638,0.92881778,0.92935992,0.93018195,0.93132431,0.93274397,0.93430968,0.93581943,0.93703699,0.93773972,0.93776703,0.93705787,0.93566846,0.93376558,0.93159642,0.92944134,0.92755899,0.92613537,0.92524693,0.92484511,0.92476530,0.92475781,0.92453399,0.92381776,0.92239192,0.92013084,0.91701442,0.91312279,0.90861543,0.90370094,0.89860558,0.89354758,0.88872264,0.88430215,0.88044217,0.87729771,0.87503570,0.87384001,0.87390454,0.87541352,0.87851189,0.88327131,0.88965899,0.89751655,0.90655456,0.91636566,0.92645550,0.93628735,0.94533338,0.95312485,0.95929369,0.96360070,0.96594782,0.96637533,0.96504644,0.96222343,0.95823938,0.95346918,0.94830230,0.94311780,0.93826111,0.93402105,0.93060616
0.92900689,0.92621202,0.92496971,0.92519767,0.92646055,0.92808979,0.92934172,0.92956267,0.92832854,0.92553131,0.92139565,0.91642428,0.91128644,0.90667585,0.90317004,0.90112056,0.90059493,0.90137919,0.90303710,0.90501082,0.90674029,0.90777516,0.90785561,0.90694592,0.90521610,0.90297925,0.90060194,0.89841032,0.89661344,0.89525999,0.89423607,0.89330168,0.89215575,0.89051306,0.88817459,0.88507464,0.88129430,0.87703886,0.87258588,0.86821719,0.86415116,0.86049108,0.85720094,0.85411328,0.85096707,0.84746659,0.84334838,0.83844163,0.83270948,0.82626313,0.81934724,0.81230124,0.80550587,0.79932677,0.79406606,0.78993042,0.78701976,0.78533570,0.78480516,0.78531110,0.78672201,0.78891276,0.79177288,0.79520219,0.79909745,0.80333592,0.80776264,0.81218658,0.81638892,0.82014338,0.82324543,0.82554508,0.82697625,0.82757657,0.82749273,0.82696981,0.82632624,0.82591827,0.82610001,0.82718457,0.82941159,0.83292457,0.83775968,0.84384588,0.85101432,0.85901415,0.86753175,0.87621095,0.88467354,0.89253990,0.89945014,0.90508571,0.90919000,0.91158613,0.91218915,0.91101047,0.90815288,0.90379531,0.89816814,0.89152146
0.88564208,0.88804423,0.89256550,0.89891751,0.90670300,0.91545453,0.92465667,0.93375807,0.94218482,0.94936650,0.95478156,0.95802038,0.95885565,0.95730411,0.95366169,0.94849803,0.94260352,0.93689226,0.93227442,0.92951982,0.92913827,0.93130025,0.93581350,0.94215920,0.94957865,0.95719114,0.96411899,0.96959643,0.97304530,0.97410951,0.97265057,0.96871480,0.96248839,0.95425678,0.94438071,0.93329304,0.92151161,0.90965554,0.89844946,0.88870143,0.88124707,0.87686140,0.87614960,0.87943569,0.88667216,0.89739223,0.91071979,0.92544182,0.94013554,0.95333150,0.96368644,0.97013815,0.97201840,0.96910833,0.96163219,0.95019619,0.93568868,0.91916291,0.90172396,0.88443713,0.86826684,0.85404639,0.84247104,0.83410232,0.82937103,0.82857004,0.83183342,0.83910556,0.85010929,0.86432539,0.88099528,0.89915509,0.91770255,0.93549019,0.95143198,0.96460632,0.97433848,0.98024916,0.98226252,0.98057486,0.97559220,0.96785085,0.95793696,0.94642033,0.93381269,0.92055438,0.90702586,0.89357482,0.88054694,0.86830875,0.85725419,0.84779158,0.84031289,0.83515186,0.83254020,0.83257196,0.83518349,0.84015287,0.84711701,0.85560091
0.90429448,0.89669705,0.88884014,0.88077192,0.87249010,0.86406923,0.85575546,0.84800219,0.84143610,0.83676048,0.83461878,0.83545044,0.83937295,0.84611751,0.85503308,0.86515865,0.87534908,0.88443013,0.89135413,0.89532998,0.89590812,0.89301130,0.88691218,0.87816805,0.86752900,0.85583795,0.84393946,0.83260870,0.82250579,0.81415378,0.80793446,0.80409437,0.80275405,0.80391612,0.80747036,0.81319697,0.82077040,0.82976770,0.83968432,0.84995927,0.86000920,0.86926840,0.87723046,0.88348645,0.88775514,0.88990201,0.88994523,0.88804851,0.88450184,0.87969246,0.87406957,0.86810605,0.86226120,0.85694730,0.85250284,0.84917453,0.84710932,0.84635703,0.84688251,0.84858506,0.85132162,0.85492992,0.85924791,0.86412685,0.86943683,0.87506473,0.88090678,0.88685877,0.89280795,0.89863007,0.90419410,0.90937435,0.91406817,0.91821513,0.92181290,0.92492558,0.92768105,0.93025643,0.93285290,0.93566394,0.93884240,0.94247283,0.94655445,0.95099808,0.95563758,0.96025335,0.96460343,0.96845612,0.97161852,0.97395648,0.97540326,0.97595720,0.97567055,0.97463337,0.97295680,0.97075919,0.96815703,0.96526044,0.96217119,0.95898038
0.88168485,0.90389281,0.92590621,0.94669756,0.96521998,0.98047838,0.99162383,0.99805684,0.99951942,0.99615538,0.98852332,0.97755522,0.96446402,0.95061328,0.93736870,0.92595380,0.91733037,0.91211849,0.91056318,0.91254666,0.91763830,0.92517038,0.93432599,0.94422657,0.95400904,0.96288642,0.97018956,0.97539181,0.97812025,0.97815843,0.97544430,0.97006560,0.96225286,0.95236928,0.94089609,0.92841246,0.91556966,0.90305962,0.89157895,0.88179018,0.87428215,0.86953206,0.86787117,0.86945619,0.87424772,0.88199785,0.89224854,0.90434305,0.91745193,0.93061425,0.94279319,0.95294358,0.96008690,0.96338798,0.96222642,0.95625532,0.94544078,0.93007732,0.91077706,0.88843361,0.86416435,0.83923677,0.81498570,0.79272838,0.77368378,0.75890119,0.74920199,0.74513632,0.74695544,0.75459959,0.76770068,0.78559981,0.80737949,0.83191088,0.85791537,0.88403897,0.90893600,0.93135694,0.95023373,0.96475489,0.97442264,0.97908531,0.97894059,0.97450841,0.96657574,0.95611965,0.94421737,0.93195342,0.92033385,0.91021587,0.90225877,0.89689863,0.89434616,0.89460364,0.89749483,0.90270101,0.90979682,0.91828183,0.92760582,0.93718844
0.97885416,0.98006864,0.98215472,0.98483951,0.98760218,0.98982302,0.99095101,0.99064856,0.98887705,0.98590177,0.98221526,0.97839928,0.97496101,0.97218543,0.97004081,0.96816091,0.96590910,0.96251045,0.95722296,0.94951042,0.93917917,0.92644964,0.91194838,0.89662391,0.88160663,0.86804361,0.85694241,0.84905296,0.84480548,0.84430797,0.84739376,0.85369960,0.86275068,0.87403063,0.88702156,0.90120948,0.91606091,0.93098564,0.94530438,0.95823935,0.96893937,0.97654183,0.98026397,0.97950739,0.97395581,0.96364604,0.94899703,0.93078977,0.91010039,0.88819735,0.86642012,0.84605853,0.82825007,0.81390716,0.80367885,0.79794486,0.79683381,0.80025540,0.80793540,0.81944572,0.83422534,0.85159347,0.87075994,0.89084010,0.91088100,0.92990241,0.94695214,0.96117050,0.97185568,0.97852028,0.98093015,0.97911883,0.97337556,0.96420870,0.95229123,0.93839731,0.92333935,0.90791352,0.89285837,0.87882767,0.86637561,0.85595075,0.84789404,0.84243734,0.83969987,0.83968287,0.84226463,0.84720021,0.85413003,0.86260006,0.87209372,0.88207209,0.89201683,0.90146910,0.91005806,0.91751460,0.92366863,0.92843133,0.93176695,0.93366080
0.97379094,0.96609412,0.95789052,0.94981823,0.94241426,0.93604203,0.93085255,0.92679182,0.92365617,0.92118356,0.91915829,0.91750156,0.91632264,0.91591526,0.91669709,0.91910427,0.92346425,0.92987596,0.93812596,0.94766255,0.95763785,0.96701316,0.97470860,0.97976822,0.98150817,0.97961975,0.97420959,0.96577290,0.95510915,0.94320033,0.93107684,0.91969598,0.90985201,0.90212807,0.89688920,0.89430670,0.89439785,0.89706390,0.90211260,0.90925898,0.91810675,0.92812012,0.93860081,0.94868516,0.95737264,0.96359008,0.96628777,0.96455510,0.95773842,0.94554105,0.92808796,0.90594328,0.88007701,0.85178603,0.82258149,0.79405937,0.76777174,0.74511413,0.72723969,0.71500473,0.70894433,0.70927191,0.71589476,0.72843772,0.74627012,0.76853434,0.79417771,0.82199133,0.85065918,0.87881966,0.90513898,0.92839225,0.94754533,0.96182809,0.97078921,0.97432478,0.97267619,0.96639769,0.95629823,0.94336562,0.92868245,0.91334315,0.89838042,0.88470668,0.87307341,0.86404803,0.85800568,0.85513198,0.85543320,0.85875154,0.86478471,0.87310996,0.88321264,0.89451861,0.90642863,0.91835195,0.92973568,0.94008677,0.94898401,0.95607932
0.98817689,0.98607800,0.98430657,0.98291898,0.98180344,0.98072852,0.97940545,0.97755541,0.97497263,0.97157454,0.96743115,0.96276883,0.95794737,0.95341376,0.94963981,0.94705311,0.94597179,0.94655246,0.94875983,0.95236306,0.95696068,0.96203063,0.96699726,0.97130363,0.97447630,0.97617182,0.97619851,0.97451247,0.97119183,0.96639743,0.96032977,0.95319259,0.94517100,0.93642860,0.92712254,0.91743058,0.90758043,0.89787072,0.88867446,0.88042033,0.87355243,0.86847458,0.86548928,0.86474382,0.86619516,0.86960246,0.87455068,0.88050251,0.88686969,0.89309114,0.89870349,0.90339200,0.90701375,0.90959075,0.91127674,0.91230598,0.91293564,0.91339366,0.91384213,0.91436188,0.91495861,0.91558602,0.91617755,0.91667737,0.91706227,0.91734930,0.91758809,0.91784077,0.91815599,0.91854456,0.91896457,0.91932097,0.91948119,0.91930390,0.91867455,0.91753937,0.91592966,0.91397038,0.91187025,0.90989472,0.90832669,0.90742224,0.90737010,0.90826248,0.91008240,0.91270897,0.91593831,0.91951452,0.92316391,0.92662599,0.92967625,0.93213844,0.93388643,0.93483821,0.93494576,0.93418508,0.93254980,0.93004967,0.92671331,0.92259228
0.86292389,0.86155320,0.86248459,0.86537876,0.86948787,0.87380843,0.87727840,0.87897715,0.87828755,0.87498781,0.86925835,0.86160845,0.85274609,0.84342530,0.83430729,0.82586545,0.81835110,0.81182201,0.80622036,0.80147577,0.79760357,0.79477041,0.79330847,0.79367291,0.79635236,0.80175341,0.81008661,0.82128031,0.83494248,0.85037948,0.86666935,0.88277510,0.89767612,0.91049238,0.92057870,0.92757430,0.93140297,0.93223051,0.93039397,0.92632174,0.92046278,0.91323867,0.90502475,0.89615838,0.88696544,0.87779181,0.86902622,0.86110405,0.85448762,0.84962517,0.84689726,0.84656244,0.84871545,0.85326788,0.85995671,0.86837941,0.87804818,0.88845161,0.89911078,0.90961857,0.91965562,0.92898221,0.93741123,0.94477185,0.95087521,0.95549289,0.95835536,0.95917221,0.95767072,0.95364418,0.94699933,0.93779243,0.92624615,0.91274418,0.89780496,0.88204057,0.86610910,0.85066969,0.83634746,0.82371202,0.81326886,0.80545843,0.80065605,0.79916568,0.80120316,0.80686892,0.81611436,0.82870954,0.84422179,0.86201453,0.88127238,0.90105416,0.92036880,0.93826350,0.95390950,0.96667078,0.97614388,0.98216351,0.98477550,0.98418506
0.97726606,0.97927759,0.98058149,0.98151560,0.98233887,0.98315842,0.98390113,0.98434031,0.98417256,0.98312430,0.98105761,0.97804326,0.97437766,0.97053572,0.96706894,0.96447270,0.96305421,0.96283403,0.96350680,0.96447523,0.96495435,0.96412652,0.96131445,0.95613385,0.94859182,0.93910945,0.92846461,0.91766822,0.90780019,0.89983829,0.89451247,0.89221065,0.89294998,0.89641281,0.90203347,0.90911152,0.91692429,0.92481519,0.93224352,0.93879307,0.94414798,0.94805190,0.95026925,0.95056539,0.94871573,0.94454467,0.93798571,0.92914653,0.91835973,0.90620188,0.89347025,0.88111572,0.87014045,0.86147687,0.85586888,0.85377650,0.85532065,0.86027709,0.86811907,0.87809890,0.88935225,0.90100589,0.91227112,0.92250983,0.93126749,0.93827439,0.94342273,0.94673085,0.94830619,0.94831640,0.94697372,0.94453203,0.94129207,0.93760683,0.93387923,0.93054630,0.92804793,0.92678300,0.92705983,0.92905035,0.93275772,0.93800507,0.94444922,0.95161830,0.95896749,0.96594344,0.97204678,0.97688233,0.98019023,0.98185461,0.98189124,0.98041911,0.97762328,0.97371699,0.96890993,0.96338693,0.95729837,0.95076008,0.94385882,0.93665843
0.96804619,0.96987437,0.97205875,0.97473816,0.97783995,0.98107966,0.98400762,0.98609456,0.98684033,0.98588449,0.98309629,0.97862537,0.97290187,0.96658497,0.96046859,0.95536109,0.95195972,0.95074012,0.95187770,0.95521193,0.96025764,0.96626113,0.97229230,0.97735928,0.98052924,0.98103896,0.97838147,0.97235980,0.96310413,0.95105362,0.93690770,0.92155463,0.90598641,0.89121006,0.87816501,0.86765392,0.86029189,0.85647543,0.85636971,0.85991115,0.86682168,0.87663140,0.88870720,0.90228589,0.91651179,0.93047945,0.94328261,0.95406956,0.96210329,0.96682215,0.96789463,0.96526033,0.95914961,0.95007599,0.93879863,0.92625651,0.91348025,0.90149190,0.89120560,0.88334262,0.87837206,0.87648453,0.87760034,0.88140830,0.88742658,0.89507422,0.90374108,0.91284592,0.92187546,0.93040241,0.93808504,0.94465490,0.94990060,0.95365542,0.95579366,0.95623714,0.95496973,0.95205443,0.94764652,0.94199639,0.93543801,0.92836260,0.92118132,0.91428386,0.90800155,0.90258271,0.89818528,0.89488774,0.89271460,0.89166962,0.89176733,0.89305371,0.89560904,0.89953002,0.90489349,0.91170897,0.91987058,0.92911959,0.93902765,0.94900612
0.97836422,0.97892423,0.97995495,0.98105071,0.98163472,0.98106709,0.97876845,0.97433895,0.96765097,0.95889692,0.94858095,0.93745438,0.92640669,0.91633315,0.90800451,0.90196241,0.89845825,0.89744431,0.89861592,0.90149418,0.90553119,0.91021539,0.91515508,0.92012398,0.92506181,0.93003388,0.93516293,0.94055147,0.94621419,0.95203575,0.95776342,0.96303530,0.96743722,0.97057468,0.97214326,0.97198161,0.97009589,0.96665177,0.96193791,0.95631091,0.95013549,0.94373325,0.93735063,0.93115127,0.92523161,0.91965299,0.91447953,0.90981026,0.90579566,0.90263384,0.90054675,0.89974229,0.90037190,0.90249428,0.90605450,0.91088397,0.91672179,0.92325280,0.93015370,0.93713695,0.94398301,0.95055465,0.95679136,0.96268709,0.96825809,0.97350982,0.97841180,0.98288684,0.98681718,0.99006554,0.99250519,0.99405118,0.99468418,0.99446100,0.99350859,0.99200309,0.99013858,0.98809309,0.98599984,0.98393027,0.98189238,0.97984391,0.97771635,0.97544322,0.97298541,0.97034739,0.96758092,0.96477608,0.96204279,0.95948867,0.95719979,0.95522987,0.95360077,0.95231360,0.95136601,0.95076941,0.95055906,0.95079200,0.95153033,0.95281175
0.97707575,0.97616187,0.97585522,0.97637772,0.97762628,0.97921958,0.98061017,0.98123767,0.98068786,0.97881948,0.97582690,0.97222137,0.96873352,0.96615860,0.96517941,0.96620620,0.96926866,0.97398291,0.97960086,0.98513183,0.98951217,0.99178839,0.99127772,0.98767561,0.98109246,0.97201763,0.96122415,0.94963815,0.93820109,0.92775048,0.91893768,0.91219058,0.90771889,0.90555077,0.90558438,0.90763727,0.91148037,0.91685016,0.92344099,0.93088598,0.93873915,0.94647101,0.95348631,0.95916657,0.96293335,0.96432255,0.96305617,0.95909753,0.95267814,0.94428953,0.93463981,0.92458082,0.91501709,0.90680998,0.90069021,0.89718989,0.89660063,0.89896031,0.90406646,0.91151104,0.92072928,0.93105521,0.94177702,0.95218776,0.96162864,0.96952395,0.97540745,0.97894072,0.97992386,0.97829890,0.97414650,0.96767626,0.95921120,0.94916686,0.93802627,0.92631200,0.91455724,0.90327754,0.89294469,0.88396373,0.87665385,0.87123399,0.86781459,0.86639634,0.86687707,0.86906663,0.87270876,0.87750792,0.88315820,0.88937085,0.89589628,0.90253699,0.90914852,0.91562772,0.92189031,0.92784208,0.93334997,0.93821978,0.94218625,0.94491935
0.85481670,0.84442821,0.83715520,0.83321573,0.83234469,0.83383019,0.83662956,0.83955031,0.84146586,0.84152459,0.83930938,0.83491418,0.82892174,0.82228831,0.81616017,0.81165955,0.80968172,0.81074080,0.81489091,0.82173285,0.83049882,0.84019153,0.84974428,0.85816754,0.86465472,0.86863332,0.86976244,0.86789049,0.86299457,0.85512444,0.84436990,0.83086141,0.81480273,0.79652364,0.77653358,0.75555540,0.73452236,0.71453054,0.69674915,0.68230202,0.67214009,0.66692775,0.66696351,0.67214862,0.68200795,0.69575711,0.71240166,0.73084971,0.75001897,0.76892342,0.78673090,0.80279024,0.81663269,0.82795680,0.83660673,0.84255253,0.84587694,0.84676834,0.84551611,0.84250221,0.83818400,0.83306531,0.82765673,0.82242993,0.81777338,0.81395826,0.81112232,0.80927584,0.80832917,0.80813634,0.80854513,0.80944281,0.81078804,0.81262238,0.81505972,0.81825638,0.82236846,0.82750605,0.83369409,0.84084833,0.84877081,0.85716480,0.86566489,0.87387479,0.88140568,0.88790859,0.89309730,0.89676100,0.89876848,0.89906730,0.89768223,0.89471589,0.89035268,0.88486377,0.87860841,0.87202584,0.86561306,0.85988665,0.85533020,0.85233273
0.94103505,0.92909366,0.91760847,0.90732450,0.89870361,0.89193062,0.88696025,0.88359208,0.88155675,0.88059632,0.88052394,0.88125330,0.88279506,0.88522421,0.88862820,0.89304850,0.89842848,0.90457838,0.91116363,0.91771868,0.92368363,0.92845809,0.93146410,0.93220906,0.93033988,0.92568134,0.91825446,0.90827438,0.89613055,0.88235391,0.86757703,0.85249225,0.83781216,0.82423510,0.81241718,0.80295052,0.79634608,0.79301829,0.79326886,0.79726782,0.80503211,0.81640416,0.83103430,0.84837227,0.86767267,0.88801855,0.90836533,0.92760462,0.94464398,0.95849544,0.96836287,0.97371749,0.97435160,0.97040290,0.96234564,0.95094867,0.93720512,0.92224192,0.90722012,0.89323788,0.88124641,0.87198659,0.86595001,0.86336428,0.86419999,0.86819433,0.87488589,0.88365546,0.89376890,0.90442020,0.91477502,0.92401594,0.93139120,0.93626645,0.93817724,0.93687731,0.93237626,0.92495988,0.91518704,0.90385946,0.89196335,0.88058623,0.87081630,0.86363555,0.85981931,0.85985520,0.86389114,0.87171850,0.88279130,0.89627812,0.91113914,0.92621836,0.94033953,0.95239487,0.96141842,0.96663899,0.96751254,0.96373649,0.95525063,0.94222919
0.94639661,0.94424139,0.94271485,0.94204310,0.94223288,0.94307143,0.94415423,0.94493898,0.94482195,0.94322984,0.93971547,0.93404298,0.92624729,0.91665585,0.90586675,0.89468443,0.88402106,0.87477734,0.86772082,0.86338188,0.86198607,0.86343612,0.86734706,0.87312686,0.88008505,0.88754695,0.89495058,0.90190910,0.90822935,0.91388663,0.91896528,0.92358133,0.92780745,0.93161938,0.93487714,0.93734501,0.93874445,0.93882563,0.93743937,0.93459100,0.93046303,0.92540020,0.91985999,0.91433936,0.90929424,0.90506975,0.90185640,0.89968062,0.89842974,0.89790364,0.89787901,0.89817030,0.89867293,0.89937922,0.90036475,0.90175051,0.90365197,0.90612924,0.90915164,0.91258573,0.91620990,0.91975167,0.92293846,0.92554930,0.92745485,0.92863637,0.92917961,0.92924632,0.92903159,0.92871824,0.92843973,0.92825997,0.92817379,0.92812644,0.92804563,0.92787651,0.92760901,0.92728952,0.92701289,0.92689695,0.92704657,0.92751747,0.92829024,0.92926213,0.93025990,0.93107181,0.93149212,0.93136792,0.93063722,0.92934859,0.92765678,0.92579490,0.92402904,0.92260589,0.92170501,0.92140562,0.92167395,0.92237189,0.92328273,0.92414611
0.95401810,0.95648866,0.95999646,0.96413642,0.96830815,0.97185673,0.97422475,0.97508226,0.97440582,0.97248939,0.96988485,0.96728529,0.96537661,0.96468896,0.96547814,0.96765960,0.97080515,0.97419987,0.97694495,0.97808569,0.97674186,0.97222003,0.96409378,0.95224460,0.93686471,0.91842831,0.89764224,0.87538697,0.85265651,0.83050214,0.80998038,0.79210347,0.77779027,0.76781673,0.76276756,0.76299275,0.76857373,0.77930462,0.79469263,0.81398025,0.83618874,0.86017944,0.88472700,0.90859699,0.93062081,0.94976204,0.96517053,0.97622230,0.98254490,0.98402845,0.98082300,0.97332263,0.96213663,0.94804804,0.93196063,0.91483668,0.89762980,0.88121912,0.86635160,0.85359939,0.84333674,0.83573844,0.83079828,0.82836278,0.82817352,0.82990995,0.83322547,0.83777182,0.84321015,0.84921135,0.85545074,0.86160426,0.86735193,0.87239235,0.87646817,0.87939869,0.88111308,0.88167583,0.88129657,0.88031895,0.87918688,0.87839189,0.87840944,0.87963514,0.88233250,0.88660119,0.89237132,0.89942324,0.90742790,0.91599847,0.92474252,0.93330427,0.94138956,0.94877039,0.95527134,0.96074437,0.96504127,0.96799329,0.96940499,0.96906519
0.91548478,0.90761915,0.90000150,0.89295248,0.88664278,0.88112882,0.87639619,0.87240267,0.86911558,0.86654105,0.86474354,0.86385408,0.86406551,0.86561360,0.86874467,0.87367209,0.88052620,0.88930374,0.89982509,0.91170866,0.92437202,0.93706578,0.94894078,0.95914102,0.96690830,0.97168047,0.97316609,0.97138222,0.96664897,0.95954212,0.95081266,0.94128767,0.93177078,0.92295933,0.91539135,0.90942739,0.90526428,0.90297035,0.90252841,0.90387244,0.90690804,0.91151248,0.91751680,0.92467868,0.93265816,0.94100864,0.94919197,0.95662027,0.96271982,0.96700575,0.96915290,0.96904787,0.96681049,0.96277948,0.95746397,0.95147009,0.94541679,0.93985691,0.93521743,0.93176783,0.92961827,0.92874287,0.92901779,0.93026222,0.93227074,0.93483007,0.93771851,0.94069248,0.94346936,0.94571752,0.94706300,0.94711781,0.94552871,0.94203905,0.93655148,0.92917744,0.92026081,0.91036703,0.90023615,0.89070521,0.88261191,0.87669545,0.87351073,0.87336950,0.87631605,0.88213827,0.89040840,0.90054249,0.91186606,0.92367425,0.93527835,0.94603611,0.95536763,0.96276258,0.96778588,0.97008757,0.96942013,0.96566217,0.95884360,0.94916423
0.88795186,0.89327279,0.89826290,0.90251335,0.90538000,0.90610295,0.90398777,0.89860589,0.88996352,0.87859349,0.86554072,0.85223684,0.84028560,0.83120099,0.82615088,0.82575646,0.82998529,0.83815541,0.84904581,0.86108830,0.87260267,0.88203201,0.88813923,0.89013757,0.88774327,0.88115496,0.87097651,0.85810760,0.84362582,0.82867960,0.81440233,0.80184943,0.79195363,0.78549053,0.78304726,0.78499071,0.79143635,0.80222319,0.81690283,0.83475020,0.85480083,0.87591425,0.89685769,0.91639929,0.93339856,0.94688215,0.95609732,0.96053997,0.95995982,0.95434863,0.94391929,0.92908280,0.91042774,0.88870294,0.86480058,0.83973477,0.81461021,0.79057770,0.76877706,0.75027149,0.73598128,0.72662522,0.72267803,0.72434841,0.73157880,0.74406312,0.76127565,0.78250244,0.80686812,0.83335436,0.86081137,0.88796881,0.91345565,0.93583888,0.95368824,0.96566829,0.97065242,0.96784617,0.95690223,0.93800751,0.91192434,0.87997410,0.84395980,0.80603455,0.76853132,0.73377560,0.70390385,0.68070810,0.66552097,0.65914736,0.66184170,0.67332349,0.69282059,0.71912934,0.75068318,0.78562570,0.82188897,0.85728194,0.88959471,0.91672221
0.92762857,0.92574331,0.92556640,0.92717559,0.93030709,0.93444581,0.93896025,0.94324847,0.94686069,0.94957236,0.95139553,0.95253227,0.95328746,0.95396616,0.95478216,0.95579900,0.95691506,0.95789271,0.95842015,0.95818753,0.95695725,0.95461186,0.95117090,0.94677667,0.94165691,0.93607676,0.93029369,0.92452686,0.91894707,0.91368725,0.90886678,0.90461924,0.90111227,0.89855117,0.89716330,0.89716605,0.89872569,0.90191696,0.90669279,0.91287171,0.92014581,0.92810821,0.93629400,0.94422641,0.95145931,0.95760919,0.96237365,0.96553685,0.96696577,0.96660240,0.96445681,0.96060443,0.95518823,0.94842371,0.94060227,0.93208787,0.92330311,0.91470339,0.90674132,0.89982642,0.89428683,0.89033992,0.88807699,0.88746479,0.88836306,0.89055409,0.89377749,0.89776274,0.90225324,0.90701835,0.91185358,0.91657258,0.92099632,0.92494537,0.92824007,0.93071087,0.93221800,0.93267634,0.93207905,0.93051265,0.92815791,0.92527392,0.92216709,0.91915063,0.91650245,0.91442988,0.91304820,0.91237717,0.91235544,0.91286893,0.91378574,0.91498856,0.91639612,0.91796819,0.91969297,0.92156022,0.92352746,0.92548844,0.92725275,0.92854324
0.88017768,0.88429634,0.89131008,0.90087176,0.91234359,0.92488428,0.93755772,0.94944348,0.95973077,0.96778296,0.97316762,0.97565565,0.97519908,0.97189997,0.96598183,0.95777086,0.94768908,0.93625537,0.92408695,0.91189163,0.90044304,0.89053487,0.88291609,0.87821490,0.87686306,0.87903409,0.88460711,0.89316447,0.90402562,0.91631386,0.92904702,0.94123947,0.95200136,0.96062190,0.96662710,0.96980671,0.97021040,0.96811761,0.96398830,0.95840362,0.95200463,0.94543586,0.93929798,0.93411115,0.93028907,0.92812206,0.92776763,0.92924715,0.93244782,0.93713064,0.94294496,0.94945123,0.95615197,0.96253047,0.96809454,0.97242136,0.97519859,0.97625647,0.97558675,0.97334512,0.96983602,0.96548085,0.96077295,0.95622443,0.95231148,0.94942435,0.94782802,0.94763729,0.94880915,0.95115228,0.95435246,0.95801028,0.96168638,0.96494881,0.96741734,0.96880031,0.96892125,0.96773333,0.96532116,0.96189008,0.95774424,0.95325554,0.94882680,0.94485267,0.94168248,0.93958827,0.93874111,0.93919786,0.94089963,0.94368225,0.94729764,0.95144339,0.95579634,0.96004538,0.96391863,0.96720140,0.96974294,0.97145202,0.97228305,0.97221598
0.95675524,0.95515805,0.95361719,0.95268930,0.95262101,0.95330106,0.95429938,0.95498502,0.95469608,0.95292145,0.94945033,0.94445171,0.93846300,0.93228861,0.92683097,0.92289144,0.92098421,0.92120245,0.92316425,0.92604974,0.92872307,0.92991612,0.92843888,0.92337684,0.91423914,0.90103330,0.88425828,0.86482439,0.84392098,0.82285998,0.80292345,0.78523858,0.77069538,0.75991195,0.75324229,0.75081385,0.75257766,0.75835486,0.76786777,0.78075131,0.79654764,0.81469273,0.83450589,0.85519289,0.87587013,0.89561205,0.91351853,0.92879341,0.94082189,0.94923360,0.95394014,0.95514025,0.95329132,0.94905185,0.94320372,0.93656614,0.92991365,0.92390930,0.91906059,0.91570147,0.91399866,0.91397676,0.91555391,0.91857949,0.92286621,0.92821167,0.93440748,0.94123707,0.94846647,0.95583326,0.96303991,0.96975587,0.97563083,0.98031846,0.98350729,0.98495361,0.98451046,0.98214731,0.97795681,0.97214707,0.96502115,0.95694728,0.94832552,0.93955679,0.93101898,0.92305314,0.91595974,0.91000232,0.90541406,0.90240190,0.90114375,0.90177632,0.90437358,0.90891921,0.91527807,0.92317340,0.93217592,0.94170963,0.95107641,0.95949831
0.92283262,0.91516013,0.90724461,0.89953625,0.89254180,0.88675865,0.88259204,0.88027818,0.87983625,0.88106513,0.88358853,0.88693801,0.89065330,0.89437472,0.89790549,0.90122942,0.90448109,0.90787725,0.91162816,0.91585312,0.92052371,0.92545105,0.93032137,0.93477040,0.93847675,0.94124893,0.94308292,0.94417470,0.94488347,0.94565351,0.94691281,0.94897251,0.95195157,0.95574500,0.96004319,0.96439744,0.96831540,0.97136320,0.97325033,0.97387832,0.97334323,0.97189359,0.96985595,0.96754737,0.96519713,0.96289648,0.96058786,0.95809461,0.95518201,0.95163315,0.94732018,0.94225338,0.93659687,0.93064838,0.92478957,0.91942037,0.91489399,0.91146836,0.90928419,0.90837239,0.90868578,0.91014327,0.91267224,0.91623545,0.92083397,0.92648432,0.93317624,0.94082321,0.94922086,0.95802681,0.96677098,0.97489746,0.98183190,0.98706162,0.99021226,0.99110500,0.98978243,0.98649794,0.98167165,0.97582309,0.96949556,0.96318770,0.95730490,0.95213723,0.94786385,0.94457726,0.94231653,0.94109753,0.94092995,0.94181620,0.94373307,0.94660337,0.95026816,0.95447083,0.95886127,0.96302295,0.96651947,0.96895134,0.97001069,0.96952088
0.85061255,0.86393311,0.87640054,0.88766449,0.89735647,0.90509713,0.91051903,0.91330686,0.91325118,0.91030560,0.90463223,0.89662012,0.88686555,0.87611181,0.86515585,0.85473710,0.84542934,0.83755715,0.83115570,0.82598534,0.82160141,0.81746739,0.81308825,0.80813491,0.80253227,0.79649134,0.79047934,0.78513518,0.78114951,0.77913562,0.77951849,0.78246542,0.78787137,0.79539978,0.80456589,0.81484002,0.82574399,0.83691741,0.84813924,0.85930260,0.87035281,0.88120810,0.89168665,0.90146213,0.91006296,0.91691921,0.92144921,0.92316725,0.92178839,0.91730642,0.91002717,0.90054940,0.88969666,0.87841436,0.86765260,0.85825782,0.85089218,0.84599214,0.84376736,0.84423145,0.84724973,0.85258699,0.85994104,0.86895438,0.87920459,0.89018209,0.90126969,0.91173918,0.92077724,0.92754516,0.93126763,0.93133720,0.92741509,0.91950789,0.90800290,0.89365201,0.87750379,0.86079373,0.84481040,0.83076007,0.81965135,0.81221568,0.80887085,0.80972498,0.81461091,0.82313661,0.83473731,0.84871872,0.86428696,0.88056781,0.89662395,0.91148128,0.92417412,0.93381344,0.93967381,0.94128698,0.93852390,0.93164561,0.92130685,0.90850326
0.82852312,0.80619832,0.78415491,0.76290915,0.74294730,0.72478476,0.70900762,0.69627951,0.68730592,0.68275869,0.68317400,0.68884337,0.69972019,0.71536117,0.73491569,0.75716734,0.78062208,0.80363024,0.82452430,0.84175453,0.85400693,0.86029411,0.86001478,0.85298333,0.83943285,0.81999652,0.79567103,0.76776373,0.73782379,0.70755616,0.67871812,0.65300121,0.63190570,0.61661924,0.60791494,0.60608361,0.61091210,0.62171303,0.63740400,0.65662632,0.67788782,0.69971017,0.72076184,0.73996056,0.75653563,0.77004822,0.78037470,0.78766363,0.79227877,0.79473945,0.79566608,0.79573392,0.79563380,0.79603573,0.79755058,0.80068681,0.80580308,0.81306185,0.82239308,0.83347850,0.84576536,0.85851441,0.87088008,0.88201412,0.89117797,0.89784574,0.90177997,0.90306606,0.90209853,0.89952117,0.89613171,0.89276804,0.89019587,0.88901624,0.88960615,0.89209854,0.89639966,0.90223517,0.90921186,0.91688079,0.92479013,0.93252061,0.93970286,0.94602124,0.95121215,0.95506538,0.95743442,0.95825708,0.95758237,0.95559519,0.95262770,0.94914786,0.94571908,0.94293211,0.94131702,0.94124923,0.94286688,0.94601586,0.95023525,0.95478889
0.91130229,0.92055893,0.92957529,0.93760742,0.94371238,0.94681284,0.94582309,0.93982201,0.92824464,0.91105454,0.88885865,0.86293416,0.83515247,0.80780501,0.78335385,0.76414377,0.75211873,0.74858340,0.75404264,0.76813851,0.78968973,0.81682369,0.84717876,0.87814645,0.90712097,0.93172687,0.95000353,0.96053477,0.96252139,0.95580098,0.94082338,0.91859112,0.89057379,0.85860367,0.82475835,0.79123465,0.76021734,0.73374665,0.71358953,0.70112169,0.69722861,0.70223474,0.71586851,0.73726919,0.76503741,0.79732778,0.83197745,0.86666115,0.89906014,0.92703113,0.94876090,0.96289399,0.96862322,0.96573647,0.95461708,0.93619952,0.91188566,0.88343075,0.85280989,0.82207740,0.79323026,0.76808539,0.74817785,0.73468379,0.72836975,0.72956737,0.73817128,0.75365733,0.77511843,0.80131579,0.83074418,0.86171016,0.89242230,0.92109120,0.94603553,0.96578851,0.97919684,0.98550362,0.98440645,0.97608384,0.96118562,0.94078707,0.91631051,0.88942160,0.86191044,0.83556863,0.81207280,0.79288331,0.77916357,0.77172246,0.77097965,0.77695193,0.78925819,0.80714078,0.82950191,0.85495426,0.88188581,0.90853914,0.93310468,0.95382598
0.98458444,0.98248863,0.98073487,0.97969933,0.97946588,0.97983868,0.98041681,0.98071399,0.98029649,0.97890675,0.97654373,0.97348033,0.97021366,0.96735983,0.96551719,0.96512898,0.96637497,0.96911499,0.97289572,0.97701909,0.98065826,0.98299763,0.98336919,0.98135893,0.97686432,0.97009513,0.96152207,0.95178787,0.94160182,0.93163927,0.92246423,0.91448595,0.90795213,0.90297334,0.89956719,0.89770783,0.89736662,0.89853394,0.90121777,0.90542154,0.91110896,0.91816675,0.92637614,0.93540167,0.94480146,0.95405839,0.96262693,0.96998736,0.97569773,0.97943468,0.98101729,0.98041175,0.97771870,0.97314815,0.96698853,0.95957629,0.95127117,0.94244026,0.93345100,0.92467088,0.91646982,0.90922030,0.90329116,0.89903274,0.89675346,0.89669039,0.89897781,0.90361889,0.91046557,0.91921103,0.92939762,0.94044130,0.95167078,0.96237784,0.97187341,0.97954351,0.98489958,0.98761824,0.98756716,0.98481461,0.97962211,0.97242139,0.96377832,0.95434785,0.94482434,0.93589151,0.92817548,0.92220367,0.91837162,0.91691900,0.91791549,0.92125629,0.92666673,0.93371503,0.94183256,0.95034092,0.95848587,0.96547740,0.97053527,0.97293852
0.97486690,0.97564133,0.97660332,0.97745921,0.97787671,0.97757340,0.97638922,0.97432752,0.97155506,0.96836010,0.96507774,0.96200012,0.95929381,0.95694538,0.95474945,0.95234376,0.94928511,0.94515156,0.93965066,0.93271152,0.92454078,0.91562852,0.90669988,0.89861970,0.89226722,0.88840448,0.88756239,0.88996403,0.89549657,0.90373332,0.91399909,0.92546445,0.93725089,0.94852833,0.95858984,0.96689497,0.97308098,0.97694847,0.97843282,0.97757360,0.97449196,0.96938159,0.96251274,0.95424427,0.94503455,0.93544149,0.92610358,0.91769851,0.91088189,0.90621433,0.90408947,0.90467645,0.90788891,0.91338775,0.92061920,0.92888272,0.93741817,0.94549750,0.95250610,0.95800123,0.96173995,0.96367562,0.96392758,0.96273359,0.96039632,0.95723481,0.95354907,0.94960148,0.94561421,0.94177756,0.93826188,0.93522574,0.93281519,0.93115229,0.93031539,0.93031649,0.93108281,0.93244935,0.93416723,0.93592915,0.93740911,0.93830998,0.93840997,0.93759886,0.93589660,0.93345067,0.93051284,0.92740050,0.92445023,0.92197271,0.92021701,0.91934955,0.91944958,0.92051849,0.92249764,0.92528751,0.92876153,0.93277061,0.93713740,0.94164332
0.94186758,0.93234015,0.92255250,0.91286838,0.90346748,0.89436951,0.88549504,0.87674941,0.86811111,0.85970371,0.85183358,0.84498263,0.83975502,0.83678693,0.83663656,0.83967533,0.84600090,0.85538835,0.86728826,0.88087254,0.89512017,0.90892892,0.92123527,0.93112461,0.93791694,0.94121847,0.94093660,0.93726159,0.93062285,0.92163022,0.91100993,0.89954360,0.88801508,0.87716745,0.86766975,0.86009181,0.85488512,0.85236779,0.85271330,0.85594349,0.86192752,0.87038871,0.88092092,0.89301456,0.90609120,0.91954381,0.93277916,0.94525821,0.95653051,0.96625946,0.97423617,0.98038115,0.98473438,0.98743548,0.98869693,0.98877360,0.98793203,0.98642292,0.98445989,0.98220651,0.97977310,0.97722276,0.97458538,0.97187670,0.96911895,0.96635925,0.96368214,0.96121348,0.95911446,0.95756600,0.95674604,0.95680340,0.95783288,0.95985577,0.96280902,0.96654457,0.97083895,0.97541126,0.97994666,0.98412190,0.98762936,0.99019699,0.99160300,0.99168570,0.99034995,0.98757229,0.98340615,0.97798741,0.97153920,0.96437324,0.95688455,0.94953605,0.94283114,0.93727409,0.93332071,0.93132420,0.93148282,0.93379685,0.93804178,0.94376317
0.98429671,0.98270428,0.98043806,0.97781025,0.97498760,0.97198780,0.96872303,0.96507894,0.96100730,0.95660561,0.95215909,0.94812946,0.94508854,0.94360904,0.94413612,0.94686857,0.95167689,0.95807805,0.96527529,0.97225769,0.97794257,0.98133442,0.98167111,0.97853098,0.97188316,0.96207568,0.94976865,0.93582948,0.92121277,0.90684718,0.89354705,0.88195916,0.87254601,0.86559921,0.86127139,0.85961237,0.86059740,0.86413969,0.87008558,0.87819714,0.88813131,0.89942608,0.91150279,0.92368976,0.93526719,0.94552823,0.95384698,0.95974259,0.96292835,0.96333768,0.96112306,0.95662885,0.95034359,0.94284030,0.93471443,0.92652834,0.91876882,0.91182126,0.90596095,0.90135890,0.89809780,0.89619251,0.89560994,0.89628456,0.89812776,0.90103112,0.90486500,0.90947461,0.91467582,0.92025319,0.92596207,0.93153623,0.93670100,0.94119110,0.94477083,0.94725440,0.94852358,0.94854080,0.94735536,0.94510157,0.94198757,0.93827550,0.93425485,0.93021265,0.92640490,0.92303330,0.92023051,0.91805553,0.91649915,0.91549811,0.91495489,0.91475923,0.91480675,0.91501052,0.91530336,0.91563076,0.91593723,0.91615030,0.91616738,0.91584952
0.95902554,0.94922936,0.93993086,0.93168451,0.92479870,0.91931876,0.91505503,0.91165467,0.90870687,0.90586156,0.90293647,0.89998756,0.89732487,0.89546785,0.89504741,0.89667334,0.90079330,0.90757130,0.91681089,0.92794022,0.94006502,0.95208148,0.96282923,0.97125546,0.97655986,0.97829432,0.97640213,0.97119383,0.96326947,0.95340595,0.94243339,0.93112378,0.92011091,0.90985190,0.90063105,0.89259697,0.88581753,0.88033462,0.87620285,0.87350248,0.87232438,0.87273304,0.87471916,0.87815620,0.88277460,0.88816312,0.89380062,0.89911460,0.90355633,0.90667846,0.90820023,0.90804773,0.90636210,0.90347476,0.89985517,0.89604150,0.89256657,0.88989165,0.88835807,0.88816227,0.88935509,0.89186135,0.89551238,0.90008291,0.90532465,0.91099118,0.91685236,0.92269907,0.92834158,0.93360565,0.93833053,0.94237158,0.94560838,0.94795697,0.94938281,0.94991038,0.94962583,0.94867058,0.94722644,0.94549441,0.94367099,0.94192617,0.94038699,0.93912922,0.93817825,0.93751825,0.93710666,0.93689028,0.93681913,0.93685521,0.93697526,0.93716796,0.93742770,0.93774702,0.93811016,0.93848938,0.93884440,0.93912475,0.93927300,0.93922693
0.91514263,0.92830172,0.94300399,0.95816118,0.97238029,0.98415677,0.99209733,0.99513473,0.99269737,0.98480574,0.97208120,0.95566894,0.93709177,0.91806190,0.90028155,0.88526126,0.87417721,0.86777943,0.86635277,0.86972528,0.87731387,0.88819625,0.90119883,0.91499293,0.92819381,0.93945946,0.94758638,0.95159965,0.95083274,0.94499055,0.93418819,0.91895807,0.90022059,0.87921788,0.85741503,0.83637821,0.81764178,0.80257850,0.79228578,0.78749891,0.78853822,0.79529302,0.80724081,0.82349725,0.84289015,0.86405060,0.88551453,0.90582848,0.92365400,0.93786462,0.94762934,0.95247592,0.95232777,0.94750917,0.93871558,0.92694958,0.91342671,0.89946037,0.88633794,0.87520279,0.86695589,0.86218846,0.86115235,0.86376928,0.86967449,0.87828585,0.88888634,0.90070756,0.91300339,0.92510640,0.93646410,0.94665598,0.95539574,0.96252428,0.96799865,0.97188050,0.97432502,0.97556875,0.97591365,0.97570457,0.97529866,0.97502802,0.97515913,0.97585533,0.97714920,0.97893159,0.98096136,0.98289691,0.98434574,0.98492487,0.98432174,0.98234494,0.97895554,0.97427348,0.96855826,0.96216787,0.95550382,0.94895197,0.94282897,0.93734218
0.99514380,0.99160069,0.98314786,0.97020838,0.95337078,0.93335652,0.91099864,0.88722957,0.86307207,0.83962504,0.81803661,0.79945845,0.78497988,0.77554473,0.77185956,0.77430536,0.78286651,0.79708947,0.81608015,0.83854424,0.86286943,0.88724373,0.90979932,0.92876819,0.94263359,0.95026148,0.95099843,0.94472653,0.93187053,0.91335747,0.89053347,0.86504589,0.83870271,0.81332289,0.79059279,0.77194232,0.75845188,0.75079650,0.74922881,0.75359787,0.76339742,0.77783501,0.79591250,0.81650919,0.83846034,0.86062658,0.88195200,0.90151118,0.91854645,0.93249625,0.94301505,0.94998351,0.95350668,0.95389792,0.95164672,0.94737062,0.94175410,0.93548001,0.92916167,0.92328458,0.91816655,0.91394198,0.91057279,0.90788359,0.90561479,0.90348417,0.90124627,0.89873967,0.89591478,0.89283885,0.88967905,0.88666889,0.88406571,0.88210813,0.88098125,0.88079473,0.88157555,0.88327374,0.88577710,0.88892987,0.89255078,0.89644753,0.90042698,0.90430210,0.90789848,0.91106310,0.91367750,0.91567509,0.91705996,0.91792259,0.91844624,0.91889910,0.91960931,0.92092342,0.92315310,0.92651749,0.93109088,0.93676506,0.94323403,0.95000508
0.96245315,0.96240766,0.96182111,0.96064301,0.95885685,0.95647440,0.95352847,0.95007225,0.94618854,0.94200580,0.93771298,0.93356231,0.92985264,0.92689096,0.92493728,0.92414377,0.92450213,0.92581361,0.92769271,0.92960965,0.93096801,0.93120515,0.92989568,0.92683623,0.92209315,0.91600302,0.90912632,0.90216422,0.89585543,0.89087274,0.88773773,0.88676783,0.88806226,0.89152468,0.89691236,0.90389650,0.91211729,0.92122109,0.93087375,0.94075162,0.95051869,0.95980163,0.96817570,0.97517119,0.98030513,0.98313564,0.98333001,0.98073245,0.97541633,0.96770781,0.95817327,0.94756978,0.93676546,0.92664193,0.91799476,0.91144776,0.90739419,0.90597246,0.90707725,0.91040045,0.91549186,0.92182717,0.92887153,0.93612977,0.94317853,0.94968037,0.95538332,0.96011227,0.96375853,0.96627302,0.96766528,0.96800778,0.96744188,0.96618064,0.96450332,0.96273838,0.96123412,0.96031970,0.96026165,0.96122301,0.96323246,0.96616942,0.96976870,0.97364487,0.97733334,0.98034236,0.98220842,0.98254746,0.98109525,0.97773249,0.97249313,0.96555667,0.95722763,0.94790626,0.93805466,0.92816204,0.91871136,0.91014838,0.90285310,0.89711312
0.92881232,0.92884622,0.92827142,0.92687729,0.92442511,0.92066542,0.91536826,0.90836778,0.89961588,0.88923341,0.87754364,0.86507473,0.85252380,0.84068487,0.83035135,0.82221044,0.81674908,0.81418996,0.81447093,0.81727270,0.82208955,0.82832714,0.83540511,0.84284042,0.85029334,0.85756802,0.86457178,0.87124725,0.87749791,0.88312826,0.88781608,0.89112652,0.89256710,0.89167212,0.88809669,0.88169705,0.87257687,0.86108732,0.84778035,0.83332542,0.81840871,0.80363710,0.78946770,0.77617768,0.76387897,0.75257209,0.74222299,0.73284172,0.72454110,0.71755935,0.71224015,0.70897436,0.70811740,0.70990221,0.71436876,0.72132770,0.73036784,0.74090694,0.75227504,0.76381192,0.77495726,0.78531425,0.79467475,0.80300327,0.81038707,0.81696722,0.82286897,0.82814948,0.83277590,0.83663872,0.83959583,0.84153479,0.84243563,0.84241657,0.84174935,0.84083876,0.84016961,0.84023229,0.84144316,0.84407703,0.84822662,0.85379737,0.86053793,0.86809780,0.87609766,0.88419521,0.89213155,0.89974869,0.90697711,0.91379915,0.92020042,0.92612346,0.93143711,0.93593071,0.93933568,0.94136900,0.94178744,0.94043754,0.93728754,0.93243235
0.88937483,0.89082467,0.89282285,0.89536970,0.89838808,0.90170931,0.90506890,0.90811894,0.91046036,0.91169229,0.91147061,0.90956443,0.90589925,0.90057842,0.89387834,0.88621858,0.87811204,0.87010461,0.86271530,0.85638758,0.85145941,0.84815470,0.84659335,0.84681296,0.84879356,0.85247751,0.85777934,0.86458412,0.87273656,0.88202603,0.89217436,0.90283327,0.91359599,0.92402407,0.93368635,0.94220336,0.94928864,0.95477910,0.95864836,0.96100065,0.96204691,0.96206765,0.96137005,0.96024725,0.95894670,0.95765219,0.95648040,0.95548992,0.95469791,0.95409889,0.95368034,0.95343182,0.95334607,0.95341378,0.95361486,0.95391061,0.95424054,0.95452626,0.95468257,0.95463373,0.95433115,0.95376812,0.95298774,0.95208152,0.95117847,0.95042641,0.94996936,0.94992554,0.95037056,0.95132910,0.95277614,0.95464677,0.95685158,0.95929357,0.96188232,0.96454243,0.96721453,0.96984954,0.97239821,0.97479961,0.97697213,0.97881000,0.98018708,0.98096770,0.98102278,0.98024802,0.97858083,0.97601273,0.97259511,0.96843789,0.96370177,0.95858601,0.95331404,0.94811908,0.94323107,0.93886530,0.93521189,0.93242476,0.93060864,0.92980349
0.89712557,0.89559427,0.89544079,0.89694593,0.90011160,0.90468710,0.91023174,0.91619956,0.92202835,0.92721642,0.93137490,0.93425015,0.93571839,0.93576052,0.93442892,0.93181772,0.92804486,0.92324921,0.91760028,0.91131409,0.90466679,0.89799825,0.89170089,0.88619251,0.88187655,0.87909618,0.87809097,0.87896469,0.88167071,0.88601777,0.89169468,0.89830882,0.90543107,0.91263950,0.91955545,0.92586815,0.93134686,0.93584222,0.93928037,0.94165401,0.94301417,0.94346438,0.94315737,0.94229212,0.94110856,0.93987724,0.93888251,0.93839960,0.93866777,0.93986328,0.94207669,0.94529876,0.94941820,0.95423226,0.95946879,0.96481656,0.96995871,0.97460448,0.97851467,0.98151783,0.98351632,0.98448309,0.98445174,0.98350317,0.98175200,0.97933514,0.97640367,0.97311758,0.96964252,0.96614682,0.96279747,0.95975406,0.95716071,0.95513670,0.95376759,0.95309859,0.95313215,0.95383055,0.95512317,0.95691703,0.95910858,0.96159442,0.96427915,0.96707952,0.96992456,0.97275288,0.97550858,0.97813778,0.98058754,0.98280809,0.98475809,0.98641161,0.98776423,0.98883587,0.98966807,0.99031473,0.99082687,0.99123346,0.99152136,0.99161846
0.93758552,0.93560828,0.93522531,0.93617932,0.93800701,0.94016584,0.94216036,0.94364336,0.94447327,0.94471966,0.94461961,0.94449821,0.94467353,0.94536860,0.94664955,0.94840184,0.95034697,0.95209313,0.95320763,0.95329551,0.95206958,0.94939984,0.94533464,0.94009195,0.93402427,0.92756603,0.92117431,0.91527373,0.91021372,0.90624239,0.90349744,0.90201166,0.90172885,0.90252548,0.90423330,0.90665909,0.90959887,0.91284615,0.91619506,0.91944111,0.92238192,0.92482044,0.92657165,0.92747306,0.92739851,0.92627362,0.92409088,0.92092146,0.91692072,0.91232514,0.90743932,0.90261343,0.89821289,0.89458354,0.89201607,0.89071448,0.89077293,0.89216445,0.89474369,0.89826328,0.90240136,0.90679604,0.91108157,0.91492126,0.91803289,0.92020405,0.92129665,0.92124209,0.92002991,0.91769415,0.91430155,0.90994434,0.90473891,0.89882922,0.89239240,0.88564294,0.87883215,0.87224031,0.86616075,0.86087694,0.85663552,0.85361971,0.85192809,0.85156316,0.85243228,0.85436150,0.85712002,0.86045144,0.86410660,0.86787285,0.87159537,0.87518758,0.87862966,0.88195631,0.88523671,0.88855083,0.89196635,0.89551935,0.89920070,0.90294812
0.99250997,0.99293641,0.99226233,0.99082144,0.98903928,0.98734668,0.98608766,0.98544642,0.98541337,0.98579920,0.98629301,0.98654869,0.98627694,0.98531985,0.98369001,0.98156563,0.97924417,0.97706713,0.97533566,0.97423853,0.97381040,0.97393020,0.97435853,0.97480338,0.97499670,0.97476250,0.97406010,0.97299275,0.97178066,0.97070610,0.97004461,0.96999969,0.97065624,0.97196322,0.97374775,0.97575557,0.97770658,0.97935147,0.98051637,0.98112625,0.98120387,0.98084694,0.98019196,0.97937530,0.97850230,0.97763162,0.97677763,0.97592804,0.97507022,0.97421707,0.97342428,0.97279281,0.97245531,0.97254940,0.97318472,0.97441259,0.97620636,0.97845779,0.98099088,0.98359005,0.98603619,0.98814236,0.98978099,0.99089693,0.99150399,0.99166715,0.99147590,0.99101616,0.99034827,0.98949619,0.98845015,0.98718110,0.98566237,0.98389195,0.98190881,0.97979810,0.97768324,0.97570669,0.97400398,0.97267791,0.97177931,0.97129903,0.97117316,0.97129972,0.97156290,0.97185867,0.97211567,0.97230642,0.97244646,0.97258261,0.97277391,0.97307097,0.97349917,0.97404970,0.97468001,0.97532209,0.97589489,0.97631596,0.97650717,0.97639170
0.95200537,0.94970140,0.94803761,0.94720762,0.94712766,0.94750084,0.94792611,0.94802482,0.94755419,0.94648071,0.94499643,0.94347526,0.94238092,0.94214957,0.94307569,0.94522743,0.94840994,0.95218288,0.95592664,0.95894157,0.96055965,0.96024667,0.95767761,0.95277449,0.94570500,0.93684825,0.92673930,0.91600629,0.90531164,0.89530452,0.88658630,0.87968635,0.87504353,0.87298865,0.87372568,0.87731199,0.88364159,0.89243648,0.90325217,0.91550110,0.92849453,0.94149929,0.95380204,0.96477177,0.97391114,0.98088964,0.98555538,0.98792616,0.98816462,0.98654391,0.98341126,0.97915509,0.97417876,0.96888125,0.96364223,0.95880830,0.95467741,0.95148042,0.94936125,0.94835961,0.94840129,0.94930089,0.95078014,0.95250145,0.95411290,0.95529760,0.95581863,0.95555104,0.95449455,0.95276483,0.95056548,0.94814731,0.94576379,0.94363226,0.94190843,0.94067786,0.93996390,0.93974688,0.93998712,0.94064367,0.94168251,0.94307143,0.94476322,0.94667270,0.94865562,0.95049804,0.95192249,0.95261307,0.95225681,0.95059312,0.94746106,0.94283299,0.93682615,0.92968847,0.92176063,0.91342217,0.90503340,0.89688586,0.88917221,0.88198113
0.96630864,0.97107597,0.97437629,0.97627932,0.97679496,0.97591086,0.97364074,0.97007108,0.96539504,0.95992512,0.95408068,0.94835167,0.94324497,0.93922325,0.93664756,0.93573321,0.93652565,0.93889932,0.94257845,0.94717630,0.95224633,0.95733774,0.96204680,0.96605669,0.96916072,0.97126754,0.97238985,0.97262087,0.97210419,0.97100261,0.96947116,0.96763836,0.96559783,0.96341024,0.96111340,0.95873646,0.95631394,0.95389559,0.95154977,0.94935984,0.94741447,0.94579448,0.94455933,0.94373694,0.94331921,0.94326491,0.94350887,0.94397532,0.94459164,0.94529909,0.94605778,0.94684454,0.94764430,0.94843702,0.94918367,0.94981526,0.95022878,0.95029215,0.94985862,0.94878823,0.94697279,0.94435928,0.94096717,0.93689602,0.93232135,0.92747936,0.92264278,0.91809233,0.91408872,0.91084969,0.90853495,0.90723998,0.90699767,0.90778537,0.90953439,0.91213903,0.91546294,0.91934192,0.92358404,0.92796942,0.93225279,0.93617174,0.93946187,0.94187830,0.94322079,0.94335870,0.94225107,0.93995811,0.93664095,0.93254860,0.92799347,0.92331865,0.91886232,0.91492467,0.91174195,0.90947016,0.90817867,0.90785184,0.90839587,0.90964737
0.93055393,0.93076309,0.93269199,0.93659085,0.94233948,0.94942512,0.95699484,0.96397857,0.96926260,0.97188104,0.97118693,0.96696822,0.95948566,0.94942681,0.93778799,0.92571045,0.91430419,0.90449343,0.89691101,0.89185692,0.88932228,0.88906550,0.89071750,0.89388817,0.89824874,0.90357306,0.90973260,0.91665212,0.92424241,0.93233150,0.94061489,0.94863987,0.95582979,0.96154428,0.96516231,0.96617038,0.96423691,0.95925799,0.95136674,0.94090684,0.92837857,0.91437112,0.89949607,0.88433517,0.86941012,0.85517568,0.84203129,0.83034196,0.82045769,0.81272186,0.80746309,0.80496993,0.80545344,0.80900637,0.81556932,0.82491259,0.83663905,0.85020844,0.86497886,0.88025814,0.89535655,0.90963272,0.92252770,0.93358495,0.94245809,0.94891081,0.95281443,0.95414736,0.95299840,0.94957236,0.94419388,0.93730425,0.92944623,0.92123418,0.91330965,0.90628632,0.90069146,0.89691306,0.89516181,0.89545499,0.89762488,0.90134950,0.90619910,0.91168948,0.91733263,0.92267727,0.92733496,0.93099114,0.93340467,0.93440170,0.93387103,0.93176624,0.92811684,0.92304559,0.91678566,0.90968892,0.90221773,0.89491505,0.88835286,0.88306322
0.95324491,0.95669298,0.96233497,0.96961028,0.97762744,0.98534359,0.99176220,0.99610979,0.99795950,0.99728213,0.99442139,0.99000591,0.98482147,0.97967212,0.97525729,0.97208408,0.97042419,0.97031323,0.97158251,0.97390905,0.97687013,0.97999227,0.98278957,0.98479139,0.98556247,0.98472053,0.98195616,0.97705744,0.96993844,0.96066666,0.94948228,0.93680201,0.92320263,0.90938404,0.89611516,0.88416969,0.87425948,0.86697348,0.86272842,0.86173584,0.86398702,0.86925549,0.87711458,0.88696727,0.89808580,0.90965970,0.92085133,0.93085750,0.93897425,0.94465979,0.94758895,0.94769166,0.94516841,0.94047749,0.93429230,0.92743122,0.92076794,0.91513378,0.91122619,0.90953639,0.91030632,0.91351958,0.91892528,0.92608831,0.93445563,0.94342632,0.95241388,0.96089258,0.96842427,0.97466737,0.97937368,0.98238063,0.98360586,0.98304844,0.98079728,0.97704335,0.97208929,0.96634905,0.96033082,0.95460029,0.94972582,0.94621258,0.94443663,0.94459139,0.94665759,0.95040380,0.95541889,0.96117154,0.96708682,0.97262603,0.97735567,0.98099343,0.98342414,0.98468510,0.98492662,0.98435843,0.98319451,0.98160775,0.97970214,0.97750505
0.95316245,0.95394767,0.95406727,0.95393571,0.95390367,0.95423719,0.95511184,0.95661837,0.95877505,0.96154188,0.96483317,0.96852606,0.97246486,0.97646209,0.98029902,0.98372832,0.98648138,0.98828118,0.98886045,0.98798338,0.98546857,0.98121082,0.97519917,0.96752886,0.95840518,0.94813774,0.93712515,0.92583096,0.91475306,0.90438950,0.89520375,0.88759273,0.88186072,0.87820155,0.87669111,0.87729004,0.87985560,0.88415981,0.88991069,0.89677302,0.90438635,0.91237856,0.92037488,0.92800358,0.93490024,0.94071328,0.94511288,0.94780487,0.94854904,0.94718026,0.94362915,0.93793857,0.93027247,0.92091449,0.91025544,0.89877037,0.88698792,0.87545574,0.86470619,0.85522619,0.84743353,0.84166060,0.83814468,0.83702289,0.83832970,0.84199491,0.84784132,0.85558252,0.86482263,0.87506076,0.88570373,0.89608918,0.90552055,0.91331244,0.91884286,0.92160695,0.92126540,0.91768100,0.91093840,0.90134369,0.88940383,0.87578828,0.86127771,0.84670590,0.83290165,0.82063652,0.81058250,0.80328174,0.79912790,0.79835767,0.80104963,0.80712846,0.81637244,0.82842343,0.84279924,0.85890876,0.87607103,0.89353918,0.91052985,0.92625763
0.90521907,0.89045725,0.87669820,0.86421423,0.85302383,0.84297118,0.83383797,0.82546377,0.81784752,0.81120572,0.80597112,0.80272962,0.80210759,0.80463395,0.81060713,0.81999578,0.83239487,0.84704695,0.86292573,0.87886648,0.89371841,0.90648993,0.91645966,0.92323420,0.92674639,0.92720123,0.92498723,0.92057687,0.91443935,0.90698306,0.89853678,0.88936763,0.87972546,0.86989628,0.86024601,0.85123861,0.84341991,0.83736774,0.83361799,0.83258252,0.83447726,0.83927636,0.84670291,0.85625860,0.86728632,0.87905335,0.89083854,0.90200766,0.91206442,0.92067120,0.92764081,0.93290663,0.93648250,0.93842436,0.93880335,0.93769576,0.93518956,0.93140252,0.92650355,0.92072833,0.91438198,0.90782520,0.90144508,0.89561589,0.89065805,0.88680421,0.88417966,0.88280094,0.88259177,0.88341186,0.88509093,0.88746002,0.89037331,0.89371684,0.89740397,0.90136130,0.90551113,0.90975732,0.91398020,0.91804362,0.92181277,0.92517820,0.92807895,0.93051762,0.93256206,0.93433198,0.93597267,0.93762168,0.93937637,0.94127026,0.94326477,0.94525885,0.94711497,0.94869507,0.94989730,0.95068352,0.95108935,0.95121289,0.95118328,0.95111563
0.95438555,0.94542124,0.93846756,0.93408711,0.93255065,0.93385360,0.93774450,0.94376140,0.95127553,0.95954336,0.96776768,0.97516593,0.98104074,0.98484495,0.98623226,0.98508586,0.98152006,0.97585463,0.96856589,0.96022330,0.95142257,0.94272718,0.93462694,0.92751762,0.92169978,0.91738987,0.91473475,0.91382096,0.91467369,0.91724466,0.92139280,0.92686521,0.93328721,0.94016970,0.94693868,0.95298620,0.95773658,0.96071674,0.96161735,0.96033292,0.95697270,0.95184050,0.94538767,0.93814887,0.93067321,0.92346384,0.91693623,0.91140048,0.90706670,0.90406684,0.90248282,0.90236984,0.90376647,0.90668727,0.91109944,0.91688990,0.92383269,0.93156761,0.93959899,0.94731931,0.95405663,0.95913907,0.96196573,0.96207160,0.95917565,0.95320457,0.94429009,0.93274275,0.91900977,0.90362717,0.88717621,0.87025154,0.85344396,0.83733532,0.82249945,0.80950103,0.79888515,0.79115347,0.78672674,0.78589826,0.78878637,0.79529659,0.80510342,0.81765983,0.83223664,0.84798849,0.86403707,0.87955882,0.89386346,0.90645171,0.91704465,0.92558198,0.93219194,0.93714005,0.94076662,0.94342430,0.94542503,0.94700227,0.94829026,0.94931795
0.96180048,0.95854740,0.95714877,0.95764066,0.95966770,0.96259005,0.96564206,0.96810846,0.96948047,0.96955792,0.96847580,0.96665134,0.96466649,0.96311578,0.96245626,0.96289410,0.96433212,0.96638797,0.96847639,0.96993590,0.97017087,0.96877743,0.96562621,0.96088529,0.95498124,0.94851042,0.94212327,0.93640882,0.93180397,0.92854423,0.92666194,0.92602660,0.92641323,0.92757932,0.92933070,0.93156082,0.93425592,0.93746808,0.94126633,0.94568150,0.95066085,0.95604527,0.96157529,0.96692474,0.97175387,0.97576933,0.97877674,0.98071386,0.98165687,0.98179920,0.98140851,0.98077223,0.98014402,0.97970227,0.97952815,0.97960583,0.97984216,0.98009912,0.98023022,0.98011185,0.97966307,0.97885088,0.97768235,0.97618820,0.97440433,0.97235755,0.97005995,0.96751362,0.96472412,0.96171876,0.95856400,0.95537651,0.95232370,0.94961245,0.94746754,0.94610405,0.94569914,0.94636854,0.94815171,0.95100746,0.95481962,0.95941058,0.96455912,0.97001900,0.97553520,0.98085627,0.98574298,0.98997492,0.99335718,0.99572907,0.99697509,0.99703712,0.99592494,0.99372188,0.99058217,0.98671799,0.98237593,0.97780486,0.97321948,0.96876501
0.97221178,0.96428434,0.95577789,0.94716879,0.93876640,0.93076488,0.92329209,0.91644115,0.91028033,0.90484696,0.90013665,0.89610013,0.89265566,0.88971799,0.88723786,0.88524093,0.88385331,0.88330243,0.88388761,0.88592229,0.88965828,0.89520861,0.90248725,0.91118053,0.92075764,0.93051858,0.93966984,0.94741324,0.95303163,0.95595778,0.95581722,0.95244284,0.94586572,0.93629154,0.92407374,0.90969223,0.89374171,0.87692699,0.86005825,0.84403630,0.82981903,0.81836421,0.81054990,0.80708052,0.80839264,0.81457749,0.82533654,0.83998174,0.85748439,0.87656780,0.89583111,0.91388630,0.92948881,0.94164418,0.94967853,0.95326772,0.95242779,0.94747512,0.93896835,0.92764386,0.91435424,0.90001460,0.88555716,0.87189081,0.85986131,0.85020812,0.84351724,0.84017322,0.84031736,0.84382129,0.85028465,0.85906271,0.86932475,0.88013829,0.89056908,0.89978306,0.90713525,0.91223242,0.91496087,0.91547652,0.91416171,0.91155803,0.90828774,0.90497631,0.90218663,0.90037101,0.89984316,0.90076769,0.90316254,0.90690859,0.91176204,0.91736780,0.92327505,0.92895799,0.93384532,0.93736033,0.93897082,0.93824461,0.93490368,0.92886789
0.95029609,0.94076840,0.93149226,0.92295634,0.91547467,0.90921369,0.90423556,0.90054903,0.89815787,0.89709736,0.89745103,0.89934375,0.90291233,0.90825967,0.91540229,0.92422254,0.93443630,0.94558485,0.95705612,0.96813518,0.97807813,0.98619765,0.99194508,0.99497342,0.99516943,0.99264943,0.98772115,0.98082063,0.97243798,0.96304763,0.95305681,0.94278196,0.93245569,0.92225971,0.91237263,0.90301785,0.89449671,0.88719570,0.88156272,0.87805496,0.87706748,0.87885675,0.88347450,0.89072586,0.90016040,0.91109819,0.92268607,0.93397404,0.94399901,0.95186350,0.95679965,0.95821364,0.95571020,0.94910147,0.93840634,0.92384626,0.90584107,0.88500472,0.86213712,0.83820621,0.81431400,0.79164268,0.77138063,0.75463292,0.74232588,0.73511866,0.73333536,0.73692936,0.74548622,0.75826491,0.77427082,0.79234895,0.81128379,0.82989269,0.84710250,0.86200382,0.87388252,0.88223272,0.88675865,0.88737285,0.88419540,0.87755470,0.86798581,0.85621916,0.84315245,0.82980049,0.81722214,0.80642875,0.79828441,0.79341225,0.79212295,0.79437962,0.79980735,0.80774734,0.81734695,0.82766983,0.83780729,0.84697235,0.85456266,0.86018499
0.95473904,0.94966109,0.94467114,0.93999024,0.93569419,0.93176116,0.92813533,0.92478974,0.92177184,0.91921960,0.91734395,0.91638241,0.91653706,0.91791353,0.92047728,0.92403867,0.92827149,0.93276211,0.93707956,0.94085198,0.94383259,0.94594033,0.94726574,0.94804084,0.94858036,0.94920731,0.95017922,0.95162937,0.95353389,0.95570925,0.95783876,0.95952097,0.96032877,0.95986700,0.95781797,0.95396849,0.94821777,0.94056997,0.93111856,0.92003014,0.90753365,0.89391792,0.87953653,0.86481572,0.85025865,0.83643917,0.82398008,0.81351484,0.80563591,0.80083692,0.79945813,0.80164465,0.80732503,0.81621418,0.82784008,0.84158952,0.85676458,0.87264001,0.88851279,0.90373738,0.91774478,0.93004712,0.94023305,0.94796042,0.95295247,0.95500143,0.95398052,0.94986130,0.94273116,0.93280407,0.92041908,0.90602348,0.89014158,0.87333337,0.85615032,0.83909625,0.82260075,0.80700991,0.79259545,0.77957908,0.76816478,0.75856955,0.75104284,0.74586802,0.74334323,0.74374480,0.74728037,0.75404214,0.76397027,0.77683525,0.79224337,0.80966543,0.82848293,0.84804263,0.86770789,0.88689618,0.90509574,0.92185997,0.93678428,0.94947498
0.93511512,0.92468350,0.91659618,0.91164104,0.91000013,0.91124019,0.91442230,0.91830676,0.92160751,0.92323875,0.92249911,0.91915656,0.91342284,0.90583424,0.89707635,0.88780081,0.87848025,0.86933507,0.86034627,0.85134584,0.84215592,0.83273547,0.82329149,0.81432184,0.80657555,0.80093782,0.79826563,0.79921154,0.80407486,0.81271284,0.82453025,0.83854818,0.85353542,0.86817302,0.88121736,0.89163069,0.89865895,0.90185100,0.90102825,0.89622349,0.88761290,0.87546255,0.86010360,0.84193941,0.82147647,0.79936309,0.77641625,0.75361990,0.73208523,0.71297375,0.69739374,0.68628793,0.68033306,0.67986989,0.68487609,0.69498475,0.70954197,0.72768920,0.74845222,0.77082031,0.79380375,0.81646607,0.83793455,0.85739888,0.87410998,0.88739032,0.89666182,0.90149105,0.90164416,0.89713885,0.88827920,0.87566158,0.86014536,0.84278969,0.82476449,0.80724919,0.79133511,0.77794610,0.76778779,0.76132929,0.75881363,0.76028765,0.76563885,0.77462772,0.78690779,0.80203193,0.81944918,0.83850073,0.85842556,0.87838448,0.89750693,0.91495873,0.93002176,0.94217184,0.95113844,0.95693214,0.95983177,0.96033105,0.95905320,0.95664867
0.92810806,0.93038113,0.93519699,0.94247797,0.95176874,0.96223900,0.97275308,0.98200266,0.98868382,0.99168949,0.99028336,0.98422414,0.97381798,0.95989090,0.94368713,0.92671209,0.91054596,0.89665635,0.88623521,0.88007899,0.87852274,0.88143085,0.88824011,0.89804496,0.90971118,0.92200251,0.93370544,0.94373983,0.95124648,0.95564622,0.95666827,0.95434775,0.94899500,0.94114180,0.93147228,0.92074778,0.90973511,0.89914580,0.88959102,0.88155340,0.87537423,0.87125202,0.86924793,0.86929308,0.87119508,0.87464326,0.87921551,0.88439170,0.88957892,0.89415172,0.89750695,0.89912810,0.89865043,0.89591587,0.89100629,0.88424633,0.87617164,0.86746469,0.85886743,0.85108535,0.84469995,0.84010534,0.83747962,0.83679469,0.83786019,0.84039071,0.84408042,0.84866866,0.85398191,0.85994402,0.86655441,0.87384219,0.88180998,0.89038348,0.89938085,0.90851059,0.91739948,0.92564489,0.93287964,0.93883448,0.94338339,0.94656069,0.94854597,0.94962066,0.95010742,0.95030721,0.95044942,0.95066604,0.95099474,0.95140774,0.95185687,0.95232108,0.95284157,0.95353309,0.95456596,0.95612128,0.95832959,0.96120831,0.96461441,0.96822634
0.97217564,0.97401321,0.97374011,0.97155846,0.96763058,0.96209198,0.95508156,0.94678205,0.93746191,0.92750922,0.91744797,0.90792907,0.89969189,0.89349749,0.89004023,0.88984948,0.89319570,0.90001610,0.90987381,0.92196123,0.93515309,0.94810707,0.95940155,0.96769221,0.97186475,0.97116100,0.96526031,0.95430608,0.93887656,0.91990750,0.89858131,0.87620134,0.85407081,0.83339296,0.81520288,0.80033336,0.78940926,0.78285927,0.78093218,0.78370658,0.79108793,0.80279340,0.81833068,0.83698149,0.85780206,0.87965076,0.90124826,0.92126839,0.93845023,0.95171651,0.96028009,0.96372159,0.96202570,0.95557045,0.94507242,0.93149760,0.91595379,0.89958186,0.88346184,0.86854477,0.85561461,0.84527762,0.83797107,0.83398085,0.83345743,0.83642305,0.84276779,0.85223732,0.86441952,0.87873921,0.89446956,0.91076541,0.92671870,0.94143062,0.95409083,0.96405114,0.97088192,0.97440163,0.97467559,0.97198528,0.96677568,0.95959124,0.95101277,0.94160579,0.93188685,0.92230952,0.91326666,0.90510198,0.89812244,0.89260384,0.88878514,0.88685087,0.88690561,0.88894727,0.89284750,0.89834592,0.90506231,0.91252604,0.92021839,0.92761975
0.90882104,0.88848709,0.86908977,0.85171182,0.83709818,0.82563199,0.81738234,0.81220744,0.80988417,0.81022826,0.81317197,0.81877768,0.82718358,0.83849647,0.85266113,0.86934234,0.88785309,0.90715247,0.92592133,0.94270687,0.95611180,0.96499277,0.96863025,0.96683712,0.95998610,0.94895343,0.93499216,0.91956161,0.90414460,0.89008349,0.87845829,0.87001952,0.86517587,0.86402654,0.86642059,0.87202429,0.88037984,0.89094607,0.90311969,0.91624292,0.92960781,0.94246840,0.95406835,0.96368686,0.97069848,0.97463754,0.97525467,0.97255292,0.96679457,0.95847519,0.94826800,0.93694745,0.92530482,0.91406948,0.90384762,0.89508565,0.88806039,0.88289237,0.87957526,0.87801230,0.87805141,0.87951298,0.88220755,0.88594418,0.89053270,0.89578447,0.90151511,0.90755138,0.91374115,0.91996387,0.92613751,0.93221866,0.93819397,0.94406359,0.94981952,0.95542377,0.96079186,0.96578684,0.97022667,0.97390479,0.97662039,0.97821211,0.97858773,0.97774364,0.97576982,0.97283965,0.96918718,0.96507708,0.96077371,0.95651576,0.95250102,0.94888301,0.94577757,0.94327482,0.94145021,0.94036880,0.94007917,0.94059660,0.94187872,0.94379957
0.98495680,0.98010482,0.97534005,0.97101520,0.96736932,0.96452500,0.96249955,0.96122898,0.96060135,0.96049344,0.96080353,0.96147324,0.96249396,0.96389703,0.96573085,0.96803056,0.97078742,0.97392523,0.97728978,0.98065542,0.98374945,0.98629075,0.98803567,0.98882177,0.98859992,0.98744803,0.98556297,0.98323208,0.98078893,0.97856108,0.97681865,0.97573285,0.97535103,0.97559227,0.97626311,0.97708921,0.97775628,0.97795245,0.97740504,0.97590654,0.97332750,0.96961679,0.96479207,0.95892526,0.95212777,0.94453974,0.93632529,0.92767382,0.91880511,0.90997456,0.90147471,0.89362982,0.88678165,0.88126694,0.87738921,0.87538887,0.87541674,0.87751520,0.88161034,0.88751609,0.89494967,0.90355584,0.91293591,0.92267727,0.93237933,0.94167324,0.95023412,0.95778684,0.96410700,0.96901964,0.97239782,0.97416254,0.97428449,0.97278714,0.96974981,0.96530882,0.95965466,0.95302412,0.94568734,0.93793125,0.93004170,0.92228698,0.91490484,0.90809477,0.90201584,0.89679001,0.89250906,0.88924306,0.88704724,0.88596521,0.88602704,0.88724293,0.88959395,0.89302238,0.89742363,0.90264141,0.90846682,0.91464160,0.92086490,0.92680273
0.94888347,0.94545101,0.94540548,0.94881170,0.95506584,0.96302955,0.97126081,0.97829285,0.98290348,0.98432061,0.98232541,0.97723863,0.96980275,0.96099435,0.95181395,0.94310057,0.93540784,0.92896106,0.92369433,0.91934920,0.91560390,0.91219790,0.90902073,0.90614509,0.90379991,0.90229437,0.90191582,0.90283001,0.90500951,0.90820806,0.91198635,0.91578218,0.91900819,0.92115471,0.92187583,0.92104127,0.91874595,0.91527850,0.91105914,0.90656302,0.90224622,0.89848905,0.89556481,0.89363518,0.89276689,0.89295996,0.89417645,0.89636077,0.89944595,0.90334599,0.90793868,0.91304696,0.91842715,0.92377106,0.92872458,0.93292149,0.93602652,0.93777978,0.93803382,0.93677635,0.93413436,0.93035960,0.92579869,0.92085424,0.91594406,0.91146500,0.90776551,0.90512843,0.90376273,0.90380158,0.90530351,0.90825413,0.91256710,0.91808472,0.92457996,0.93176254,0.93929143,0.94679473,0.95389577,0.96024205,0.96553253,0.96953859,0.97211535,0.97320200,0.97281229,0.97101837,0.96793226,0.96369012,0.95844292,0.95235569,0.94561425,0.93843586,0.93107789,0.92383907,0.91704852,0.91104141,0.90612313,0.90252717,0.90037389,0.89963811
0.95922670,0.95700872,0.95552701,0.95502193,0.95548973,0.95667871,0.95812898,0.95925309,0.95944584,0.95820387,0.95523168,0.95051173,0.94432311,0.93720382,0.92986326,0.92306199,0.91748173,0.91361088,0.91166701,0.91157089,0.91297587,0.91534535,0.91806070,0.92053619,0.92231658,0.92313790,0.92294126,0.92184051,0.92005457,0.91782255,0.91532232,0.91261123,0.90960184,0.90607681,0.90173816,0.89627821,0.88945518,0.88115598,0.87143263,0.86050588,0.84873737,0.83657903,0.82451285,0.81299553,0.80241954,0.79309761,0.78527070,0.77913359,0.77486753,0.77266773,0.77275503,0.77536527,0.78071601,0.78895643,0.80011085,0.81402838,0.83035053,0.84850476,0.86772742,0.88711349,0.90568615,0.92247597,0.93659850,0.94732066,0.95410914,0.95665859,0.95490046,0.94899630,0.93932006,0.92643300,0.91105389,0.89402509,0.87627402,0.85876905,0.84246917,0.82826844,0.81693835,0.80907362,0.80504834,0.80498930,0.80877119,0.81603510,0.82622791,0.83865711,0.85255354,0.86713398,0.88165662,0.89546420,0.90801284,0.91888755,0.92780784,0.93462805,0.93933547,0.94204740,0.94300519,0.94256115,0.94115434,0.93927214,0.93739768,0.93594615
0.98174263,0.98244403,0.98178780,0.97990754,0.97702129,0.97338908,0.96926742,0.96487516,0.96038064,0.95591199,0.95158431,0.94753198,0.94393259,0.94101238,0.93902862,0.93823114,0.93881144,0.94085186,0.94428891,0.94890217,0.95433490,0.96014402,0.96586957,0.97110818,0.97557416,0.97913519,0.98181576,0.98376908,0.98522522,0.98642784,0.98757421,0.98877191,0.99002096,0.99122393,0.99221926,0.99282763,0.99289855,0.99234546,0.99116136,0.98941246,0.98721314,0.98469007,0.98194582,0.97903202,0.97593936,0.97260699,0.96894855,0.96488751,0.96039225,0.95550131,0.95033188,0.94506888,0.93993685,0.93516099,0.93092647,0.92734559,0.92444044,0.92214486,0.92032487,0.91881273,0.91744615,0.91610403,0.91473065,0.91334350,0.91202405,0.91089442,0.91008652,0.90971126,0.90983506,0.91046859,0.91156942,0.91305669,0.91483316,0.91680837,0.91891665,0.92112544,0.92343201,0.92585009,0.92839072,0.93104304,0.93376074,0.93645805,0.93901698,0.94130424,0.94319434,0.94459362,0.94545941,0.94581005,0.94572285,0.94532082,0.94475075,0.94415797,0.94366272,0.94334283,0.94322495,0.94328459,0.94345313,0.94362821,0.94368375,0.94347606
0.87222995,0.87274393,0.87586960,0.88161379,0.88977388,0.89993058,0.91146598,0.92361165,0.93552602,0.94639186,0.95551863,0.96243118,0.96692754,0.96909405,0.96927440,0.96799811,0.96588165,0.96352064,0.96139272,0.95978863,0.95878261,0.95824533,0.95789357,0.95736428,0.95629611,0.95440222,0.95152089,0.94763698,0.94287372,0.93746070,0.93168826,0.92585976,0.92025168,0.91508792,0.91052967,0.90667799,0.90358343,0.90125622,0.89967158,0.89876791,0.89843854,0.89852142,0.89879278,0.89897069,0.89873258,0.89774706,0.89571646,0.89242349,0.88777364,0.88182515,0.87480049,0.86707617,0.85915200,0.85160431,0.84503032,0.83999184,0.83696519,0.83630232,0.83820481,0.84271019,0.84968873,0.85884806,0.86974390,0.88179614,0.89431121,0.90651240,0.91758045,0.92670500,0.93314513,0.93629395,0.93573951,0.93131308,0.92311676,0.91152495,0.89715799,0.88083056,0.86348135,0.84609369,0.82961839,0.81490901,0.80267679,0.79346770,0.78765904,0.78546940,0.78697432,0.79212068,0.80073556,0.81252831,0.82708847,0.84388460,0.86227107,0.88150887,0.90080396,0.91936153,0.93644941,0.95145989,0.96395798,0.97370604,0.98065945,0.98493369
0.87828530,0.86785644,0.86036910,0.85625042,0.85547610,0.85761086,0.86191936,0.86752566,0.87358822,0.87945255,0.88474774,0.88940678,0.89360897,0.89766235,0.90185745,0.90632961,0.91096337,0.91536198,0.91888984,0.92077913,0.92027706,0.91680027,0.91006141,0.90013936,0.88747867,0.87282065,0.85708426,0.84122477,0.82610128,0.81237970,0.80048815,0.79062859,0.78283548,0.77706156,0.77326549,0.77147697,0.77182238,0.77450505,0.77974673,0.78770651,0.79839916,0.81163422,0.82699208,0.84384417,0.86141395,0.87886606,0.89540470,0.91036111,0.92325332,0.93380847,0.94194721,0.94773834,0.95133771,0.95292772,0.95267212,0.95069510,0.94708722,0.94193277,0.93534863,0.92752144,0.91873150,0.90935533,0.89984494,0.89068764,0.88235544,0.87525528,0.86969095,0.86584410,0.86377701,0.86345394,0.86477416,0.86760726,0.87182168,0.87729991,0.88393795,0.89163082,0.90025016,0.90962196,0.91951233,0.92962714,0.93962709,0.94915541,0.95787230,0.96548806,0.97178796,0.97664369,0.98001017,0.98191002,0.98241090,0.98160296,0.97958277,0.97644846,0.97230660,0.96728787,0.96156491,0.95536487,0.94896962,0.94269993,0.93688334,0.93181018
0.98513826,0.98553610,0.98603568,0.98640203,0.98624035,0.98508993,0.98252662,0.97825934,0.97220653,0.96454059,0.95569227,0.94631311,0.93720107,0.92920055,0.92309212,0.91948843,0.91875094,0.92093912,0.92579872,0.93279038,0.94115375,0.94999665,0.95839493,0.96548785,0.97055595,0.97307291,0.97272917,0.96942967,0.96327238,0.95451570,0.94354247,0.93082707,0.91690827,0.90236802,0.88781278,0.87385294,0.86107601,0.85001125,0.84108704,0.83458525,0.83059998,0.82900917,0.82946680,0.83142109,0.83416015,0.83688187,0.83878062,0.83913985,0.83741847,0.83331904,0.82682859,0.81822666,0.80805993,0.79708738,0.78620360,0.77635026,0.76842639,0.76320714,0.76127901,0.76299619,0.76846003,0.77752058,0.78979690,0.80471208,0.82153824,0.83944753,0.85756573,0.87502579,0.89101886,0.90484090,0.91593288,0.92391298,0.92859889,0.93001849,0.92840728,0.92419145,0.91795679,0.91040495,0.90230011,0.89441042,0.88744923,0.88202140,0.87857970,0.87739576,0.87854822,0.88192917,0.88726741,0.89416524,0.90214437,0.91069548,0.91932634,0.92760348,0.93518322,0.94182921,0.94741538,0.95191517,0.95537982,0.95790945,0.95962112,0.96061801
0.88189695,0.88062818,0.88205761,0.88618900,0.89263046,0.90060960,0.90905027,0.91670488,0.92232437,0.92483837,0.92351400,0.91806494,0.90869178,0.89604879,0.88114653,0.86521057,0.84952217,0.83526727,0.82341535,0.81464281,0.80930608,0.80746041,0.80891264,0.81329144,0.82011862,0.82886830,0.83900725,0.85001568,0.86139349,0.87265918,0.88334975,0.89302763,0.90129813,0.90783677,0.91242221,0.91496803,0.91554569,0.91439224,0.91189888,0.90857992,0.90502528,0.90184184,0.89959120,0.89873154,0.89957080,0.90223647,0.90666524,0.91261268,0.91968085,0.92735977,0.93507729,0.94225153,0.94834015,0.95288197,0.95552747,0.95605690,0.95438625,0.95056294,0.94475412,0.93723069,0.92834999,0.91853890,0.90827790,0.89808507,0.88849814,0.88005258,0.87325421,0.86854666,0.86627536,0.86665194,0.86972403,0.87535607,0.88322606,0.89284184,0.90357699,0.91472375,0.92555678,0.93539974,0.94368591,0.95000495,0.95413047,0.95602584,0.95582958,0.95382449,0.95039707,0.94599463,0.94108632,0.93613235,0.93156226,0.92776053,0.92505608,0.92371156,0.92390993,0.92573755,0.92916538,0.93403244,0.94003633,0.94673601,0.95357057,0.95989506
0.95682969,0.95165940,0.94777251,0.94548502,0.94483249,0.94560123,0.94740430,0.94978614,0.95233253,0.95476122,0.95697211,0.95904613,0.96119472,0.96367415,0.96668727,0.97029759,0.97437715,0.97860133,0.98249323,0.98550877,0.98714471,0.98704563,0.98508597,0.98140830,0.97640898,0.97067437,0.96488145,0.95968405,0.95560775,0.95297343,0.95186260,0.95212799,0.95344383,0.95538211,0.95749687,0.95939844,0.96080347,0.96155395,0.96160620,0.96099811,0.95980702,0.95811126,0.95596594,0.95339857,0.95042390,0.94707217,0.94342073,0.93961824,0.93589240,0.93253639,0.92987518,0.92821786,0.92780631,0.92877121,0.93110531,0.93465980,0.93916468,0.94426886,0.94959184,0.95477642,0.95953256,0.96366473,0.96707959,0.96977520,0.97181713,0.97330881,0.97436403,0.97508734,0.97556567,0.97587051,0.97606756,0.97622839,0.97643858,0.97679818,0.97741262,0.97837572,0.97974879,0.98154161,0.98370079,0.98610943,0.98859911,0.99097231,0.99303077,0.99460395,0.99557151,0.99587550,0.99552016,0.99456058,0.99308405,0.99118979,0.98897260,0.98651456,0.98388619,0.98115529,0.97839936,0.97571575,0.97322409,0.97105721,0.96933961,0.96815595
0.92345105,0.91589450,0.90993987,0.90563713,0.90279950,0.90109357,0.90014760,0.89965324,0.89943813,0.89949395,0.89995570,0.90103942,0.90295526,0.90581790,0.90957601,0.91397733,0.91857733,0.92278908,0.92596313,0.92748015,0.92683733,0.92371278,0.91799802,0.90979687,0.89939604,0.88721850,0.87377207,0.85960494,0.84527520,0.83133598,0.81833207,0.80680006,0.79726309,0.79021313,0.78607810,0.78517628,0.78766507,0.79349445,0.80237611,0.81377742,0.82694523,0.84095941,0.85481002,0.86748790,0.87807639,0.88583192,0.89024401,0.89106921,0.88833772,0.88233563,0.87356809,0.86271047,0.85055354,0.83794808,0.82575159,0.81477872,0.80575579,0.79927990,0.79578401,0.79551003,0.79849281,0.80455785,0.81333479,0.82428729,0.83675770,0.85002250,0.86335264,0.87607172,0.88760543,0.89751717,0.90552756,0.91151793,0.91552026,0.91769744,0.91831789,0.91772829,0.91632692,0.91453837,0.91278935,0.91148419,0.91097921,0.91155595,0.91339538,0.91655635,0.92096252,0.92640185,0.93254099,0.93895505,0.94517034,0.95071502,0.95517054,0.95821612,0.95965886,0.95944501,0.95765111,0.95445788,0.95011278,0.94488884,0.93904709,0.93280847
0.97117470,0.96692504,0.96214904,0.95716282,0.95216180,0.94721964,0.94231444,0.93737642,0.93234468,0.92721709,0.92207754,0.91709024,0.91245998,0.90836746,0.90489676,0.90197493,0.89934161,0.89656013,0.89307266,0.88829223,0.88171587,0.87303673,0.86223144,0.84960274,0.83576653,0.82158448,0.80805487,0.79618253,0.78685132,0.78072060,0.77816060,0.77923356,0.78371815,0.79116720,0.80098266,0.81249086,0.82500333,0.83785539,0.85042193,0.86211722,0.87238932,0.88072020,0.88663993,0.88975823,0.88981067,0.88671122,0.88059896,0.87186590,0.86115519,0.84932446,0.83737613,0.82636325,0.81728433,0.81098293,0.80806663,0.80885653,0.81337297,0.82135652,0.83231786,0.84560528,0.86047760,0.87617103,0.89195235,0.90715514,0.92120015,0.93360401,0.94398216,0.95205124,0.95763485,0.96067366,0.96123757,0.95953539,0.95591629,0.95085792,0.94493884,0.93879583,0.93307017,0.92834937,0.92511217,0.92368461,0.92421352,0.92666113,0.93082134,0.93635424,0.94283314,0.94979647,0.95679734,0.96344493,0.96943378,0.97455948,0.97872115,0.98191248,0.98420450,0.98572326,0.98662560,0.98707523,0.98722050,0.98717427,0.98699651,0.98668007
0.84504285,0.84460519,0.84655791,0.85052286,0.85601635,0.86254074,0.86965405,0.87700869,0.88435829,0.89153849,0.89843281,0.90493576,0.91092460,0.91624708,0.92072789,0.92419072,0.92648886,0.92753540,0.92732473,0.92594026,0.92354745,0.92037474,0.91668744,0.91276018,0.90885279,0.90519341,0.90196998,0.89932973,0.89738343,0.89621096,0.89586447,0.89636756,0.89771103,0.89984731,0.90268659,0.90609688,0.90990900,0.91392637,0.91793801,0.92173285,0.92511287,0.92790308,0.92995740,0.93116105,0.93143137,0.93071990,0.92901760,0.92636406,0.92285886,0.91867239,0.91405164,0.90931732,0.90484912,0.90105831,0.89834942,0.89707552,0.89749401,0.89973077,0.90375937,0.90939983,0.91633762,0.92415977,0.93240221,0.94060026,0.94833409,0.95526229,0.96113951,0.96581763,0.96923371,0.97139034,0.97233510,0.97214482,0.97091829,0.96877788,0.96587758,0.96241294,0.95862700,0.95480718,0.95127005,0.94833425,0.94628521,0.94533820,0.94560705,0.94708563,0.94964625,0.95305619,0.95700987,0.96117072,0.96521546,0.96887226,0.97194652,0.97432996,0.97599318,0.97696491,0.97730414,0.97707197,0.97630950,0.97502575,0.97319648,0.97077216
0.95850965,0.96587588,0.97297335,0.97943384,0.98474729,0.98835976,0.98979266,0.98876009,0.98526009,0.97961970,0.97248203,0.96473487,0.95739192,0.95144675,0.94772442,0.94675537,0.94869107,0.95327331,0.95985979,0.96749988,0.97504774,0.98129526,0.98510574,0.98553118,0.98190044,0.97387155,0.96144841,0.94496690,0.92505829,0.90259868,0.87865101,0.85440441,0.83111274,0.81003262,0.79236009,0.77916526,0.77132522,0.76945775,0.77386033,0.78446142,0.80079152,0.82198136,0.84679204,0.87367869,0.90088495,0.92656186,0.94890104,0.96626996,0.97733643,0.98117016,0.97731183,0.96580388,0.94718116,0.92242394,0.89287914,0.86015855,0.82602399,0.79226996,0.76061327,0.73259719,0.70951505,0.69235553,0.68176960,0.67805782,0.68117545,0.69075323,0.70613116,0.72640321,0.75047116,0.77710573,0.80501362,0.83290804,0.85957979,0.88396453,0.90520111,0.92267559,0.93604653,0.94524849,0.95047297,0.95212846,0.95078344,0.94709850,0.94175527,0.93539047,0.92854274,0.92161799,0.91487587,0.90843697,0.90230720,0.89641404,0.89064785,0.88490159,0.87910262,0.87323238,0.86733186,0.86149381,0.85584513,0.85052423,0.84565825,0.84134392
0.95960905,0.95819888,0.95703109,0.95613299,0.95543600,0.95482874,0.95421646,0.95357160,0.95296237,0.95255213,0.95256999,0.95325974,0.95481999,0.95734982,0.96081304,0.96502935,0.96969451,0.97442483,0.97881600,0.98250372,0.98521385,0.98679302,0.98721563,0.98656835,0.98501841,0.98277450,0.98005006,0.97703704,0.97389439,0.97075098,0.96771880,0.96490979,0.96244924,0.96048060,0.95915893,0.95863381,0.95902506,0.96039661,0.96273489,0.96593672,0.96981009,0.97408824,0.97845430,0.98257247,0.98612044,0.98881860,0.99045270,0.99088829,0.99007667,0.98805365,0.98493278,0.98089493,0.97617581,0.97105165,0.96582321,0.96079774,0.95626919,0.95249796,0.94969195,0.94799136,0.94745919,0.94807922,0.94976170,0.95235624,0.95566978,0.95948650,0.96358626,0.96775865,0.97181116,0.97557184,0.97888826,0.98162560,0.98366665,0.98491553,0.98530595,0.98481292,0.98346538,0.98135591,0.97864354,0.97554638,0.97232309,0.96924481,0.96656170,0.96447016,0.96308686,0.96243489,0.96244524,0.96297353,0.96382937,0.96481273,0.96574995,0.96652233,0.96708134,0.96744745,0.96769335,0.96791532,0.96819915,0.96858785,0.96905758,0.96950655
0.96620184,0.96376435,0.96049949,0.95697932,0.95360615,0.95053819,0.94767163,0.94468240,0.94111900,0.93652729,0.93058142,0.92319300,0.91457491,0.90524550,0.89597155,0.88766075,0.88122393,0.87743153,0.87678877,0.87944973,0.88518362,0.89339793,0.90321384,0.91358004,0.92340511,0.93168643,0.93761610,0.94065093,0.94054151,0.93732286,0.93127494,0.92286438,0.91267994,0.90137307,0.88961159,0.87804981,0.86731334,0.85799229,0.85063473,0.84573319,0.84369990,0.84483089,0.84926340,0.85693428,0.86754899,0.88057061,0.89523601,0.91060205,0.92561941,0.93922578,0.95044676,0.95849035,0.96282235,0.96321255,0.95974656,0.95280328,0.94300326,0.93113737,0.91808726,0.90474914,0.89196981,0.88049991,0.87096519,0.86385272,0.85950700,0.85813017,0.85978179,0.86437583,0.87167543,0.88128905,0.89267317,0.90514734,0.91792545,0.93016432,0.94102663,0.94975204,0.95572734,0.95854640,0.95805069,0.95434442,0.94778170,0.93892756,0.92849901,0.91729508,0.90612583,0.89574961,0.88682484,0.87987923,0.87529580,0.87331216,0.87402805,0.87741605,0.88333107,0.89151663,0.90160766,0.91313252,0.92551782,0.93810040,0.95014948,0.96090000
0.98267235,0.98587963,0.98928850,0.99235325,0.99454077,0.99542341,0.99473961,0.99241873,0.98857393,0.98347115,0.97748368,0.97104086,0.96457802,0.95849224,0.95310678,0.94864451,0.94521014,0.94278152,0.94121165,0.94024442,0.93954608,0.93875135,0.93751838,0.93558281,0.93280003,0.92916653,0.92481569,0.91998820,0.91498282,0.91009649,0.90556603,0.90152379,0.89797750,0.89481907,0.89186018,0.88888519,0.88570796,0.88221814,0.87840628,0.87436235,0.87024925,0.86625883,0.86256227,0.85926833,0.85640127,0.85390505,0.85167327,0.84959692,0.84761670,0.84576478,0.84418364,0.84311458,0.84285640,0.84370156,0.84586339,0.84941083,0.85422629,0.85999770,0.86624801,0.87239693,0.87784219,0.88204371,0.88459391,0.88526106,0.88399901,0.88092448,0.87627014,0.87032703,0.86339171,0.85573108,0.84757241,0.83911820,0.83057837,0.82220727,0.81433163,0.80735772,0.80175112,0.79798978,0.79649767,0.79757277,0.80132522,0.80764097,0.81618053,0.82641503,0.83769282,0.84932360,0.86066307,0.87118222,0.88050911,0.88843777,0.89490582,0.89994970,0.90365062,0.90608619,0.90729989,0.90729516,0.90605296,0.90356465,0.89986776,0.89507134
0.95649376,0.95486371,0.95305227,0.95057410,0.94706111,0.94235090,0.93651836,0.92985145,0.92278405,0.91580618,0.90937403,0.90383864,0.89940520,0.89612635,0.89392472,0.89263404,0.89204558,0.89194788,0.89215240,0.89250359,0.89287717,0.89317283,0.89330737,0.89321221,0.89283569,0.89214904,0.89115279,0.88988017,0.88839460,0.88677959,0.88512215,0.88349344,0.88193242,0.88043788,0.87897195,0.87747451,0.87588430,0.87416066,0.87229955,0.87033921,0.86835336,0.86643317,0.86466226,0.86309176,0.86172308,0.86050483,0.85934647,0.85814684,0.85683062,0.85538380,0.85387808,0.85247708,0.85142028,0.85098643,0.85144241,0.85298830,0.85571071,0.85955583,0.86432936,0.86972419,0.87537073,0.88089910,0.88600026,0.89047325,0.89424878,0.89738465,0.90003467,0.90239906,0.90466838,0.90697493,0.90936321,0.91178597,0.91412590,0.91623640,0.91799065,0.91932597,0.92027196,0.92095444,0.92157310,0.92235746,0.92351133,0.92515956,0.92731068,0.92984542,0.93253496,0.93508550,0.93719974,0.93864202,0.93929248,0.93917853,0.93847581,0.93747834,0.93654384,0.93602625,0.93621004,0.93726000,0.93919576,0.94189388,0.94511393,0.94853974
0.90616010,0.88403719,0.86195179,0.84069998,0.82071871,0.80212169,0.78480579,0.76860038,0.75342352,0.73940717,0.72696083,0.71675712,0.70964146,0.70648518,0.70801440,0.71465111,0.72639908,0.74279673,0.76294510,0.78560423,0.80933869,0.83268489,0.85430988,0.87313551,0.88841087,0.89972837,0.90699070,0.91034518,0.91010546,0.90667952,0.90051754,0.89208548,0.88186306,0.87035790,0.85812451,0.84577572,0.83397732,0.82342145,0.81478054,0.80864902,0.80548325,0.80555089,0.80889900,0.81534658,0.82450232,0.83580437,0.84857504,0.86208200,0.87559708,0.88844579,0.90004335,0.90991590,0.91770849,0.92318290,0.92620912,0.92675417,0.92487067,0.92068673,0.91439738,0.90625686,0.89657085,0.88568774,0.87398800,0.86187175,0.84974459,0.83800226,0.82701512,0.81711319,0.80857277,0.80160545,0.79635037,0.79287042,0.79115328,0.79111738,0.79262275,0.79548548,0.79949431,0.80442689,0.81006376,0.81619816,0.82264058,0.82921795,0.83576801,0.84213110,0.84814194,0.85362490,0.85839509,0.86226677,0.86506809,0.86665996,0.86695526,0.86593462,0.86365552,0.86025218,0.85592556,0.85092442,0.84552019,0.83998018,0.83454362,0.82940428
0.85913325,0.85196199,0.84758608,0.84657735,0.84891972,0.85400781,0.86076289,0.86784261,0.87390026,0.87783791,0.87899920,0.87726239,0.87301832,0.86704481,0.86031176,0.85376410,0.84813132,0.84380281,0.84079083,0.83878199,0.83725791,0.83565129,0.83349708,0.83054269,0.82679309,0.82248450,0.81799815,0.81373956,0.81001572,0.80694090,0.80439336,0.80203185,0.79936589,0.79586159,0.79105720,0.78466185,0.77661656,0.76710666,0.75652680,0.74541073,0.73434497,0.72388718,0.71450715,0.70655998,0.70029230,0.69587290,0.69343375,0.69310544,0.69503360,0.69936943,0.70623494,0.71567112,0.72758259,0.74169377,0.75752944,0.77442695,0.79158007,0.80810730,0.82313261,0.83586444,0.84566018,0.85206748,0.85483931,0.85392565,0.84944906,0.84167392,0.83097808,0.81783273,0.80279158,0.78648618,0.76962105,0.75296183,0.73731111,0.72347022,0.71218899,0.70411005,0.69971634,0.69929188,0.70290351,0.71040747,0.72147909,0.73565903,0.75240597,0.77114530,0.79130523,0.81233621,0.83371373,0.85492966,0.87547991,0.89485753,0.91255886,0.92810625,0.94108555,0.95119072,0.95826441,0.96232282,0.96355579,0.96229873,0.95897933,0.95404768
0.95818773,0.95366287,0.94948599,0.94608414,0.94382721,0.94297279,0.94360955,0.94561621,0.94865246,0.95219101,0.95559001,0.95819324,0.95943783,0.95894619,0.95658275,0.95246383,0.94692004,0.94042048,0.93347689,0.92655012,0.91998033,0.91395658,0.90853038,0.90366612,0.89931122,0.89546411,0.89221945,0.88977707,0.88841095,0.88840565,0.88997592,0.89319059,0.89792140,0.90383263,0.91041712,0.91707344,0.92320789,0.92833880,0.93217977,0.93468337,0.93603609,0.93660642,0.93685833,0.93724994,0.93813972,0.93972055,0.94199459,0.94479191,0.94782538,0.95076608,0.95331975,0.95528561,0.95658493,0.95725470,0.95741114,0.95719502,0.95671517,0.95600644,0.95501398,0.95360846,0.95162801,0.94893567,0.94547647,0.94131850,0.93666599,0.93183977,0.92722814,0.92321911,0.92012948,0.91814750,0.91730262,0.91746954,0.91840534,0.91981070,0.92140038,0.92296658,0.92442043,0.92580282,0.92726266,0.92900875,0.93124726,0.93411982,0.93765707,0.94175794,0.94619894,0.95066985,0.95482650,0.95834739,0.96098087,0.96257295,0.96307091,0.96250456,0.96095217,0.95850206,0.95522097,0.95113831,0.94625017,0.94054138,0.93401844,0.92674254
0.94831735,0.94781056,0.94570535,0.94204925,0.93696849,0.93061410,0.92311772,0.91457418,0.90505921,0.89467909,0.88363758,0.87229762,0.86121506,0.85112762,0.84289313,0.83738387,0.83535430,0.83730686,0.84338303,0.85330370,0.86637413,0.88155632,0.89759729,0.91319056,0.92714190,0.93851098,0.94670725,0.95152825,0.95313988,0.95200847,0.94880165,0.94427870,0.93918975,0.93419803,0.92983167,0.92646364,0.92431248,0.92345398,0.92383479,0.92528240,0.92751043,0.93012269,0.93262245,0.93443421,0.93494302,0.93355216,0.92975423,0.92320574,0.91379205,0.90166968,0.88727578,0.87130008,0.85462098,0.83821420,0.82304731,0.80997655,0.79966142,0.79250907,0.78865445,0.78797539,0.79013584,0.79464665,0.80093184,0.80838974,0.81644138,0.82456313,0.83230497,0.83929921,0.84526550,0.85001741,0.85347280,0.85566684,0.85676320,0.85705749,0.85696654,0.85699949,0.85770952,0.85962982,0.86320150,0.86870459,0.87620420,0.88552248,0.89624294,0.90774789,0.91928403,0.93004633,0.93926728,0.94629848,0.95067309,0.95214189,0.95068013,0.94646811,0.93985215,0.93129530,0.92132734,0.91050137,0.89936105,0.88841836,0.87813868,0.86892838
0.94938066,0.94685209,0.94582120,0.94648656,0.94857139,0.95138572,0.95398359,0.95538243,0.95479652,0.95183164,0.94659589,0.93970099,0.93215379,0.92516272,0.91990223,0.91728500,0.91778804,0.92136466,0.92745540,0.93509054,0.94305883,0.95010612,0.95512434,0.95729741,0.95618310,0.95172594,0.94421137,0.93418163,0.92233803,0.90945164,0.89629683,0.88361229,0.87208509,0.86234650,0.85496690,0.85043879,0.84914343,0.85130337,0.85693040,0.86578236,0.87734293,0.89083482,0.90527068,0.91953765,0.93250504,0.94313907,0.95060788,0.95436199,0.95418011,0.95017702,0.94277615,0.93265468,0.92067172,0.90779011,0.89500070,0.88325464,0.87340608,0.86616523,0.86206080,0.86141101,0.86430366,0.87058714,0.87987540,0.89156963,0.90489845,0.91897546,0.93287005,0.94568431,0.95662714,0.96507663,0.97062369,0.97309276,0.97253937,0.96922719,0.96359029,0.95618702,0.94765209,0.93865147,0.92984257,0.92183961,0.91518290,0.91031053,0.90753246,0.90700842,0.90873316,0.91253277,0.91807572,0.92490062,0.93245997,0.94017631,0.94750341,0.95398340,0.95928975,0.96324833,0.96583241,0.96713331,0.96731297,0.96654889,0.96498292,0.96268413
0.88114145,0.88481982,0.88718235,0.88830777,0.88816202,0.88658835,0.88334674,0.87819638,0.87100340,0.86184715,0.85109621,0.83943013,0.82779477,0.81729477,0.80904091,0.80398092,0.80274589,0.80554218,0.81211032,0.82176014,0.83347667,0.84607713,0.85838942,0.86941828,0.87846938,0.88521166,0.88967219,0.89217153,0.89321867,0.89339061,0.89322183,0.89312450,0.89335137,0.89400236,0.89506600,0.89647905,0.89818534,0.90017671,0.90250554,0.90526663,0.90855478,0.91241034,0.91676845,0.92142616,0.92603782,0.93014206,0.93321641,0.93474964,0.93431770,0.93164885,0.92666619,0.91950067,0.91047401,0.90005681,0.88881137,0.87733052,0.86618279,0.85587139,0.84681040,0.83931725,0.83361749,0.82985613,0.82810936,0.82839236,0.83066139,0.83481102,0.84067023,0.84800133,0.85650533,0.86583541,0.87561754,0.88547582,0.89505857,0.90406121,0.91224259,0.91943269,0.92553148,0.93050104,0.93435411,0.93714321,0.93895321,0.93989838,0.94012282,0.93980140,0.93913823,0.93836008,0.93770352,0.93739642,0.93763599,0.93856695,0.94026428,0.94272456,0.94586840,0.94955345,0.95359493,0.95778817,0.96192734,0.96581536,0.96926275,0.97207598
0.96771217,0.96804552,0.96722535,0.96552069,0.96316988,0.96033972,0.95710518,0.95345692,0.94933689,0.94469324,0.93954018,0.93400577,0.92835334,0.92296870,0.91831392,0.91485579,0.91298383,0.91293492,0.91474165,0.91821649,0.92297683,0.92850611,0.93423834,0.93964769,0.94432449,0.94802290,0.95067259,0.95235510,0.95325317,0.95358622,0.95354764,0.95325817,0.95274499,0.95194967,0.95076068,0.94906055,0.94677445,0.94390753,0.94056189,0.93692932,0.93326226,0.92983032,0.92687322,0.92456128,0.92297267,0.92209214,0.92183059,0.92205974,0.92265281,0.92352090,0.92463611,0.92603634,0.92781050,0.93006836,0.93290214,0.93634935,0.94036544,0.94481275,0.94946817,0.95404765,0.95824218,0.96175747,0.96434954,0.96584966,0.96617505,0.96532541,0.96336828,0.96041872,0.95661955,0.95212719,0.94710657,0.94173480,0.93621122,0.93076849,0.92567923,0.92125305,0.91782116,0.91570886,0.91519898,0.91649217,0.91967071,0.92467272,0.93128202,0.93913640,0.94775379,0.95657321,0.96500449,0.97247990,0.97850108,0.98267599,0.98474309,0.98458189,0.98221140,0.97777885,0.97154173,0.96384591,0.95510200,0.94576071,0.93628752,0.92713553
0.92778245,0.92476868,0.92453240,0.92728357,0.93290955,0.94094935,0.95060269,0.96078661,0.97024482,0.97770369,0.98205516,0.98253660,0.97887328,0.97135385,0.96082035,0.94856996,0.93618101,0.92528939,0.91735057,0.91342595,0.91402965,0.91906148,0.92783591,0.93919857,0.95170570,0.96383228,0.97417219,0.98159972,0.98537193,0.98516452,0.98104632,0.97340840,0.96286950,0.95018097,0.93614929,0.92158569,0.90728210,0.89400411,0.88248697,0.87342114,0.86741810,0.86495529,0.86630657,0.87147240,0.88012747,0.89160341,0.90491882,0.91886025,0.93210672,0.94338064,0.95160147,0.95601639,0.95628612,0.95251161,0.94519826,0.93516579,0.92342143,0.91102009,0.89893595,0.88796579,0.87867617,0.87139647,0.86625035,0.86321076,0.86216089,0.86294469,0.86539558,0.86933976,0.87457809,0.88085697,0.88784181,0.89510591,0.90214353,0.90840913,0.91337737,0.91661238,0.91783128,0.91694757,0.91408412,0.90955201,0.90379965,0.89734263,0.89068919,0.88427670,0.87843133,0.87335768,0.86915724,0.86586779,0.86351064,0.86213063,0.86181640,0.86269376,0.86489242,0.86849382,0.87347307,0.87964999,0.88666297,0.89397410,0.90090783,0.90671745
0.93926322,0.93574016,0.93391395,0.93388921,0.93541175,0.93797138,0.94094919,0.94377465,0.94605593,0.94765362,0.94868252,0.94944435,0.95031167,0.95159488,0.95342712,0.95569607,0.95803964,0.95990659,0.96066825,0.95975544,0.95678915,0.95167515,0.94464117,0.93620903,0.92710910,0.91815707,0.91012054,0.90360362,0.89897144,0.89632658,0.89553659,0.89630107,0.89823883,0.90097318,0.90419644,0.90770158,0.91137849,0.91518172,0.91908321,0.92302617,0.92689500,0.93051004,0.93364905,0.93608922,0.93765828,0.93828048,0.93800517,0.93700968,0.93557484,0.93403834,0.93273592,0.93194344,0.93183202,0.93244503,0.93370016,0.93541409,0.93734229,0.93922406,0.94082295,0.94195491,0.94250067,0.94240302,0.94165363,0.94027596,0.93831110,0.93581130,0.93284235,0.92949301,0.92588622,0.92218670,0.91859985,0.91535976,0.91270675,0.91085834,0.90997955,0.91015924,0.91139856,0.91361454,0.91665839,0.92034415,0.92448045,0.92889786,0.93346524,0.93809218,0.94271812,0.94729241,0.95175201,0.95600409,0.95991969,0.96334179,0.96610704,0.96807636,0.96916634,0.96937232,0.96877527,0.96752850,0.96582508,0.96385182,0.96173960,0.95952086
0.95760063,0.96199520,0.96557098,0.96817315,0.96958926,0.96957413,0.96789647,0.96440130,0.95907712,0.95211279,0.94392865,0.93517006,0.92665816,0.91930172,0.91398189,0.91142775,0.91210297,0.91612264,0.92321512,0.93273645,0.94373608,0.95506380,0.96550065,0.97389314,0.97927087,0.98093278,0.97849399,0.97189354,0.96136939,0.94741150,0.93070516,0.91207519,0.89243790,0.87276257,0.85403978,0.83725039,0.82332855,0.81311437,0.80729593,0.80634507,0.81045603,0.81949807,0.83299356,0.85013001,0.86980954,0.89073320,0.91151087,0.93078326,0.94734002,0.96021882,0.96877398,0.97270822,0.97206739,0.96720336,0.95871442,0.94737436,0.93406068,0.91969029,0.90516669,0.89133969,0.87897485,0.86872924,0.86112986,0.85655292,0.85520456,0.85710589,0.86208669,0.86979225,0.87970653,0.89119194,0.90354310,0.91604879,0.92805431,0.93901575,0.94853897,0.95639830,0.96253364,0.96702852,0.97007433,0.97192837,0.97287288,0.97318105,0.97309367,0.97280689,0.97246965,0.97218753,0.97202928,0.97203309,0.97221069,0.97254927,0.97301284,0.97354491,0.97407456,0.97452626,0.97483222,0.97494443,0.97484269,0.97453510,0.97404884,0.97341114
0.95225279,0.94674079,0.94074535,0.93472512,0.92901945,0.92383227,0.91924240,0.91524013,0.91178394,0.90886551,0.90656634,0.90508926,0.90475294,0.90594594,0.90904704,0.91432661,0.92184982,0.93140335,0.94246522,0.95422982,0.96569028,0.97576723,0.98346170,0.98800311,0.98896276,0.98631097,0.98040762,0.97193047,0.96175772,0.95082981,0.94001848,0.93002798,0.92134488,0.91424119,0.90882195,0.90509858,0.90306331,0.90274193,0.90420898,0.90756090,0.91285478,0.92002985,0.92883467,0.93878254,0.94915180,0.95903716,0.96744639,0.97342519,0.97618664,0.97521999,0.97035835,0.96179389,0.95004056,0.93585482,0.92013330,0.90380864,0.88776342,0.87277479,0.85949312,0.84844855,0.84007194,0.83471445,0.83265147,0.83406363,0.83899573,0.84730349,0.85860413,0.87224891,0.88733273,0.90274877,0.91728591,0.92975661,0.93913539,0.94468382,0.94604021,0.94325784,0.93678556,0.92739578,0.91607428,0.90389285,0.89188709,0.88095810,0.87180968,0.86492339,0.86056539,0.85881330,0.85958912,0.86268648,0.86778598,0.87445948,0.88217038,0.89028087,0.89807636,0.90481345,0.90979033,0.91243135,0.91237088,0.90951878,0.90409067,0.89659140
0.95190186,0.95473244,0.95454121,0.95212138,0.94810843,0.94289960,0.93666274,0.92942220,0.92119038,0.91210242,0.90251311,0.89302630,0.88444674,0.87766479,0.87350172,0.87255264,0.87506428,0.88087615,0.88943811,0.89989971,0.91125007,0.92247683,0.93271045,0.94132585,0.94798590,0.95262546,0.95538858,0.95654049,0.95637925,0.95516899,0.95310812,0.95033480,0.94696119,0.94312049,0.93900833,0.93490316,0.93115708,0.92815733,0.92626714,0.92576007,0.92676381,0.92922753,0.93292034,0.93746109,0.94237213,0.94714438,0.95129961,0.95443814,0.95626461,0.95659110,0.95532216,0.95243057,0.94793390,0.94188034,0.93434841,0.92545954,0.91539815,0.90443052,0.89291391,0.88128987,0.87005975,0.85974537,0.85084163,0.84377033,0.83884436,0.83624916,0.83604414,0.83818137,0.84253470,0.84893017,0.85716857,0.86703468,0.87829133,0.89066184,0.90380764,0.91731022,0.93066618,0.94330156,0.95460693,0.96398972,0.97093495,0.97506340,0.97617603,0.97427662,0.96956934,0.96243315,0.95337952,0.94300256,0.93193126,0.92079138,0.91018111,0.90065959,0.89274296,0.88690013,0.88354008,0.88298565,0.88543324,0.89090359,0.89919326,0.90983864
0.97003093,0.97344825,0.97544212,0.97560456,0.97356583,0.96909395,0.96218078,0.95309455,0.94238582,0.93084409,0.91941262,0.90907721,0.90074837,0.89515650,0.89277481,0.89377859,0.89804149,0.90516273,0.91451552,0.92530615,0.93663567,0.94755994,0.95714706,0.96453353,0.96898014,0.96992741,0.96704789,0.96028987,0.94990525,0.93645327,0.92077390,0.90392830,0.88710984,0.87153544,0.85833108,0.84842744,0.84247956,0.84082005,0.84344947,0.85006099,0.86009161,0.87278859,0.88727977,0.90263787,0.91793366,0.93227690,0.94484854,0.95492934,0.96193007,0.96542570,0.96519225,0.96124101,0.95384175,0.94352606,0.93106336,0.91740696,0.90361288,0.89074068,0.87974944,0.87140448,0.86620894,0.86437013,0.86580444,0.87017755,0.87697047,0.88555825,0.89528689,0.90553652,0.91576315,0.92551738,0.93444348,0.94226665,0.94877751,0.95382199,0.95730140,0.95918251,0.95951320,0.95843578,0.95618979,0.95309827,0.94953564,0.94588059,0.94246186,0.93950751,0.93710888,0.93520808,0.93361345,0.93204134,0.93017665,0.92774001,0.92454771,0.92055212,0.91585459,0.91068901,0.90538059,0.90028931,0.89575016,0.89202221,0.88925536,0.88747859
0.91927373,0.91716031,0.91498657,0.91305857,0.91171144,0.91122605,0.91174837,0.91323592,0.91544781,0.91798344,0.92036137,0.92211971,0.92291365,0.92258745,0.92120475,0.91903145,0.91647624,0.91400359,0.91203919,0.91088890,0.91068821,0.91139127,0.91279913,0.91461807,0.91653280,0.91827728,0.91968799,0.92072956,0.92148991,0.92214913,0.92293163,0.92405409,0.92568114,0.92789748,0.93070024,0.93401033,0.93769673,0.94160565,0.94558587,0.94950388,0.95324589,0.95670799,0.95977902,0.96232328,0.96416984,0.96511420,0.96493456,0.96342183,0.96041844,0.95585869,0.94980191,0.94245069,0.93414878,0.92535712,0.91661041,0.90846007,0.90141197,0.89586815,0.89208150,0.89012996,0.88991394,0.89117653,0.89354224,0.89656780,0.89979664,0.90280955,0.90526513,0.90692576,0.90766764,0.90747589,0.90642810,0.90467137,0.90239777,0.89982227,0.89716534,0.89464027,0.89244400,0.89074943,0.88969738,0.88938679,0.88986310,0.89110572,0.89301760,0.89542028,0.89805855,0.90061693,0.90274863,0.90411441,0.90442685,0.90349357,0.90125259,0.89779352,0.89335974,0.88832982,0.88317943,0.87842858,0.87458117,0.87206512,0.87118079,0.87206342
0.92852938,0.91884332,0.91070726,0.90455599,0.90060461,0.89886429,0.89918031,0.90128735,0.90487319,0.90963838,0.91533952,0.92180689,0.92893373,0.93664126,0.94482956,0.95332782,0.96185820,0.97002540,0.97733897,0.98326808,0.98731985,0.98912480,0.98850966,0.98553925,0.98051608,0.97393593,0.96640809,0.95855626,0.95092090,0.94388323,0.93762682,0.93214444,0.92728724,0.92284369,0.91862801,0.91455623,0.91069085,0.90724366,0.90453607,0.90292677,0.90272387,0.90410246,0.90704684,0.91133099,0.91654167,0.92213842,0.92753620,0.93219201,0.93567657,0.93771708,0.93820472,0.93716950,0.93473288,0.93105339,0.92628125,0.92053432,0.91390110,0.90646796,0.89836070,0.88978598,0.88105756,0.87259608,0.86489758,0.85847421,0.85377830,0.85112610,0.85063848,0.85221293,0.85553405,0.86012095,0.86540201,0.87080115,0.87581821,0.88008742,0.88340399,0.88571611,0.88708823,0.88764812,0.88753335,0.88685206,0.88566762,0.88400938,0.88190399,0.87941567,0.87668166,0.87392977,0.87146989,0.86965817,0.86884014,0.86928571,0.87113224,0.87435072,0.87874484,0.88398440,0.88966552,0.89538340,0.90079985,0.90568907,0.90995020,0.91358301
0.98155306,0.97781539,0.97316261,0.96749471,0.96066506,0.95254646,0.94309907,0.93242811,0.92082025,0.90875064,0.89685718,0.88588381,0.87660052,0.86971194,0.86576888,0.86509619,0.86774759,0.87349332,0.88184161,0.89209092,0.90340563,0.91490556,0.92575721,0.93525506,0.94288271,0.94834761,0.95158757,0.95275168,0.95216119,0.95025755,0.94754513,0.94453559,0.94169953,0.93942924,0.93801425,0.93762905,0.93833079,0.94006444,0.94267283,0.94591023,0.94945880,0.95294819,0.95597842,0.95814668,0.95907746,0.95845528,0.95605764,0.95178492,0.94568323,0.93795609,0.92896185,0.91919510,0.90925255,0.89978590,0.89144602,0.88482440,0.88039818,0.87848507,0.87921300,0.88250783,0.88809983,0.89554772,0.90427703,0.91362817,0.92290910,0.93144760,0.93863877,0.94398449,0.94712262,0.94784497,0.94610397,0.94200875,0.93581235,0.92789158,0.91872135,0.90884506,0.89884225,0.88929503,0.88075505,0.87371286,0.86857156,0.86562622,0.86504975,0.86688570,0.87104811,0.87732848,0.88540972,0.89488654,0.90529099,0.91612174,0.92687510,0.93707584,0.94630601,0.95422917,0.96060774,0.96531114,0.96831318,0.96967865,0.96954032,0.96806940
0.87403729,0.86093075,0.85175381,0.84716420,0.84722596,0.85144991,0.85891815,0.86846762,0.87889679,0.88915623,0.89848803,0.90649161,0.91311047,0.91855231,0.92316782,0.92731992,0.93127334,0.93512696,0.93879926,0.94206501,0.94462930,0.94621774,0.94665860,0.94593622,0.94420326,0.94175063,0.93894456,0.93614789,0.93364544,0.93159092,0.92998679,0.92870052,0.92751205,0.92618071,0.92451577,0.92243452,0.91999524,0.91739841,0.91495715,0.91304437,0.91202873,0.91221273,0.91378490,0.91679376,0.92114637,0.92662871,0.93294144,0.93974210,0.94668509,0.95345256,0.95977301,0.96542786,0.97024907,0.97411284,0.97693404,0.97866497,0.97929968,0.97888254,0.97751802,0.97537727,0.97269736,0.96977071,0.96692387,0.96448794,0.96276428,0.96199095,0.96231488,0.96377438,0.96629431,0.96969456,0.97371023,0.97802005,0.98227911,0.98615152,0.98933933,0.99160551,0.99278924,0.99281374,0.99168661,0.98949387,0.98638855,0.98257503,0.97829032,0.97378359,0.96929541,0.96503840,0.96118108,0.95783673,0.95505842,0.95284115,0.95113043,0.94983586,0.94884720,0.94804972,0.94733599,0.94661186,0.94579576,0.94481227,0.94358193,0.94201053
0.94501952,0.94485203,0.94719594,0.95201488,0.95880108,0.96661351,0.97420179,0.98020184,0.98337086,0.98281688,0.97817626,0.96970212,0.95824519,0.94513090,0.93195701,0.92035026,0.91172569,0.90708904,0.90691157,0.91109132,0.91899774,0.92958251,0.94153029,0.95342130,0.96388166,0.97170590,0.97594526,0.97596376,0.97146834,0.96252072,0.94953558,0.93326561,0.91476924,0.89535493,0.87649705,0.85972294,0.84647715,0.83797599,0.83507018,0.83813568,0.84701062,0.86099084,0.87888796,0.89914414,0.91998873,0.93961610,0.95636153,0.96885441,0.97613312,0.97771283,0.97360467,0.96429025,0.95065989,0.93392421,0.91550875,0.89693961,0.87972654,0.86524887,0.85464994,0.84874651,0.84796073,0.85228248,0.86126873,0.87408339,0.88957743,0.90640286,0.92314927,0.93848675,0.95129711,0.96077671,0.96649827,0.96842596,0.96688495,0.96249354,0.95606986,0.94852805,0.94077761,0.93363750,0.92777156,0.92364703,0.92151405,0.92140168,0.92312632,0.92631061,0.93041257,0.93476707,0.93864107,0.94130307,0.94210353,0.94055986,0.93643493,0.92979611,0.92104135,0.91088221,0.90027993,0.89033908,0.88217117,0.87674727,0.87476110,0.87652355
0.92696006,0.92620682,0.92745376,0.93056886,0.93517104,0.94068779,0.94643006,0.95168105,0.95579298,0.95828178,0.95890574,0.95771284,0.95504514,0.95149518,0.94781866,0.94481539,0.94319722,0.94346449,0.94581327,0.95009166,0.95581582,0.96224443,0.96849834,0.97370177,0.97711754,0.97825124,0.97690753,0.97319268,0.96746856,0.96027220,0.95222046,0.94392088,0.93590599,0.92860117,0.92232599,0.91731928,0.91377224,0.91185242,0.91170565,0.91343103,0.91703283,0.92236185,0.92906356,0.93655176,0.94402220,0.95051305,0.95500797,0.95656738,0.95446563,0.94830889,0.93811143,0.92431514,0.90774797,0.88952798,0.87092986,0.85323670,0.83760181,0.82494120,0.81586999,0.81068555,0.80939092,0.81174502,0.81732342,0.82557492,0.83586428,0.84749811,0.85973801,0.87181016,0.88292235,0.89229752,0.89922772,0.90314493,0.90369849,0.90082372,0.89478514,0.88618066,0.87589907,0.86503244,0.85475339,0.84617534,0.84021745,0.83749620,0.83826059,0.84238005,0.84938420,0.85854462,0.86898195,0.87977918,0.89008320,0.89918151,0.90654798,0.91185811,0.91498042,0.91595355,0.91495892,0.91229646,0.90836612,0.90365270,0.89870784,0.89412145
0.96438332,0.95960039,0.95581370,0.95324844,0.95184030,0.95129413,0.95118753,0.95109524,0.95070495,0.94989742,0.94877277,0.94761832,0.94682818,0.94679639,0.94781093,0.94997419,0.95316836,0.95707275,0.96122790,0.96513073,0.96833786,0.97055289,0.97167771,0.97181760,0.97124111,0.97030704,0.96937759,0.96873867,0.96854514,0.96880154,0.96937978,0.97006687,0.97062874,0.97087360,0.97069923,0.97011368,0.96922619,0.96821306,0.96726896,0.96655741,0.96617294,0.96612395,0.96633918,0.96669486,0.96705424,0.96730895,0.96741130,0.96738982,0.96734482,0.96742585,0.96779747,0.96860195,0.96992772,0.97179040,0.97412930,0.97681862,0.97968899,0.98255301,0.98522842,0.98755413,0.98939710,0.99065098,0.99123002,0.99106278,0.99008993,0.98826854,0.98558297,0.98205966,0.97778133,0.97289553,0.96761368,0.96219872,0.95694253,0.95213665,0.94804189,0.94486237,0.94272901,0.94169492,0.94174252,0.94279946,0.94475829,0.94749433,0.95087698,0.95477220,0.95903661,0.96350681,0.96798912,0.97225532,0.97604868,0.97910177,0.98116449,0.98203752,0.98160449,0.97985549,0.97689582,0.97293655,0.96826732,0.96321552,0.95809900,0.95318068
0.95721061,0.95428491,0.94984906,0.94426303,0.93797730,0.93147413,0.92520746,0.91955573,0.91479835,0.91111928,0.90863318,0.90742204,0.90756735,0.90916470,0.91231309,0.91707946,0.92344582,0.93125252,0.94015376,0.94960140,0.95886863,0.96711678,0.97349879,0.97728294,0.97797414,0.97540941,0.96980808,0.96176573,0.95219101,0.94219414,0.93294462,0.92552066,0.92077393,0.91923021,0.92103907,0.92597602,0.93349137,0.94279224,0.95294118,0.96295451,0.97188746,0.97889839,0.98329065,0.98453573,0.98228509,0.97637822,0.96685256,0.95395650,0.93816191,0.92016876,0.90089255,0.88142707,0.86297823,0.84677122,0.83393932,0.82540829,0.82179365,0.82332792,0.82983092,0.84072991,0.85512752,0.87190744,0.88986164,0.90781939,0.92475917,0.93988831,0.95268206,0.96288171,0.97045892,0.97555868,0.97843595,0.97939930,0.97877117,0.97686796,0.97399749,0.97046652,0.96658874,0.96268459,0.95906736,0.95601512,0.95373362,0.95231919,0.95173292,0.95179593,0.95221146,0.95261359,0.95263554,0.95198510,0.95051179,0.94825071,0.94543199,0.94245129,0.93980487,0.93800017,0.93745850,0.93842800,0.94092334,0.94470295,0.94928707,0.95401209
0.95773636,0.94988254,0.94167066,0.93379232,0.92682278,0.92113299,0.91684594,0.91385106,0.91187424,0.91058496,0.90971044,0.90912488,0.90888952,0.90923338,0.91048095,0.91294635,0.91682206,0.92209169,0.92849119,0.93553144,0.94257944,0.94897972,0.95418638,0.95787331,0.95999599,0.96079100,0.96071496,0.96033850,0.96022039,0.96079083,0.96226958,0.96463614,0.96765609,0.97095410,0.97411320,0.97677452,0.97871382,0.97987825,0.98037830,0.98044065,0.98033699,0.98030859,0.98050592,0.98095793,0.98157673,0.98219360,0.98261434,0.98267728,0.98229797,0.98148879,0.98034961,0.97903301,0.97769464,0.97644275,0.97530123,0.97419629,0.97297058,0.97142090,0.96934953,0.96661568,0.96317411,0.95909149,0.95453684,0.94974868,0.94498763,0.94048613,0.93640787,0.93282601,0.92972429,0.92701850,0.92459093,0.92232755,0.92014797,0.91802084,0.91596183,0.91401598,0.91223079,0.91062927,0.90919222,0.90785658,0.90653164,0.90512897,0.90359774,0.90195478,0.90030011,0.89881234,0.89772317,0.89727552,0.89767385,0.89903794,0.90137092,0.90454982,0.90834109,0.91243737,0.91650601,0.92023679,0.92337681,0.92574419,0.92721818,0.92770953
0.91857518,0.90817443,0.89948071,0.89349425,0.89074352,0.89120344,0.89430601,0.89904526,0.90415998,0.90836034,0.91055490,0.91003372,0.90657418,0.90045319,0.89237013,0.88330179,0.87432241,0.86642517,0.86037834,0.85663935,0.85533628,0.85631118,0.85920709,0.86357302,0.86896057,0.87499189,0.88138870,0.88796370,0.89458488,0.90112945,0.90744442,0.91332765,0.91853580,0.92281729,0.92596098,0.92784661,0.92848219,0.92801727,0.92672676,0.92496761,0.92311728,0.92150705,0.92036459,0.91977769,0.91968598,0.91990117,0.92015000,0.92013001,0.91956619,0.91825794,0.91610871,0.91313541,0.90945928,0.90528337,0.90086369,0.89648075,0.89241587,0.88893409,0.88627230,0.88462981,0.88415823,0.88494852,0.88701537,0.89028150,0.89456627,0.89958414,0.90495752,0.91024592,0.91498997,0.91876464,0.92123387,0.92219719,0.92162024,0.91964374,0.91656879,0.91282079,0.90889796,0.90531302,0.90253745,0.90095657,0.90084033,0.90233110,0.90544597,0.91008888,0.91606735,0.92310971,0.93088042,0.93899375,0.94702805,0.95454379,0.96110854,0.96632990,0.96989429,0.97160648,0.97142192,0.96946386,0.96601869,0.96150650,0.95642836,0.95129657
0.96806752,0.96354273,0.95852866,0.95412065,0.95117940,0.95018058,0.95114730,0.95367835,0.95706471,0.96046731,0.96311488,0.96447674,0.96437236,0.96299603,0.96085581,0.95864508,0.95707886,0.95673200,0.95791406,0.96060601,0.96446972,0.96892473,0.97327206,0.97683482,0.97908312,0.97971695,0.97869260,0.97619253,0.97255172,0.96816180,0.96337764,0.95844791,0.95348458,0.94847563,0.94333476,0.93797261,0.93236943,0.92662926,0.92100142,0.91586351,0.91166988,0.90887710,0.90786312,0.90885736,0.91189625,0.91681235,0.92325783,0.93075533,0.93876404,0.94674668,0.95422448,0.96081168,0.96622689,0.97028437,0.97287281,0.97393121,0.97343085,0.97136960,0.96778015,0.96274925,0.95644087,0.94911464,0.94113147,0.93294082,0.92504873,0.91796997,0.91217199,0.90802034,0.90573568,0.90537008,0.90680676,0.90978259,0.91392867,0.91882100,0.92403264,0.92917899,0.93395057,0.93813065,0.94159858,0.94432201,0.94634301,0.94776241,0.94872576,0.94941190,0.95002321,0.95077521,0.95188290,0.95354164,0.95590271,0.95904520,0.96294861,0.96747184,0.97234404,0.97717163,0.98146281,0.98466741,0.98622701,0.98562831,0.98245221,0.97641209
0.97939941,0.98087285,0.97881541,0.97354567,0.96546585,0.95505132,0.94285658,0.92952866,0.91581546,0.90255704,0.89065112,0.88099044,0.87437750,0.87142882,0.87248592,0.87755022,0.88625635,0.89789205,0.91146525,0.92581117,0.93972548,0.95210445,0.96207137,0.96906990,0.97291094,0.97376760,0.97212173,0.96867381,0.96423234,0.95960113,0.95548099,0.95239858,0.95066932,0.95039511,0.95149144,0.95373445,0.95681608,0.96039643,0.96414534,0.96776917,0.97102305,0.97371199,0.97568613,0.97683542,0.97708778,0.97641270,0.97482922,0.97241519,0.96931325,0.96572948,0.96192193,0.95817894,0.95478983,0.95201249,0.95004383,0.94899852,0.94890034,0.94968749,0.95123089,0.95336104,0.95589783,0.95867698,0.96156781,0.96447931,0.96735404,0.97015252,0.97283245,0.97532867,0.97753918,0.97932113,0.98049820,0.98087826,0.98027772,0.97854805,0.97559958,0.97141838,0.96607400,0.95971724,0.95256960,0.94490703,0.93704155,0.92930367,0.92202753,0.91553880,0.91014414,0.90612040,0.90370163,0.90306330,0.90430439,0.90742940,0.91233380,0.91879657,0.92648328,0.93496137,0.94372732,0.95224298,0.95997615,0.96644008,0.97122641,0.97402754
0.98375264,0.98045722,0.97714311,0.97433889,0.97245027,0.97169528,0.97206922,0.97334957,0.97514230,0.97696059,0.97831849,0.97881782,0.97820915,0.97641484,0.97351222,0.96968420,0.96515223,0.96010987,0.95467483,0.94887294,0.94265905,0.93597001,0.92879549,0.92124692,0.91360430,0.90632583,0.90001385,0.89534078,0.89294749,0.89333326,0.89675828,0.90317817,0.91222343,0.92322806,0.93530171,0.94743194,0.95859823,0.96787913,0.97453731,0.97807289,0.97824296,0.97505105,0.96871559,0.95962802,0.94831034,0.93537868,0.92151494,0.90744432,0.89391411,0.88166808,0.87141269,0.86377392,0.85924787,0.85815125,0.86058061,0.86638905,0.87518707,0.88637019,0.89917132,0.91273125,0.92617781,0.93870300,0.94962801,0.95844891,0.96485909,0.96874915,0.97018827,0.96939356,0.96669438,0.96249736,0.95725546,0.95144247,0.94553157,0.93997639,0.93519178,0.93153312,0.92927388,0.92858374,0.92951072,0.93197174,0.93575526,0.94053733,0.94591032,0.95142067,0.95661104,0.96106083,0.96442011,0.96643240,0.96694438,0.96590269,0.96334079,0.95936026,0.95411135,0.94777637,0.94055764,0.93266960,0.92433328,0.91577090,0.90719808,0.89881242
0.89678882,0.88770435,0.88268003,0.88210914,0.88571897,0.89263756,0.90156393,0.91100596,0.91953551,0.92600810,0.92970406,0.93036931,0.92815870,0.92350783,0.91697352,0.90908601,0.90024820,0.89070145,0.88055829,0.86988452,0.85880054,0.84756769,0.83663069,0.82659997,0.81817471,0.81202364,0.80865168,0.80828467,0.81079998,0.81572008,0.82227177,0.82949904,0.83640620,0.84210234,0.84591940,0.84748417,0.84673539,0.84389010,0.83937315,0.83372967,0.82754072,0.82135774,0.81566388,0.81086148,0.80727817,0.80517979,0.80477918,0.80623265,0.80962260,0.81493005,0.82200638,0.83055495,0.84013254,0.85017603,0.86005348,0.86913250,0.87685408,0.88279844,0.88673133,0.88862317,0.88863955,0.88710698,0.88446224,0.88119596,0.87780076,0.87473116,0.87237852,0.87105904,0.87101008,0.87238856,0.87526720,0.87962714,0.88534903,0.89220746,0.89987469,0.90793879,0.91593884,0.92341533,0.92996945,0.93532082,0.93935114,0.94212316,0.94386831,0.94494346,0.94576380,0.94672431,0.94812502,0.95011470,0.95266396,0.95557277,0.95851014,0.96107670,0.96287618,0.96358001,0.96297174,0.96096366,0.95758527,0.95295024,0.94721368,0.94053273
0.97892799,0.97813336,0.97742929,0.97693543,0.97665846,0.97650780,0.97631778,0.97587704,0.97496556,0.97339739,0.97106374,0.96796858,0.96424844,0.96017043,0.95610655,0.95248661,0.94973644,0.94821120,0.94813559,0.94956314,0.95236387,0.95624416,0.96079532,0.96556049,0.97010511,0.97407605,0.97723785,0.97948046,0.98079954,0.98125650,0.98092974,0.97987073,0.97807712,0.97549104,0.97202393,0.96760178,0.96221926,0.95598782,0.94916455,0.94215229,0.93546820,0.92968508,0.92535556,0.92293369,0.92270888,0.92476482,0.92897063,0.93500415,0.94240089,0.95061723,0.95909451,0.96731204,0.97482115,0.98125743,0.98633448,0.98982674,0.99155117,0.99135705,0.98913012,0.98481175,0.97842938,0.97012942,0.96020230,0.94908993,0.93736894,0.92570839,0.91480649,0.90531583,0.89776981,0.89252341,0.88971838,0.88927876,0.89093599,0.89427781,0.89881070,0.90402377,0.90944340,0.91467055,0.91939803,0.92340959,0.92656690,0.92879231,0.93005508,0.93036637,0.92978443,0.92842739,0.92648786,0.92424171,0.92204381,0.92030647,0.91946003,0.91990014,0.92192991,0.92570706,0.93120622,0.93820343,0.94628609,0.95488636,0.96333233,0.97090816
0.94546312,0.95115116,0.95684522,0.96257436,0.96832266,0.97396709,0.97923855,0.98372402,0.98691774,0.98831436,0.98752402,0.98438120,0.97901894,0.97188811,0.96371353,0.95539363,0.94786212,0.94193872,0.93819890,0.93688886,0.93790273,0.94082533,0.94502902,0.94980188,0.95447828,0.95854484,0.96170217,0.96387447,0.96517099,0.96581383,0.96605281,0.96608934,0.96602742,0.96586149,0.96550079,0.96482037,0.96372217,0.96218814,0.96031024,0.95828885,0.95639966,0.95493722,0.95414933,0.95417863,0.95502607,0.95654566,0.95847191,0.96047399,0.96222406,0.96346418,0.96405723,0.96401097,0.96347096,0.96268526,0.96194971,0.96154680,0.96169147,0.96249498,0.96395296,0.96595816,0.96833231,0.97086809,0.97337032,0.97568689,0.97772330,0.97943960,0.98083304,0.98191329,0.98267855,0.98309996,0.98311913,0.98265970,0.98164997,0.98005049,0.97787887,0.97522466,0.97224940,0.96917057,0.96623238,0.96366934,0.96167048,0.96035163,0.95974141,0.95978318,0.96035194,0.96128179,0.96239762,0.96354416,0.96460668,0.96552007,0.96626588,0.96685985,0.96733450,0.96772139,0.96803742,0.96827740,0.96841270,0.96839415,0.96815577,0.96761609
0.96985138,0.97228270,0.97452370,0.97624762,0.97713256,0.97695220,0.97563999,0.97331357,0.97025440,0.96684842,0.96350248,0.96055723,0.95821756,0.95651678,0.95532186,0.95437727,0.95337613,0.95204175,0.95020107,0.94783341,0.94508404,0.94223997,0.93967443,0.93777345,0.93686179,0.93714448,0.93867578,0.94135978,0.94497986,0.94924785,0.95386023,0.95854835,0.96311197,0.96743046,0.97145197,0.97516675,0.97857420,0.98165444,0.98435277,0.98658110,0.98823561,0.98922484,0.98950009,0.98907891,0.98805465,0.98658834,0.98488438,0.98315546,0.98158536,0.98029849,0.97934351,0.97869444,0.97826843,0.97795542,0.97765156,0.97728825,0.97684909,0.97637093,0.97592915,0.97561160,0.97548856,0.97558684,0.97587499,0.97626336,0.97661903,0.97679179,0.97664434,0.97607888,0.97505316,0.97358169,0.97172218,0.96955122,0.96713615,0.96451136,0.96166569,0.95854494,0.95506990,0.95116580,0.94679669,0.94199597,0.93688483,0.93167296,0.92663982,0.92209989,0.91835907,0.91567175,0.91420778,0.91403590,0.91512646,0.91737193,0.92061933,0.92470639,0.92949172,0.93487111,0.94077509,0.94714824,0.95391517,0.96094213,0.96800430,0.97476784
0.86063684,0.85892446,0.86059883,0.86546392,0.87314924,0.88314790,0.89483541,0.90747808,0.92024603,0.93224516,0.94257726,0.95042705,0.95516516,0.95644717,0.95428668,0.94908248,0.94158828,0.93282461,0.92394464,0.91607580,0.91016493,0.90685430,0.90640949,0.90870920,0.91329427,0.91946177,0.92638297,0.93322202,0.93923547,0.94384005,0.94664478,0.94745231,0.94623991,0.94313281,0.93838035,0.93234016,0.92546883,0.91831216,0.91148560,0.90563668,0.90138608,0.89925051,0.89955809,0.90237154,0.90743703,0.91417391,0.92171445,0.92899306,0.93487436,0.93830092,0.93843659,0.93478151,0.92724011,0.91613178,0.90214461,0.88624249,0.86954336,0.85319044,0.83823702,0.82556045,0.81581269,0.80940623,0.80652711,0.80716295,0.81113379,0.81811694,0.82766210,0.83919875,0.85204261,0.86541019,0.87844993,0.89029423,0.90013058,0.90728318,0.91129127,0.91196898,0.90943299,0.90409020,0.89658437,0.88770861,0.87829725,0.86911506,0.86076285,0.85361566,0.84780336,0.84323464,0.83965668,0.83673646,0.83414650,0.83163911,0.82909642,0.82654956,0.82416626,0.82221241,0.82099756,0.82081664,0.82189889,0.82437109,0.82823723,0.83337179
0.93715785,0.94229805,0.94796040,0.95407954,0.96045583,0.96671823,0.97232396,0.97660663,0.97887212,0.97852727,0.97521463,0.96892147,0.96003465,0.94932401,0.93785211,0.92682403,0.91740373,0.91053072,0.90677134,0.90623281,0.90855583,0.91298529,0.91850282,0.92399288,0.92840890,0.93090911,0.93094100,0.92826628,0.92293192,0.91520288,0.90547875,0.89421614,0.88187409,0.86889036,0.85568625,0.84268856,0.83035193,0.81916509,0.80962975,0.80220917,0.79725369,0.79491805,0.79509076,0.79735482,0.80099466,0.80505494,0.80844661,0.81008523,0.80903967,0.80466636,0.79670690,0.78533316,0.77113410,0.75504851,0.73825667,0.72204981,0.70769738,0.69633010,0.68885113,0.68588109,0.68773558,0.69442871,0.70569381,0.72101276,0.73964824,0.76067763,0.78303057,0.80553463,0.82697299,0.84615609,0.86200515,0.87364131,0.88047064,0.88225292,0.87914219,0.87169009,0.86080768,0.84768840,0.83370060,0.82026302,0.80871864,0.80022152,0.79564867,0.79554428,0.80009880,0.80916010,0.82227042,0.83872046,0.85761265,0.87792702,0.89858617,0.91851764,0.93671320,0.95228435,0.96451242,0.97289036,0.97715273,0.97728982,0.97354224,0.96637385
0.98992488,0.99420149,0.99596614,0.99555239,0.99345331,0.99024553,0.98650389,0.98272090,0.97924501,0.97624850,0.97373042,0.97155203,0.96949561,0.96733297,0.96488884,0.96208676,0.95896958,0.95569205,0.95248915,0.94962835,0.94735760,0.94586128,0.94523377,0.94547540,0.94650893,0.94820981,0.95044006,0.95307583,0.95602127,0.95920550,0.96256446,0.96601391,0.96942265,0.97259569,0.97527530,0.97716354,0.97796414,0.97743686,0.97545319,0.97204136,0.96741000,0.96194347,0.95616744,0.95068883,0.94611936,0.94299501,0.94170422,0.94243568,0.94515258,0.94959533,0.95531001,0.96169623,0.96806628,0.97370725,0.97793923,0.98016527,0.97991128,0.97685619,0.97085374,0.96194713,0.95037651,0.93657802,0.92117187,0.90493641,0.88876644,0.87361538,0.86042438,0.85004410,0.84315758,0.84021354,0.84137919,0.84651929,0.85520469,0.86674983,0.88027469,0.89478364,0.90925167,0.92270837,0.93431118,0.94340191,0.94954348,0.95253681,0.95241958,0.94944991,0.94407806,0.93690899,0.92865789,0.92010035,0.91201852,0.90514530,0.90010922,0.89738418,0.89724875,0.89976007,0.90474618,0.91181860,0.92040443,0.92979470,0.93920346,0.94783111
0.91370195,0.90734408,0.90276975,0.90047284,0.90064643,0.90315990,0.90758192,0.91324554,0.91934418,0.92504104,0.92957274,0.93233008,0.93290545,0.93110435,0.92692679,0.92052935,0.91218113,0.90222538,0.89105475,0.87910270,0.86684792,0.85482362,0.84362120,0.83387822,0.82624453,0.82132584,0.81961091,0.82139327,0.82670137,0.83525094,0.84643030,0.85932470,0.87277952,0.88549630,0.89615015,0.90351452,0.90657793,0.90463965,0.89737440,0.88486125,0.86757611,0.84635173,0.82231167,0.79678641,0.77122012,0.74707582,0.72574543,0.70846933,0.69626858,0.68989162,0.68977617,0.69602708,0.70841041,0.72636417,0.74902603,0.77527750,0.80380356,0.83316550,0.86188355,0.88852504,0.91179235,0.93060476,0.94416752,0.95202226,0.95407351,0.95058857,0.94216979,0.92970160,0.91427685,0.89710966,0.87944331,0.86246218,0.84721592,0.83456201,0.82513009,0.81930810,0.81724803,0.81888657,0.82397548,0.83211636,0.84279557,0.85541673,0.86933037,0.88386165,0.89833852,0.91212176,0.92463744,0.93541027,0.94409433,0.95049654,0.95458824,0.95650085,0.95650417,0.95496806,0.95231196,0.94894882,0.94523200,0.94141329,0.93761848,0.93384351
0.91510994,0.91589760,0.91927779,0.92497817,0.93246577,0.94104260,0.94994067,0.95840310,0.96574495,0.97139362,0.97491346,0.97602070,0.97459389,0.97068159,0.96450588,0.95645723,0.94707515,0.93701068,0.92696966,0.91764106,0.90961942,0.90333405,0.89899797,0.89658661,0.89585089,0.89636207,0.89758051,0.89893604,0.89990661,0.90008335,0.89921334,0.89721658,0.89417875,0.89032560,0.88598719,0.88155990,0.87747166,0.87415242,0.87200861,0.87139856,0.87260571,0.87580815,0.88104561,0.88818860,0.89691620,0.90671084,0.91687681,0.92658599,0.93494953,0.94110851,0.94433191,0.94410780,0.94021364,0.93275438,0.92216173,0.90915455,0.89466599,0.87974837,0.86546961,0.85281489,0.84260530,0.83544044,0.83166767,0.83137608,0.83441019,0.84039768,0.84878506,0.85887768,0.86988203,0.88095045,0.89122963,0.89991360,0.90630072,0.90985133,0.91024063,0.90739939,0.90153504,0.89312743,0.88289623,0.87174147,0.86066265,0.85066553,0.84266795,0.83741636,0.83542303,0.83693035,0.84190482,0.85005835,0.86089162,0.87375177,0.88789623,0.90255529,0.91698744,0.93052396,0.94260110,0.95278051,0.96075926,0.96637110,0.96958040,0.97046905
0.94747581,0.95430398,0.95759141,0.95713721,0.95295078,0.94523336,0.93435920,0.92086389,0.90544269,0.88895454,0.87242126,0.85700736,0.84396698,0.83455144,0.82988024,0.83078936,0.83767885,0.85038592,0.86811046,0.88941473,0.91231009,0.93443009,0.95327344,0.96648645,0.97214498,0.96899436,0.95661229,0.93547206,0.90689918,0.87293008,0.83609518,0.79915782,0.76484504,0.73560405,0.71341110,0.69964797,0.69504841,0.69970613,0.71312885,0.73432095,0.76187912,0.79409090,0.82903146,0.86465979,0.89891827,0.92984021,0.95566670,0.97496894,0.98676593,0.99062241,0.98670980,0.97581468,0.95928531,0.93891512,0.91677251,0.89499560,0.87557750,0.86017031,0.84993389,0.84544825,0.84669848,0.85312900,0.86375398,0.87730296,0.89237775,0.90759808,0.92171855,0.93370748,0.94278630,0.94843596,0.95038153,0.94856729,0.94313266,0.93439446,0.92283536,0.90909331,0.89394446,0.87827218,0.86301794,0.84911480,0.83740969,0.82858530,0.82309469,0.82112146,0.82257414,0.82711793,0.83423869,0.84332797,0.85377295,0.86503434,0.87669802,0.88849190,0.90026709,0.91195011,0.92347865,0.93473688,0.94550542,0.95543770,0.96406784,0.97084832
0.99088168,0.98963079,0.98572137,0.97952415,0.97129158,0.96117645,0.94928713,0.93576219,0.92084460,0.90493706,0.88862521,0.87266227,0.85791656,0.84529014,0.83562180,0.82959002,0.82763042,0.82987902,0.83614821,0.84593741,0.85847650,0.87279637,0.88781810,0.90245014,0.91568158,0.92666100,0.93475292,0.93956807,0.94096790,0.93904684,0.93409821,0.92657051,0.91702115,0.90607399,0.89438495,0.88261741,0.87142560,0.86144182,0.85326196,0.84742495,0.84438361,0.84446806,0.84784535,0.85448196,0.86411702,0.87625363,0.89017426,0.90498188,0.91966477,0.93317814,0.94453282,0.95288001,0.95758166,0.95825866,0.95481259,0.94742097,0.93650980,0.92271007,0.90680594,0.88968162,0.87227197,0.85551876,0.84033216,0.82755520,0.81792867,0.81205461,0.81035882,0.81305498,0.82011530,0.83125392,0.84592878,0.86336603,0.88260760,0.90257890,0.92217019,0.94032272,0.95610951,0.96880172,0.97791331,0.98322056,0.98475659,0.98278489,0.97775831,0.97027071,0.96100786,0.95070206,0.94009278,0.92989286,0.92075890,0.91326343,0.90786755,0.90489373,0.90450071,0.90666356,0.91116293,0.91758743,0.92535162,0.93372995,0.94190467,0.94902345
0.94666554,0.93023099,0.91483110,0.90133861,0.89021300,0.88158032,0.87536575,0.87143822,0.86972715,0.87028158,0.87325913,0.87885156,0.88717123,0.89813229,0.91136174,0.92616763,0.94157688,0.95643892,0.96957555,0.97994752,0.98680457,0.98978965,0.98897837,0.98484825,0.97818719,0.96996212,0.96117522,0.95273466,0.94536096,0.93953944,0.93551873,0.93334558,0.93292051,0.93405751,0.93653317,0.94011650,0.94457759,0.94967977,0.95516496,0.96074277,0.96609227,0.97088043,0.97479550,0.97758853,0.97911332,0.97935448,0.97843558,0.97660345,0.97419006,0.97155848,0.96904304,0.96689542,0.96524675,0.96409254,0.96330215,0.96264991,0.96186093,0.96066251,0.95883191,0.95623246,0.95283324,0.94871103,0.94403706,0.93905322,0.93404350,0.92930581,0.92512769,0.92176752,0.91944118,0.91831261,0.91848633,0.92000004,0.92281662,0.92681636,0.93179188,0.93744902,0.94341649,0.94926580,0.95454095,0.95879540,0.96163266,0.96274566,0.96195011,0.95920722,0.95463254,0.94848951,0.94116852,0.93315460,0.92498738,0.91721804,0.91036674,0.90488387,0.90111755,0.89928882,0.89947549,0.90160463,0.90545330,0.91065706,0.91672614,0.92306908
0.93371272,0.92938937,0.92700849,0.92640801,0.92722345,0.92897743,0.93117429,0.93338583,0.93531601,0.93683428,0.93797274,0.93888842,0.93980021,0.94091479,0.94235860,0.94413076,0.94608691,0.94795803,0.94940131,0.95007386,0.94971446,0.94821550,0.94566763,0.94236459,0.93876473,0.93541567,0.93285737,0.93152342,0.93166071,0.93328364,0.93617191,0.93991257,0.94397763,0.94782135,0.95097663,0.95313055,0.95416389,0.95414883,0.95330813,0.95194829,0.95038336,0.94886771,0.94755226,0.94647297,0.94557168,0.94474184,0.94388505,0.94296217,0.94202438,0.94121557,0.94074516,0.94083828,0.94167628,0.94334271,0.94578931,0.94883139,0.95217523,0.95547219,0.95838728,0.96066630,0.96218565,0.96297334,0.96319637,0.96311790,0.96303426,0.96320669,0.96380338,0.96486515,0.96630202,0.96792055,0.96947429,0.97072427,0.97149442,0.97170864,0.97140132,0.97069989,0.96978487,0.96883836,0.96799427,0.96730331,0.96672152,0.96612519,0.96534781,0.96422912,0.96266297,0.96063112,0.95821409,0.95557588,0.95292648,0.95047145,0.94836142,0.94665429,0.94529999,0.94415164,0.94300038,0.94162464,0.93984092,0.93754246,0.93471523,0.93142659
0.98726647,0.98693956,0.98690768,0.98720082,0.98774078,0.98836686,0.98887483,0.98906266,0.98877475,0.98793544,0.98656424,0.98476870,0.98271580,0.98058820,0.97853523,0.97663017,0.97484325,0.97303697,0.97098532,0.96841426,0.96505646,0.96071019,0.95529081,0.94886416,0.94165443,0.93402481,0.92643435,0.91937958,0.91333123,0.90867666,0.90567660,0.90444177,0.90493134,0.90697142,0.91028822,0.91454859,0.91939970,0.92450131,0.92954695,0.93427324,0.93845999,0.94192483,0.94451722,0.94611560,0.94663032,0.94601291,0.94426978,0.94147699,0.93779122,0.93345258,0.92877642,0.92413315,0.91991794,0.91651387,0.91425365,0.91338560,0.91404872,0.91626055,0.91991920,0.92481871,0.93067436,0.93715383,0.94390885,0.95060328,0.95693435,0.96264563,0.96753221,0.97143981,0.97426064,0.97592898,0.97641869,0.97574393,0.97396282,0.97118254,0.96756344,0.96331962,0.95871369,0.95404467,0.94962925,0.94577815,0.94277051,0.94082976,0.94010432,0.94065566,0.94245513,0.94538928,0.94927238,0.95386344,0.95888514,0.96404187,0.96903499,0.97357450,0.97738723,0.98022221,0.98185469,0.98208986,0.98076733,0.97776642,0.97301192,0.96647901
0.88526949,0.88482176,0.88449595,0.88447875,0.88496015,0.88608705,0.88792104,0.89041481,0.89341598,0.89669952,0.90002040,0.90317203,0.90603377,0.90859474,0.91094739,0.91325280,0.91568608,0.91837518,0.92134794,0.92450111,0.92760014,0.93031154,0.93226129,0.93310634,0.93260315,0.93065862,0.92735332,0.92293386,0.91777745,0.91233716,0.90707935,0.90242591,0.89871163,0.89616315,0.89490025,0.89495478,0.89629887,0.89887296,0.90260579,0.90742165,0.91323470,0.91993342,0.92736163,0.93530325,0.94347747,0.95154839,0.95914930,0.96591799,0.97153635,0.97576635,0.97847511,0.97964429,0.97936219,0.97780086,0.97518335,0.97174862,0.96772151,0.96329420,0.95862205,0.95383345,0.94904950,0.94440711,0.94007820,0.93627833,0.93326083,0.93129522,0.93063283,0.93146562,0.93388607,0.93785653,0.94319464,0.94957845,0.95657123,0.96366233,0.97031743,0.97603056,0.98036967,0.98300983,0.98375037,0.98251610,0.97934567,0.97437244,0.96780365,0.95990314,0.95098038,0.94138615,0.93151276,0.92179425,0.91270174,0.90472906,0.89836612,0.89406038,0.89217042,0.89291810,0.89634770,0.90229927,0.91040186,0.92008859,0.93063247,0.94119897
0.88611846,0.88949149,0.89615560,0.90546068,0.91641281,0.92781394,0.93841205,0.94704263,0.95274667,0.95485555,0.95303844,0.94731264,0.93802061,0.92578027,0.91141624,0.89587988,0.88016547,0.86522908,0.85191655,0.84090676,0.83267533,0.82748204,0.82538134,0.82625145,0.82983375,0.83577345,0.84365318,0.85301505,0.86337024,0.87419960,0.88495155,0.89504500,0.90388466,0.91089315,0.91555996,0.91750141,0.91652096,0.91265685,0.90620461,0.89770605,0.88790287,0.87765960,0.86786724,0.85934277,0.85274119,0.84849425,0.84678481,0.84755852,0.85056665,0.85542806,0.86169551,0.86891226,0.87664925,0.88451868,0.89216697,0.89925484,0.90543602,0.91034599,0.91360950,0.91487000,0.91383792,0.91034847,0.90441621,0.89627286,0.88637792,0.87539675,0.86414727,0.85352264,0.84440222,0.83756452,0.83361573,0.83294315,0.83569758,0.84180271,0.85098469,0.86281258,0.87674000,0.89214139,0.90833932,0.92462366,0.94026658,0.95453912,0.96673471,0.97620343,0.98239678,0.98491895,0.98357680,0.97841891,0.96975473,0.95814767,0.94438038,0.92939504,0.91421583,0.89986277,0.88726766,0.87720100,0.87021703,0.86661954,0.86644798,0.86948048
0.95240180,0.94959262,0.94772067,0.94692301,0.94708050,0.94784911,0.94873575,0.94920621,0.94880475,0.94725982,0.94455229,0.94092974,0.93686307,0.93295483,0.92981954,0.92796161,0.92767621,0.92899281,0.93167215,0.93525620,0.93915997,0.94278503,0.94563031,0.94737711,0.94793198,0.94742150,0.94614409,0.94449281,0.94286829,0.94160095,0.94089802,0.94082402,0.94131518,0.94222037,0.94335586,0.94455873,0.94572585,0.94682972,0.94790944,0.94904145,0.95029947,0.95171548,0.95325239,0.95479605,0.95616856,0.95716000,0.95757090,0.95725548,0.95615587,0.95431951,0.95189636,0.94911671,0.94625481,0.94358615,0.94134691,0.93970298,0.93873304,0.93842702,0.93869792,0.93940255,0.94036586,0.94140374,0.94234043,0.94301901,0.94330560,0.94308969,0.94228345,0.94082281,0.93867151,0.93582804,0.93233398,0.92828146,0.92381716,0.91914079,0.91449665,0.91015835,0.90640817,0.90351394,0.90170623,0.90115886,0.90197411,0.90417328,0.90769248,0.91238318,0.91801737,0.92429711,0.93086840,0.93733949,0.94330341,0.94836463,0.95216859,0.95443216,0.95497120,0.95372088,0.95074465,0.94622892,0.94046315,0.93380719,0.92665010,0.91936555
0.93632707,0.94058129,0.94451960,0.94814556,0.95137176,0.95404754,0.95600044,0.95708229,0.95721066,0.95639770,0.95476155,0.95251887,0.94996088,0.94741776,0.94521798,0.94364898,0.94292450,0.94316233,0.94437405,0.94646691,0.94925653,0.95248831,0.95586464,0.95907459,0.96182254,0.96385261,0.96496654,0.96503373,0.96399360,0.96185125,0.95866846,0.95455234,0.94964413,0.94411064,0.93813958,0.93193926,0.92574110,0.91980263,0.91440733,0.90985859,0.90646560,0.90452107,0.90427256,0.90589076,0.90943965,0.91485399,0.92192882,0.93032457,0.93958845,0.94919035,0.95856875,0.96718052,0.97454794,0.98029701,0.98418265,0.98609863,0.98607289,0.98425076,0.98087058,0.97623658,0.97069332,0.96460458,0.95833752,0.95225129,0.94668790,0.94196304,0.93835472,0.93608892,0.93532289,0.93612828,0.93847743,0.94223655,0.94716887,0.95294928,0.95919005,0.96547496,0.97139771,0.97659948,0.98080067,0.98382255,0.98559627,0.98615869,0.98563672,0.98422365,0.98215194,0.97966715,0.97700633,0.97438315,0.97197969,0.96994386,0.96839018,0.96740115,0.96702703,0.96728233,0.96813878,0.96951600,0.97127208,0.97319713,0.97501264,0.97637858
0.94531198,0.95348806,0.96289193,0.97251218,0.98133566,0.98851608,0.99349940,0.99608646,0.99642594,0.99494443,0.99223304,0.98891746,0.98553980,0.98247551,0.97989800,0.97779204,0.97600601,0.97432629,0.97255422,0.97056800,0.96835698,0.96602299,0.96375176,0.96176408,0.96026119,0.95937878,0.95916107,0.95955990,0.96045724,0.96170338,0.96316005,0.96473715,0.96641383,0.96823881,0.97030959,0.97273540,0.97559230,0.97888088,0.98249644,0.98621867,0.98972375,0.99261710,0.99448114,0.99493011,0.99366324,0.99050829,0.98544978,0.97863887,0.97038472,0.96112978,0.95141310,0.94182599,0.93296478,0.92538405,0.91955345,0.91582033,0.91438049,0.91525869,0.91830112,0.92318086,0.92941737,0.93640959,0.94348114,0.94993442,0.95510929,0.95844067,0.95950942,0.95808110,0.95412862,0.94783702,0.93959002,0.92994052,0.91956811,0.90922758,0.89969277,0.89169954,0.88589159,0.88277197,0.88266284,0.88567579,0.89169479,0.90037395,0.91115164,0.92328210,0.93588396,0.94800361,0.95868923,0.96706964,0.97243064,0.97428101,0.97240050,0.96686384,0.95803722,0.94654694,0.93322384,0.91902935,0.90497133,0.89201780,0.88101627,0.87262449
0.90015299,0.89122524,0.87838107,0.86145802,0.84024142,0.81458658,0.78459251,0.75078103,0.71422713,0.67659342,0.64004191,0.60702537,0.57998974,0.56104095,0.55163868,0.55237490,0.56287816,0.58185946,0.60728853,0.63666499,0.66733310,0.69678491,0.72290491,0.74412644,0.75949253,0.76863365,0.77168916,0.76920415,0.76202984,0.75124507,0.73810256,0.72399074,0.71039399,0.69883288,0.69077267,0.68749940,0.68997635,0.69870405,0.71361231,0.73401067,0.75861553,0.78565810,0.81306234,0.83866804,0.86046541,0.87680601,0.88656026,0.88920329,0.88482487,0.87407228,0.85804474,0.83816260,0.81603307,0.79332905,0.77168888,0.75263712,0.73752011,0.72744864,0.72324179,0.72537178,0.73391532,0.74852238,0.76841479,0.79242528,0.81908178,0.84673309,0.87370302,0.89845248,0.91972551,0.93665678,0.94882495,0.95624601,0.95931208,0.95869034,0.95520294,0.94970988,0.94301360,0.93579721,0.92859877,0.92181562,0.91572659,0.91051785,0.90630084,0.90311653,0.90092746,0.89960518,0.89892392,0.89857133,0.89818297,0.89740041,0.89594504,0.89369267,0.89073023,0.88737719,0.88416009,0.88173876,0.88079389,0.88189499,0.88537360,0.89122652
0.90117008,0.90652858,0.91194082,0.91767054,0.92387319,0.93051069,0.93731519,0.94381888,0.94944871,0.95366483,0.95610662,0.95670591,0.95573515,0.95377513,0.95160742,0.95005502,0.94980686,0.95126629,0.95445901,0.95902329,0.96428608,0.96940762,0.97356026,0.97609916,0.97668599,0.97534002,0.97240936,0.96847382,0.96420574,0.96022293,0.95696804,0.95464095,0.95319649,0.95240306,0.95194216,0.95151953,0.95095715,0.95024240,0.94952350,0.94905452,0.94910645,0.94986876,0.95136825,0.95342706,0.95567160,0.95759127,0.95863300,0.95830892,0.95629197,0.95247774,0.94699991,0.94019780,0.93254595,0.92456393,0.91672816,0.90940578,0.90282390,0.89707769,0.89217069,0.88807287,0.88477822,0.88234496,0.88090697,0.88065316,0.88178052,0.88443398,0.88864955,0.89431697,0.90117272,0.90882648,0.91681568,0.92467603,0.93201183,0.93855085,0.94417175,0.94889915,0.95286896,0.95627378,0.95930266,0.96209016,0.96468675,0.96705612,0.96909794,0.97068794,0.97172339,0.97216088,0.97203635,0.97146181,0.97059996,0.96962354,0.96867060,0.96780784,0.96701186,0.96617326,0.96512237,0.96366932,0.96164757,0.95894880,0.95553974,0.95145617
0.94684412,0.93659123,0.92796857,0.92167289,0.91798280,0.91678153,0.91764359,0.91995945,0.92306859,0.92637299,0.92941186,0.93188980,0.93366249,0.93469335,0.93499943,0.93460471,0.93351369,0.93171046,0.92917967,0.92594009,0.92207823,0.91777107,0.91329094,0.90899057,0.90527101,0.90253876,0.90115982,0.90141855,0.90348680,0.90740619,0.91308272,0.92029075,0.92868296,0.93780428,0.94710999,0.95599019,0.96380293,0.96991762,0.97376750,0.97490707,0.97306782,0.96820346,0.96051583,0.95045446,0.93868638,0.92603849,0.91341961,0.90173368,0.89179673,0.88426918,0.87961123,0.87806445,0.87965720,0.88422776,0.89145625,0.90089665,0.91200246,0.92414371,0.93661753,0.94865833,0.95945505,0.96818188,0.97404555,0.97634760,0.97455472,0.96836654,0.95776831,0.94305689,0.92483252,0.90395465,0.88146730,0.85850475,0.83619247,0.81555817,0.79746524,0.78257563,0.77134284,0.76402942,0.76073902,0.76145093,0.76604643,0.77431991,0.78597380,0.80060170,0.81766917,0.83650314,0.85629969,0.87615621,0.89512749,0.91229943,0.92686902,0.93821668,0.94595798,0.94996494,0.95035381,0.94744219,0.94168531,0.93360472,0.92372364,0.91252040
0.92987944,0.93042520,0.93147069,0.93323336,0.93579121,0.93903791,0.94267066,0.94621929,0.94911532,0.95079010,0.95078375,0.94884331,0.94499008,0.93954220,0.93308722,0.92640912,0.92038241,0.91585105,0.91351166,0.91381805,0.91691948,0.92263891,0.93049097,0.93973446,0.94944979,0.95863032,0.96627634,0.97148271,0.97351346,0.97185977,0.96627980,0.95681936,0.94381346,0.92786832,0.90982472,0.89070423,0.87164120,0.85380457,0.83831455,0.82615974,0.81812110,0.81470879,0.81611736,0.82220328,0.83248658,0.84617684,0.86222199,0.87937711,0.89628959,0.91159570,0.92402227,0.93248660,0.93618645,0.93467252,0.92789595,0.91622506,0.90042763,0.88161824,0.86117374,0.84062421,0.82152945,0.80535325,0.79334750,0.78645690,0.78525209,0.78989553,0.80014040,0.81535924,0.83459597,0.85663415,0.88007403,0.90341314,0.92512676,0.94374693,0.95793923,0.96657665,0.96880873,0.96412309,0.95239420,0.93391384,0.90939667,0.87995605,0.84704756,0.81238189,0.77781311,0.74521233,0.71633906,0.69272300,0.67556737,0.66568187,0.66344934,0.66882542,0.68136686,0.70028061,0.72448479,0.75267293,0.78337577,0.81501835,0.84597365,0.87461679
0.81899939,0.81307557,0.81030619,0.81060959,0.81365245,0.81897826,0.82612195,0.83468538,0.84436049,0.85490112,0.86605845,0.87750434,0.88876960,0.89921977,0.90808069,0.91451356,0.91772706,0.91710523,0.91232635,0.90344884,0.89094687,0.87568767,0.85885348,0.84182095,0.82601741,0.81277597,0.80320919,0.79811571,0.79792725,0.80269612,0.81211807,0.82558134,0.84223207,0.86104665,0.88090446,0.90065667,0.91918997,0.93548507,0.94867068,0.95807221,0.96325352,0.96404810,0.96057543,0.95323841,0.94269913,0.92983243,0.91565983,0.90126903,0.88772659,0.87599266,0.86684668,0.86083170,0.85822264,0.85902073,0.86297350,0.86961637,0.87833018,0.88840727,0.89911860,0.90977517,0.91977820,0.92865471,0.93607742,0.94186959,0.94599707,0.94855064,0.94972197,0.94977606,0.94902277,0.94778920,0.94639397,0.94512426,0.94421605,0.94383805,0.94408048,0.94494955,0.94636927,0.94819136,0.95021349,0.95220482,0.95393641,0.95521266,0.95589952,0.95594500,0.95538841,0.95435652,0.95304687,0.95170067,0.95056960,0.94988176,0.94981216,0.95046205,0.95184928,0.95390954,0.95650614,0.95944423,0.96248502,0.96535647,0.96775853,0.96936361
0.90575086,0.89631374,0.88874552,0.88384321,0.88213283,0.88380671,0.88870271,0.89633423,0.90596968,0.91674868,0.92781268,0.93842376,0.94804791,0.95638818,0.96336516,0.96905417,0.97359787,0.97711770,0.97964667,0.98110068,0.98129547,0.98000456,0.97704244,0.97235052,0.96606236,0.95853008,0.95030358,0.94206565,0.93453615,0.92836515,0.92403692,0.92180418,0.92166502,0.92338532,0.92655947,0.93069409,0.93529495,0.93993839,0.94431339,0.94822905,0.95159055,0.95435461,0.95647894,0.95788129,0.95841964,0.95789944,0.95610620,0.95285510,0.94804508,0.94170366,0.93401100,0.92529707,0.91601188,0.90667506,0.89781532,0.88991190,0.88334921,0.87839161,0.87518055,0.87375062,0.87405735,0.87600730,0.87948185,0.88434882,0.89046041,0.89764027,0.90566589,0.91425416,0.92305719,0.93167296,0.93967154,0.94663377,0.95219569,0.95609038,0.95817888,0.95846414,0.95708536,0.95429468,0.95042135,0.94583099,0.94088776,0.93592546,0.93123096,0.92703994,0.92354213,0.92089114,0.91921361,0.91861310,0.91916667,0.92091449,0.92384572,0.92788544,0.93288745,0.93863631,0.94485962,0.95124859,0.95748288,0.96325434,0.96828474,0.97233391
0.93195526,0.93377471,0.93125629,0.92432240,0.91302813,0.89764269,0.87874673,0.85731185,0.83472823,0.81275505,0.79338498,0.77863428,0.77028844,0.76964593,0.77730566,0.79303756,0.81576149,0.84364041,0.87427479,0.90496859,0.93302703,0.95604411,0.97214208,0.98013618,0.97961159,0.97091393,0.95506658,0.93363537,0.90856330,0.88199547,0.85610915,0.83295801,0.81433515,0.80165716,0.79587160,0.79739099,0.80605822,0.82114870,0.84141392,0.86516831,0.89041718,0.91501750,0.93685783,0.95403995,0.96504268,0.96885093,0.96503679,0.95378611,0.93587055,0.91257101,0.88556301,0.85677738,0.82824966,0.80197100,0.77975030,0.76309527,0.75311752,0.75046562,0.75528902,0.76723490,0.78547875,0.80878784,0.83561414,0.86421081,0.89276337,0.91952439,0.94293894,0.96174879,0.97506546,0.98240655,0.98369513,0.97922658,0.96961153,0.95570488,0.93853104,0.91921354,0.89891396,0.87878134,0.85991040,0.84330442,0.82983880,0.82022298,0.81496136,0.81431719,0.81828568,0.82658323,0.83865860,0.85372862,0.87083733,0.88893290,0.90695331,0.92390949,0.93895476,0.95143167,0.96089203,0.96709100,0.96996132,0.96957723,0.96611811,0.95984050
0.95632592,0.94393192,0.93145668,0.91975194,0.90946071,0.90097582,0.89444503,0.88981733,0.88691785,0.88553342,0.88548973,0.88670308,0.88919625,0.89307651,0.89848254,0.90551368,0.91415765,0.92423247,0.93535453,0.94693959,0.95823791,0.96839874,0.97655493,0.98191492,0.98384811,0.98195141,0.97608827,0.96639680,0.95326828,0.93730161,0.91924158,0.89991020,0.88014006,0.86071793,0.84234435,0.82561177,0.81100025,0.79888639,0.78955907,0.78323530,0.78007025,0.78015807,0.78352241,0.79009902,0.79971480,0.81206983,0.82672919,0.84312969,0.86060432,0.87842294,0.89584445,0.91217264,0.92680728,0.93928213,0.94928414,0.95665169,0.96135341,0.96345353,0.96307208,0.96034941,0.95542314,0.94842222,0.93947864,0.92875253,0.91646332,0.90291776,0.88852616,0.87380052,0.85933247,0.84575300,0.83368055,0.82366638,0.81614697,0.81141141,0.80958824,0.81065204,0.81444581,0.82071220,0.82912586,0.83931995,0.85090252,0.86346223,0.87656623,0.88975602,0.90254793,0.91444431,0.92495832,0.93365161,0.94017941,0.94433478,0.94608195,0.94557027,0.94312342,0.93920379,0.93435651,0.92914222,0.92406947,0.91953784,0.91580036,0.91294973
0.83575062,0.83785111,0.84440063,0.85510321,0.86923703,0.88575301,0.90341743,0.92097240,0.93728467,0.95145609,0.96287802,0.97122496,0.97639723,0.97843374,0.97742170,0.97342841,0.96647246,0.95654039,0.94364276,0.92789408,0.90959523,0.88929616,0.86782043,0.84624113,0.82580797,0.80783550,0.79357041,0.78405912,0.78003584,0.78184554,0.78940952,0.80223357,0.81945296,0.83990473,0.86221630,0.88490010,0.90644654,0.92541093,0.94049295,0.95060936,0.95495999,0.95308566,0.94491394,0.93078670,0.91146283,0.88809061,0.86214691,0.83534414,0.80951021,0.78645092,0.76780749,0.75492347,0.74873465,0.74969320,0.75773302,0.77227913,0.79229888,0.81638963,0.84289387,0.87003131,0.89603648,0.91929078,0.93843926,0.95248405,0.96084828,0.96340595,0.96047593,0.95278040,0.94137178,0.92753485,0.91267338,0.89819151,0.88538059,0.87532066,0.86880462,0.86629016,0.86788189,0.87334276,0.88213105,0.89345728,0.90635509,0.91976008,0.93259192,0.94383529,0.95261580,0.95826683,0.96038316,0.95885722,0.95389370,0.94599880,0.93594190,0.92468941,0.91331467,0.90289167,0.89438378,0.88854090,0.88581795,0.88632510,0.88981616,0.89571645
0.97844803,0.97713025,0.97531657,0.97328315,0.97124149,0.96930163,0.96745809,0.96560502,0.96357868,0.96121726,0.95842207,0.95520273,0.95169345,0.94813495,0.94482606,0.94205654,0.94003759,0.93884708,0.93840360,0.93847724,0.93873638,0.93882094,0.93842522,0.93737089,0.93565219,0.93344282,0.93106273,0.92891272,0.92739152,0.92681365,0.92734535,0.92897188,0.93150227,0.93460933,0.93789521,0.94096722,0.94350756,0.94532270,0.94636389,0.94671776,0.94657203,0.94616695,0.94574459,0.94550736,0.94559378,0.94607415,0.94696372,0.94824610,0.94989795,0.95190585,0.95426937,0.95698885,0.96004095,0.96334909,0.96675764,0.97001864,0.97279707,0.97469682,0.97530471,0.97424580,0.97124046,0.96615269,0.95902115,0.95006719,0.93967867,0.92837286,0.91674488,0.90541035,0.89495092,0.88586988,0.87856229,0.87330091,0.87023598,0.86940473,0.87074577,0.87411379,0.87929191,0.88600098,0.89390724,0.90263071,0.91175694,0.92085414,0.92949599,0.93728913,0.94390249,0.94909473,0.95273530,0.95481555,0.95544724,0.95484822,0.95331693,0.95119921,0.94885168,0.94660605,0.94473804,0.94344334,0.94282198,0.94287120,0.94348616,0.94446724
0.94795493,0.94847741,0.94973992,0.95165901,0.95396630,0.95625273,0.95802042,0.95874267,0.95793248,0.95521694,0.95041079,0.94357783,0.93506728,0.92551296,0.91578803,0.90691469,0.89993715,0.89577372,0.89507004,0.89807773,0.90458058,0.91388337,0.92486847,0.93611332,0.94605201,0.95315698,0.95611484,0.95397318,0.94624164,0.93293914,0.91458775,0.89216072,0.86699646,0.84069130,0.81498245,0.79162926,0.77229708,0.75844545,0.75122135,0.75135978,0.75909682,0.77410417,0.79545642,0.82164257,0.85063076,0.87998914,0.90705880,0.92916644,0.94385732,0.94912426,0.94360721,0.92673991,0.89882637,0.86103840,0.81533495,0.76431263,0.71100425,0.65864573,0.61043358,0.56929351,0.53767748,0.51740222,0.50953719,0.51434644,0.53128527,0.55905064,0.59568193,0.63870643,0.68532053,0.73259450,0.77768603,0.81804568,0.85159752,0.87687936,0.89313001,0.90031579,0.89909438,0.89072135,0.87691048,0.85966397,0.84109049,0.82322820,0.80788763,0.79652521,0.79015433,0.78929675,0.79397395,0.80373530,0.81771871,0.83473859,0.85339583,0.87220354,0.88972060,0.90468291,0.91612031,0.92344658,0.92651111,0.92560426,0.92141277,0.91492783
0.98761196,0.98980582,0.99155592,0.99280516,0.99344754,0.99330120,0.99210619,0.98955684,0.98536819,0.97936446,0.97156813,0.96226457,0.95202082,0.94164667,0.93209990,0.92435006,0.91922556,0.91727272,0.91865492,0.92311278,0.92999514,0.93835663,0.94710379,0.95516164,0.96162933,0.96589638,0.96770151,0.96712824,0.96454471,0.96050492,0.95563450,0.95052430,0.94565115,0.94133677,0.93774634,0.93491863,0.93281305,0.93135689,0.93047844,0.93011768,0.93021410,0.93067834,0.93135951,0.93202139,0.93233936,0.93192426,0.93037269,0.92733619,0.92259558,0.91612452,0.90812735,0.89904113,0.88949877,0.88025802,0.87210781,0.86576781,0.86179815,0.86053413,0.86205542,0.86619279,0.87256805,0.88065710,0.88986305,0.89958590,0.90927827,0.91848091,0.92683720,0.93409020,0.94006897,0.94467233,0.94785671,0.94963237,0.95006817,0.94930147,0.94754696,0.94509783,0.94231408,0.93959608,0.93734506,0.93591605,0.93557101,0.93644090,0.93850452,0.94158930,0.94539501,0.94953722,0.95360292,0.95720898,0.96005324,0.96195054,0.96284857,0.96282255,0.96205133,0.96078045,0.95927926,0.95779966,0.95654228,0.95563371,0.95511509,0.95494013
0.95383653,0.95182458,0.95126739,0.95186666,0.95313233,0.95451807,0.95555094,0.95592964,0.95557343,0.95461445,0.95333872,0.95209278,0.95118002,0.95077143,0.95085030,0.95120120,0.95144303,0.95109721,0.94967533,0.94676783,0.94211563,0.93565085,0.92750062,0.91795628,0.90741832,0.89633165,0.88512619,0.87417440,0.86377180,0.85414044,0.84544960,0.83784456,0.83147235,0.82649500,0.82308465,0.82140019,0.82155089,0.82355593,0.82731035,0.83256639,0.83893604,0.84591612,0.85293232,0.85939505,0.86475717,0.86856391,0.87048744,0.87034266,0.86808498,0.86379469,0.85765410,0.84992367,0.84092206,0.83101224,0.82059281,0.81009145,0.79995520,0.79063326,0.78254962,0.77606692,0.77144603,0.76880910,0.76811413,0.76914859,0.77154652,0.77482977,0.77846911,0.78195652,0.78487684,0.78696622,0.78814694,0.78853292,0.78840575,0.78816654,0.78827283,0.78917172,0.79124057,0.79474431,0.79981481,0.80645250,0.81454589,0.82390076,0.83426992,0.84537617,0.85692448,0.86860384,0.88008268,0.89100443,0.90098990,0.90965230,0.91662698,0.92161400,0.92442650,0.92503463,0.92359379,0.92044803,0.91610364,0.91117402,0.90630231,0.90207270
0.94810132,0.94768498,0.94881200,0.95163923,0.95593101,0.96112415,0.96645354,0.97111167,0.97440941,0.97590657,0.97548822,0.97337434,0.97006468,0.96623368,0.96259919,0.95979223,0.95825215,0.95816413,0.95944631,0.96178444,0.96470338,0.96765978,0.97013721,0.97172596,0.97217370,0.97140046,0.96947918,0.96659071,0.96296602,0.95882983,0.95435728,0.94965145,0.94474457,0.93962070,0.93425346,0.92864855,0.92288017,0.91711114,0.91159096,0.90663089,0.90256082,0.89967632,0.89818651,0.89817321,0.89956969,0.90216408,0.90562740,0.90956147,0.91355745,0.91725410,0.92038474,0.92280530,0.92449958,0.92556262,0.92616735,0.92652214,0.92682851,0.92724756,0.92788110,0.92876964,0.92990491,0.93125135,0.93276911,0.93443155,0.93623226,0.93817969,0.94028091,0.94251918,0.94483208,0.94709750,0.94913354,0.95071480,0.95160390,0.95159255,0.95054430,0.94843037,0.94535090,0.94153689,0.93733121,0.93315118,0.92943848,0.92660465,0.92498146,0.92478392,0.92609106,0.92884547,0.93286928,0.93789153,0.94358092,0.94957844,0.95552523,0.96108349,0.96594965,0.96986136,0.97260050,0.97399504,0.97392169,0.97230963,0.96914420,0.96446814
0.98242210,0.97721078,0.96855100,0.95747134,0.94499538,0.93199788,0.91913694,0.90686988,0.89553515,0.88546250,0.87706566,0.87087867,0.86751546,0.86755673,0.87139081,0.87905056,0.89009233,0.90355588,0.91802649,0.93179700,0.94310306,0.95038651,0.95253434,0.94904590,0.94009763,0.92649732,0.90954270,0.89081740,0.87196650,0.85449371,0.83961269,0.82816933,0.82063355,0.81714403,0.81757995,0.82163291,0.82885907,0.83870271,0.85049505,0.86344235,0.87662199,0.88900433,0.89951064,0.90710678,0.91092047,0.91036119,0.90521850,0.89571652,0.88251100,0.86662591,0.84933887,0.83203417,0.81604793,0.80253036,0.79234458,0.78601297,0.78371118,0.78530162,0.79039221,0.79840542,0.80864477,0.82035101,0.83274611,0.84506804,0.85660261,0.86671813,0.87490555,0.88082161,0.88432748,0.88551298,0.88469692,0.88239822,0.87927793,0.87605888,0.87343419,0.87198010,0.87208796,0.87392814,0.87745154,0.88242653,0.88850101,0.89527406,0.90236094,0.90943873,0.91626583,0.92267641,0.92855665,0.93381411,0.93835263,0.94206303,0.94483455,0.94658494,0.94729977,0.94706746,0.94609541,0.94469751,0.94324997,0.94212160,0.94159178,0.94177364
0.95775522,0.96007905,0.96194227,0.96360026,0.96534352,0.96739660,0.96983211,0.97252567,0.97516700,0.97732622,0.97855864,0.97851979,0.97705980,0.97427192,0.97048217,0.96618213,0.96192046,0.95817841,0.95525905,0.95321672,0.95184447,0.95072274,0.94931777,0.94710573,0.94369333,0.93890725,0.93283391,0.92580312,0.91832214,0.91097736,0.90432709,0.89880971,0.89468667,0.89203032,0.89075485,0.89067814,0.89159498,0.89334120,0.89583207,0.89906624,0.90309651,0.90797711,0.91370359,0.92016315,0.92711054,0.93417814,0.94091979,0.94687948,0.95166918,0.95503819,0.95691793,0.95743210,0.95687025,0.95563059,0.95414522,0.95280390,0.95189257,0.95155841,0.95180682,0.95252814,0.95354508,0.95466819,0.95574568,0.95669627,0.95751921,0.95828125,0.95908666,0.96004006,0.96121282,0.96262233,0.96422895,0.96595075,0.96769074,0.96936872,0.97094785,0.97244824,0.97394279,0.97553562,0.97732811,0.97938132,0.98168439,0.98413759,0.98655479,0.98868576,0.99025390,0.99100178,0.99073482,0.98935442,0.98687407,0.98341597,0.97919035,0.97446321,0.96952022,0.96463456,0.96004412,0.95594027,0.95246659,0.94972318,0.94777072,0.94662902
0.98470919,0.97745011,0.96910546,0.96025573,0.95143370,0.94309288,0.93557361,0.92907245,0.92362421,0.91910688,0.91527559,0.91182391,0.90846256,0.90499900,0.90140015,0.89782253,0.89460066,0.89219252,0.89109046,0.89171433,0.89431013,0.89887758,0.90514523,0.91260019,0.92056670,0.92831606,0.93518401,0.94067051,0.94450222,0.94664651,0.94727710,0.94670214,0.94527429,0.94330596,0.94101077,0.93848450,0.93572759,0.93269993,0.92939043,0.92588023,0.92238071,0.91923394,0.91687281,0.91574874,0.91624345,0.91858587,0.92279459,0.92866034,0.93577320,0.94358890,0.95151912,0.95902604,0.96570065,0.97130879,0.97579707,0.97926034,0.98188160,0.98386133,0.98535470,0.98643201,0.98707091,0.98718005,0.98664579,0.98538768,0.98340650,0.98081082,0.97781406,0.97470192,0.97177826,0.96930314,0.96743878,0.96621731,0.96553845,0.96519804,0.96494068,0.96452387,0.96377825,0.96264943,0.96121160,0.95965020,0.95821887,0.95718170,0.95675551,0.95706553,0.95812431,0.95983729,0.96203169,0.96449984,0.96704445,0.96951367,0.97181660,0.97391601,0.97580144,0.97745168,0.97879859,0.97970376,0.97995633,0.97929399,0.97744339,0.97417027
0.92768475,0.92262418,0.91761566,0.91257525,0.90736475,0.90183869,0.89589392,0.88951451,0.88280554,0.87600990,0.86950439,0.86377369,0.85936371,0.85681963,0.85661633,0.85909070,0.86438516,0.87240999,0.88283048,0.89508163,0.90841075,0.92194411,0.93477040,0.94603047,0.95500117,0.96116251,0.96423978,0.96421665,0.96131953,0.95597694,0.94876118,0.94032126,0.93131699,0.92236342,0.91399187,0.90663013,0.90060005,0.89612778,0.89335995,0.89237915,0.89321378,0.89583953,0.90017294,0.90606023,0.91326672,0.92147256,0.93027973,0.93923247,0.94785044,0.95567026,0.96228923,0.96740387,0.97083660,0.97254612,0.97261985,0.97125081,0.96870382,0.96527824,0.96127420,0.95696818,0.95260076,0.94837633,0.94447144,0.94104656,0.93825522,0.93624569,0.93515253,0.93507869,0.93607206,0.93810204,0.94104303,0.94467027,0.94867136,0.95267359,0.95628364,0.95913347,0.96092449,0.96146235,0.96067647,0.95862184,0.95546400,0.95145165,0.94688281,0.94207124,0.93731871,0.93289665,0.92903795,0.92593679,0.92375230,0.92261116,0.92260491,0.92378022,0.92612338,0.92954265,0.93385401,0.93877553,0.94393456,0.94888911,0.95316216,0.95628436
0.93212226,0.91589071,0.90106725,0.88843223,0.87842420,0.87118267,0.86662640,0.86454500,0.86468274,0.86679881,0.87069597,0.87621696,0.88321585,0.89151583,0.90086753,0.91092045,0.92121630,0.93120700,0.94029489,0.94788841,0.95346441,0.95662781,0.95715982,0.95504737,0.95048873,0.94387394,0.93574280,0.92672667,0.91748308,0.90863235,0.90070420,0.89410074,0.88907932,0.88575631,0.88412926,0.88411167,0.88557211,0.88836857,0.89237039,0.89746370,0.90354030,0.91047409,0.91809200,0.92614804,0.93430894,0.94215773,0.94921830,0.95499874,0.95904673,0.96100702,0.96066995,0.95800178,0.95315110,0.94643031,0.93827593,0.92919551,0.91971137,0.91031168,0.90141715,0.89336738,0.88642568,0.88079644,0.87664656,0.87412199,0.87335246,0.87444109,0.87744031,0.88231957,0.88893378,0.89700273,0.90610996,0.91572604,0.92525522,0.93409911,0.94172671,0.94773845,0.95191264,0.95422589,0.95484396,0.95408479,0.95236079,0.95011155,0.94773938,0.94555919,0.94377021,0.94245172,0.94157976,0.94105767,0.94075147,0.94052158,0.94024458,0.93982204,0.93917738,0.93824465,0.93695534,0.93522943,0.93297547,0.93010107,0.92653174,0.92223276
0.94578650,0.94044420,0.93591564,0.93182226,0.92763202,0.92282356,0.91703665,0.91017692,0.90245323,0.89434185,0.88648812,0.87957061,0.87416080,0.87061035,0.86899047,0.86909412,0.87049734,0.87266340,0.87506498,0.87729750,0.87915947,0.88068409,0.88211756,0.88385103,0.88632338,0.88991715,0.89487024,0.90122105,0.90879615,0.91723994,0.92607691,0.93479124,0.94290645,0.95004930,0.95598720,0.96063472,0.96403253,0.96630706,0.96762325,0.96814222,0.96799340,0.96726567,0.96601659,0.96429476,0.96216676,0.95974042,0.95717670,0.95468635,0.95251098,0.95089206,0.95003469,0.95007379,0.95105007,0.95290070,0.95546648,0.95851369,0.96176648,0.96494361,0.96779332,0.97012085,0.97180475,0.97280088,0.97313517,0.97288835,0.97217672,0.97113301,0.96989035,0.96857104,0.96728056,0.96610606,0.96511805,0.96437333,0.96391761,0.96378622,0.96400285,0.96457651,0.96549795,0.96673680,0.96824028,0.96993385,0.97172379,0.97350134,0.97514801,0.97654169,0.97756315,0.97810262,0.97806589,0.97738018,0.97599940,0.97390880,0.97112860,0.96771568,0.96376245,0.95939215,0.95475019,0.94999210,0.94526884,0.94071113,0.93641436,0.93242560
0.88945951,0.89173283,0.89622446,0.90271622,0.91079435,0.91987963,0.92927610,0.93823939,0.94606051,0.95215506,0.95614303,0.95790318,0.95758983,0.95560637,0.95253940,0.94906464,0.94584146,0.94341514,0.94214423,0.94216565,0.94340256,0.94561038,0.94844818,0.95155716,0.95462727,0.95743772,0.95986456,0.96185759,0.96339664,0.96444173,0.96489331,0.96457543,0.96324926,0.96065593,0.95657995,0.95091825,0.94373781,0.93530693,0.92609096,0.91671139,0.90787509,0.90028679,0.89456100,0.89114946,0.89029605,0.89202493,0.89616034,0.90236967,0.91021784,0.91921972,0.92888045,0.93871795,0.94826832,0.95707987,0.96470457,0.97069684,0.97462669,0.97611014,0.97485430,0.97070930,0.96371599,0.95413781,0.94246695,0.92940010,0.91578442,0.90254080,0.89057536,0.88069285,0.87352438,0.86947897,0.86872352,0.87119025,0.87660607,0.88453537,0.89442705,0.90565806,0.91756918,0.92949241,0.94077270,0.95078846,0.95897514,0.96485429,0.96806784,0.96841394,0.96587843,0.96065474,0.95314544,0.94394127,0.93377721,0.92346963,0.91384257,0.90565282,0.89952421,0.89589855,0.89500797,0.89686889,0.90129448,0.90791961,0.91623184,0.92560243
0.94122608,0.95687382,0.96959490,0.97893893,0.98481914,0.98745208,0.98725853,0.98475567,0.98046910,0.97488374,0.96843802,0.96155134,0.95466452,0.94827045,0.94291596,0.93916543,0.93752870,0.93836745,0.94180298,0.94765177,0.95541120,0.96430680,0.97339741,0.98171951,0.98844196,0.99299918,0.99517559,0.99512487,0.99332123,0.99045421,0.98728983,0.98452773,0.98268360,0.98201930,0.98253114,0.98399285,0.98603765,0.98825653,0.99028869,0.99188440,0.99292938,0.99343035,0.99347112,0.99315600,0.99255882,0.99169340,0.99051371,0.98894276,0.98692065,0.98445628,0.98166618,0.97878665,0.97615242,0.97414378,0.97311242,0.97330273,0.97478692,0.97742985,0.98089305,0.98467814,0.98820150,0.99088480,0.99224320,0.99195362,0.98989088,0.98612680,0.98089600,0.97453932,0.96743996,0.95996748,0.95244125,0.94511876,0.93820710,0.93188940,0.92635447,0.92181717,0.91851998,0.91671195,0.91660818,0.91833908,0.92190224,0.92713028,0.93368472,0.94108027,0.94873713,0.95605233,0.96247662,0.96758183,0.97110587,0.97296715,0.97324769,0.97215056,0.96994298,0.96689829,0.96324941,0.95916205,0.95473070,0.94999380,0.94496005,0.93963500
0.96216461,0.96060965,0.95977543,0.95976485,0.96048455,0.96168192,0.96301286,0.96412695,0.96475183,0.96475862,0.96419372,0.96327040,0.96232239,0.96173036,0.96183777,0.96287386,0.96489943,0.96778534,0.97122659,0.97478779,0.97796983,0.98028455,0.98132373,0.98081139,0.97863273,0.97483857,0.96962870,0.96332071,0.95631230,0.94904346,0.94196339,0.93550335,0.93005481,0.92595033,0.92344518,0.92269839,0.92375421,0.92652652,0.93079001,0.93618218,0.94221894,0.94832484,0.95387626,0.95825312,0.96089330,0.96134286,0.95929633,0.95462296,0.94737722,0.93779428,0.92627286,0.91334866,0.89966180,0.88592094,0.87286565,0.86122780,0.85169198,0.84485528,0.84118744,0.84099406,0.84438626,0.85126142,0.86129898,0.87397406,0.88858987,0.90432670,0.92030324,0.93564324,0.94953986,0.96131037,0.97043544,0.97658058,0.97960002,0.97952617,0.97654938,0.97099287,0.96328705,0.95394565,0.94354444,0.93270083,0.92205188,0.91222777,0.90381878,0.89733654,0.89317277,0.89156119,0.89254970,0.89598909,0.90154282,0.90871909,0.91692264,0.92552011,0.93390969,0.94158433,0.94817840,0.95349027,0.95747787,0.96022934,0.96191536,0.96273282
0.93512517,0.94200646,0.94862322,0.95466582,0.95967965,0.96312913,0.96448129,0.96329634,0.95931075,0.95249880,0.94310139,0.93161646,0.91875244,0.90535284,0.89230500,0.88044785,0.87049219,0.86296388,0.85817561,0.85622800,0.85703551,0.86036903,0.86590417,0.87326508,0.88205598,0.89187732,0.90232844,0.91300203,0.92347805,0.93332407,0.94210725,0.94941978,0.95491555,0.95835245,0.95963145,0.95882363,0.95617716,0.95210014,0.94711968,0.94182211,0.93678294,0.93249692,0.92931889,0.92742403,0.92679293,0.92722285,0.92836215,0.92976157,0.93093397,0.93141373,0.93080841,0.92883737,0.92535495,0.92035845,0.91398300,0.90648676,0.89822953,0.88964776,0.88122746,0.87347587,0.86689182,0.86193492,0.85899379,0.85835476,0.86017340,0.86445235,0.87102909,0.87957710,0.88962215,0.90057355,0.91176826,0.92252366,0.93219368,0.94022235,0.94618931,0.94984225,0.95111352,0.95011970,0.94714525,0.94261305,0.93704550,0.93102032,0.92512479,0.91991178,0.91586048,0.91334366,0.91260323,0.91373487,0.91668243,0.92124239,0.92707876,0.93374779,0.94073161,0.94747824,0.95344490,0.95814041,0.96116277,0.96222823,0.96118906,0.95803829
0.77657935,0.77927859,0.78551644,0.79504458,0.80747842,0.82226766,0.83866618,0.85572201,0.87230581,0.88718782,0.89916034,0.90718932,0.91056834,0.90904415,0.90288603,0.89288123,0.88025153,0.86650093,0.85321739,0.84186076,0.83357270,0.82904088,0.82843996,0.83145648,0.83738872,0.84529818,0.85418101,0.86312639,0.87143421,0.87867516,0.88468934,0.88953222,0.89338721,0.89646924,0.89894367,0.90087886,0.90224084,0.90292699,0.90282562,0.90188205,0.90015124,0.89782101,0.89519819,0.89265995,0.89058166,0.88925905,0.88884447,0.88931413,0.89047578,0.89201655,0.89358088,0.89486041,0.89567518,0.89602654,0.89610905,0.89627760,0.89697629,0.89864441,0.90161998,0.90606219,0.91190958,0.91888261,0.92652924,0.93430230,0.94165099,0.94810647,0.95334368,0.95720825,0.95970570,0.96095947,0.96115133,0.96046141,0.95902426,0.95691222,0.95414924,0.95074972,0.94676983,0.94235503,0.93776844,0.93338892,0.92967566,0.92710418,0.92608663,0.92689359,0.92959564,0.93403863,0.93985957,0.94654031,0.95348761,0.96012237,0.96595847,0.97065533,0.97403409,0.97605702,0.97677800,0.97627916,0.97461119,0.97175381,0.96760686,0.96201453
0.99597837,0.99637236,0.99345313,0.98717573,0.97759278,0.96489787,0.94946536,0.93187551,0.91291659,0.89356020,0.87491063,0.85813320,0.84436833,0.83463955,0.82976319,0.83026748,0.83632756,0.84772228,0.86381752,0.88358018,0.90562559,0.92829961,0.94979318,0.96828279,0.98208532,0.98981200,0.99050429,0.98373560,0.96966631,0.94904456,0.92315184,0.89369883,0.86268287,0.83222330,0.80439239,0.78105895,0.76375784,0.75359316,0.75117773,0.75660713,0.76946441,0.78885075,0.81343848,0.84154367,0.87121725,0.90035408,0.92681866,0.94858437,0.96387949,0.97132953,0.97008239,0.95990148,0.94121303,0.91509802,0.88322459,0.84772444,0.81102390,0.77564618,0.74400573,0.71821578,0.69992817,0.69021935,0.68953004,0.69765960,0.71380998,0.73667067,0.76453320,0.79542352,0.82724147,0.85789840,0.88544640,0.90819450,0.92480838,0.93439011,0.93653396,0.93135358,0.91947611,0.90200052,0.88041980,0.85651077,0.83219874,0.80940782,0.78990997,0.77518691,0.76631790,0.76390419,0.76803642,0.77830659,0.79386130,0.81348877,0.83572970,0.85900044,0.88171734,0.90241179,0.91982775,0.93299597,0.94128181,0.94440637,0.94244202,0.93578515
0.97289955,0.96718036,0.96113139,0.95534258,0.95027924,0.94626535,0.94348218,0.94198072,0.94170527,0.94252481,0.94426719,0.94675028,0.94980499,0.95328650,0.95707296,0.96105374,0.96511151,0.96910393,0.97285096,0.97613325,0.97870475,0.98031969,0.98076948,0.97992217,0.97775485,0.97437072,0.96999531,0.96495141,0.95961655,0.95437118,0.94954732,0.94538810,0.94202640,0.93948694,0.93771082,0.93659630,0.93604546,0.93600485,0.93649011,0.93758801,0.93943543,0.94217983,0.94593018,0.95070997,0.95642323,0.96284239,0.96962140,0.97633253,0.98251931,0.98775537,0.99169737,0.99412248,0.99494451,0.99420777,0.99206241,0.98872890,0.98446081,0.97951439,0.97413092,0.96853347,0.96293546,0.95755498,0.95262736,0.94840889,0.94516735,0.94315871,0.94259342,0.94359916,0.94618860,0.95024028,0.95549833,0.96159291,0.96807857,0.97448435,0.98036650,0.98535513,0.98918696,0.99172001,0.99292981,0.99289063,0.99174762,0.98968733,0.98691295,0.98362826,0.98003151,0.97631700,0.97268018,0.96932105,0.96644174,0.96423586,0.96287018,0.96246215,0.96305815,0.96461822,0.96701134,0.97002318,0.97337499,0.97674971,0.97981964,0.98226979
0.98689486,0.98398666,0.97979759,0.97486101,0.96974164,0.96497577,0.96101295,0.95816707,0.95658452,0.95623558,0.95693107,0.95836087,0.96014608,0.96189422,0.96324739,0.96391573,0.96369248,0.96245103,0.96012834,0.95670229,0.95217275,0.94655469,0.93988812,0.93226304,0.92385152,0.91493513,0.90591569,0.89730068,0.88966064,0.88356245,0.87948851,0.87775686,0.87845856,0.88142762,0.88625287,0.89233273,0.89896469,0.90545327,0.91121609,0.91586822,0.91926935,0.92152579,0.92294840,0.92397568,0.92507813,0.92666278,0.92899595,0.93215761,0.93603271,0.94033762,0.94467229,0.94858540,0.95163890,0.95346069,0.95377869,0.95243500,0.94938369,0.94467887,0.93846081,0.93094598,0.92242345,0.91325620,0.90388212,0.89480799,0.88659021,0.87979887,0.87496582,0.87252240,0.87273612,0.87565765,0.88108908,0.88858156,0.89746574,0.90691257,0.91601706,0.92389316,0.92976640,0.93305183,0.93340773,0.93076043,0.92529996,0.91745061,0.90782276,0.89715342,0.88624286,0.87589312,0.86685249,0.85976795,0.85514630,0.85332421,0.85444788,0.85846407,0.86512448,0.87400505,0.88454025,0.89607005,0.90789533,0.91933565,0.92978250,0.93874135
0.92115936,0.92488077,0.93022939,0.93695957,0.94454344,0.95221454,0.95906364,0.96417530,0.96678168,0.96640247,0.96293934,0.95670227,0.94836003,0.93882457,0.92909364,0.92008418,0.91248994,0.90669052,0.90272788,0.90035189,0.89912113,0.89853331,0.89815311,0.89770722,0.89712591,0.89652470,0.89613527,0.89620646,0.89690246,0.89822468,0.89997733,0.90178561,0.90316299,0.90361180,0.90273364,0.90032349,0.89642599,0.89134133,0.88558061,0.87978183,0.87460581,0.87063480,0.86829424,0.86781192,0.86921895,0.87238762,0.87709261,0.88307777,0.89011094,0.89801379,0.90666159,0.91595609,0.92578217,0.93596290,0.94622788,0.95620589,0.96544688,0.97347020,0.97982996,0.98418339,0.98634748,0.98633152,0.98433869,0.98073669,0.97600400,0.97066324,0.96521502,0.96008435,0.95558826,0.95192736,0.94919887,0.94742388,0.94657909,0.94662362,0.94751375,0.94920298,0.95162968,0.95469783,0.95825895,0.96210215,0.96595746,0.96951367,0.97244833,0.97446447,0.97532687,0.97489049,0.97311558,0.97006709,0.96589957,0.96083207,0.95511906,0.94902350,0.94279643,0.93666468,0.93082601,0.92544829,0.92066896,0.91659100,0.91327331,0.91071604
0.98467188,0.98728941,0.99004715,0.99287635,0.99558818,0.99786029,0.99924239,0.99919094,0.99713707,0.99258227,0.98520758,0.97497535,0.96220076,0.94757388,0.93212155,0.91710948,0.90389649,0.89376216,0.88773470,0.88644654,0.89004050,0.89814113,0.90989394,0.92406450,0.93917948,0.95368703,0.96611337,0.97519635,0.97998387,0.97989237,0.97472769,0.96467516,0.95026748,0.93233870,0.91196957,0.89042638,0.86909241,0.84938978,0.83268998,0.82021478,0.81293284,0.81146216,0.81599079,0.82622930,0.84140580,0.86030974,0.88138402,0.90285779,0.92290602,0.93981728,0.95214990,0.95885825,0.95937551,0.95364581,0.94210567,0.92562108,0.90539151,0.88283445,0.85946471,0.83678056,0.81616546,0.79881031,0.78565719,0.77736348,0.77428377,0.77646733,0.78366967,0.79537736,0.81084571,0.82914879,0.84924030,0.87002275,0.89042076,0.90945288,0.92629538,0.94033162,0.95118203,0.95871209,0.96301869,0.96439795,0.96329972,0.96027492,0.95592203,0.95083836,0.94558029,0.94063451,0.93640045,0.93318244,0.93118883,0.93053564,0.93125269,0.93329082,0.93652994,0.94078751,0.94582743,0.95136888,0.95709478,0.96265937,0.96769450,0.97181479
0.89746219,0.89277209,0.89068362,0.89160846,0.89550426,0.90190615,0.91003134,0.91893319,0.92767169,0.93546530,0.94179462,0.94644081,0.94945677,0.95108460,0.95164364,0.95141803,0.95057017,0.94909822,0.94684382,0.94354413,0.93891228,0.93272514,0.92489670,0.91552062,0.90487324,0.89337870,0.88154619,0.86989573,0.85889006,0.84888779,0.84012619,0.83273426,0.82676911,0.82226337,0.81926929,0.81788693,0.81826796,0.82059363,0.82503141,0.83168084,0.84052137,0.85137490,0.86389217,0.87756653,0.89177295,0.90582498,0.91903891,0.93079441,0.94058215,0.94803302,0.95292786,0.95519102,0.95487381,0.95213481,0.94722300,0.94046681,0.93226911,0.92310496,0.91351712,0.90410385,0.89549512,0.88831569,0.88313754,0.88042697,0.88049436,0.88345481,0.88920696,0.89743411,0.90762817,0.91913339,0.93120345,0.94306414,0.95397355,0.96327326,0.97042651,0.97504234,0.97688712,0.97588666,0.97212214,0.96582240,0.95735354,0.94720514,0.93597097,0.92432211,0.91297083,0.90262548,0.89393904,0.88745625,0.88356598,0.88246602,0.88414601,0.88839193,0.89481168,0.90287788,0.91198076,0.92148273,0.93076642,0.93926990,0.94650616,0.95206731
0.95658263,0.95384193,0.95233906,0.95242701,0.95411490,0.95710446,0.96088117,0.96483849,0.96840729,0.97116248,0.97288515,0.97357022,0.97338312,0.97258112,0.97142258,0.97008811,0.96863312,0.96698128,0.96495831,0.96235529,0.95900462,0.95484933,0.94998877,0.94468939,0.93935797,0.93448306,0.93055777,0.92800032,0.92708821,0.92791745,0.93039190,0.93424116,0.93906013,0.94436069,0.94962523,0.95435370,0.95809893,0.96048885,0.96123793,0.96015205,0.95713153,0.95217524,0.94538640,0.93697790,0.92727339,0.91670029,0.90577158,0.89505562,0.88513536,0.87656101,0.86980192,0.86520432,0.86296065,0.86309473,0.86546380,0.86977637,0.87562256,0.88251269,0.88991970,0.89732122,0.90423815,0.91026746,0.91510802,0.91857875,0.92062867,0.92133800,0.92090942,0.91964868,0.91793504,0.91618333,0.91480137,0.91414742,0.91449307,0.91599630,0.91868864,0.92247812,0.92716753,0.93248482,0.93812031,0.94376435,0.94913918,0.95402092,0.95824961,0.96172847,0.96441506,0.96630839,0.96743633,0.96784617,0.96760006,0.96677449,0.96546120,0.96376602,0.96180199,0.95967538,0.95746502,0.95519845,0.95283011,0.95022743,0.94717002,0.94336502
0.77328790,0.76534399,0.75909976,0.75529581,0.75444983,0.75673540,0.76193739,0.76949931,0.77865184,0.78858753,0.79863231,0.80836573,0.81765780,0.82661552,0.83545703,0.84435133,0.85326978,0.86189335,0.86960628,0.87558508,0.87896628,0.87905426,0.87551740,0.86852251,0.85877221,0.84743390,0.83597412,0.82593292,0.81868426,0.81522998,0.81606571,0.82114032,0.82990918,0.84146112,0.85468450,0.86843327,0.88165963,0.89349377,0.90326752,0.91049450,0.91482868,0.91602629,0.91393131,0.90849433,0.89982120,0.88823547,0.87433090,0.85898978,0.84334942,0.82871164,0.81640398,0.80761406,0.80322633,0.80369191,0.80895667,0.81846177,0.83121622,0.84592702,0.86116215,0.87551725,0.88775937,0.89692890,0.90239172,0.90384481,0.90128730,0.89497357,0.88536465,0.87308905,0.85891628,0.84373847,0.82854976,0.81441166,0.80239602,0.79350323,0.78856174,0.78812223,0.79236516,0.80104127,0.81346129,0.82854316,0.84491496,0.86106034,0.87548571,0.88688379,0.89427006,0.89707404,0.89517649,0.88889336,0.87891544,0.86621874,0.85196178,0.83738459,0.82371912,0.81211512,0.80357988,0.79892696,0.79872803,0.80326478,0.81248209,0.82594921
0.97695825,0.97628717,0.97573802,0.97555401,0.97583215,0.97649789,0.97732247,0.97798399,0.97815980,0.97762744,0.97634585,0.97449260,0.97244403,0.97070059,0.96977405,0.97006270,0.97174382,0.97470958,0.97856317,0.98267931,0.98631817,0.98876849,0.98948810,0.98820999,0.98499128,0.98019609,0.97441924,0.96837002,0.96274259,0.95810057,0.95479813,0.95295100,0.95245799,0.95306249,0.95443388,0.95624616,0.95823407,0.96021534,0.96207835,0.96374454,0.96512099,0.96606088,0.96634664,0.96570367,0.96384402,0.96053023,0.95564310,0.94923487,0.94155256,0.93302250,0.92419731,0.91567464,0.90800448,0.90160378,0.89669614,0.89328845,0.89118801,0.89005504,0.88947738,0.88905036,0.88844478,0.88745007,0.88598693,0.88409094,0.88187574,0.87948784,0.87706651,0.87471877,0.87251490,0.87050294,0.86873493,0.86729375,0.86630919,0.86595481,0.86642281,0.86788023,0.87041603,0.87399133,0.87840618,0.88329314,0.88814275,0.89235930,0.89533838,0.89655265,0.89563014,0.89241086,0.88697209,0.87961926,0.87084617,0.86127352,0.85157800,0.84242400,0.83440795,0.82802117,0.82363187,0.82148239,0.82169434,0.82427357,0.82910874,0.83596166
0.97414108,0.97066605,0.96520580,0.95789771,0.94888220,0.93832586,0.92645563,0.91359701,0.90020768,0.88689680,0.87442114,0.86365131,0.85550615,0.85085914,0.85042714,0.85465668,0.86362465,0.87697011,0.89387025,0.91306923,0.93296190,0.95172739,0.96749972,0.97855592,0.98349850,0.98140900,0.97195383,0.95543013,0.93274761,0.90534990,0.87508582,0.84404588,0.81438266,0.78813412,0.76706693,0.75255237,0.74548173,0.74622297,0.75461624,0.77000327,0.79128525,0.81700334,0.84543696,0.87471545,0.90293862,0.92830181,0.94921921,0.96443790,0.97313336,0.97497676,0.97016503,0.95940756,0.94386740,0.92505999,0.90471800,0.88463554,0.86650852,0.85178858,0.84156647,0.83649627,0.83676621,0.84211525,0.85188939,0.86512712,0.88066161,0.89722709,0.91355892,0.92847992,0.94096953,0.95021554,0.95565010,0.95697226,0.95415875,0.94746271,0.93739920,0.92471524,0.91034252,0.89533247,0.88077621,0.86771493,0.85704973,0.84946183,0.84535402,0.84482241,0.84766298,0.85341256,0.86141804,0.87092369,0.88116343,0.89144456,0.90121155,0.91008205,0.91785285,0.92447877,0.93003193,0.93465150,0.93849407,0.94169294,0.94433098,0.94642812
0.96406275,0.96837626,0.97312324,0.97803468,0.98259453,0.98610672,0.98779948,0.98695097,0.98301707,0.97574146,0.96523025,0.95197786,0.93683845,0.92094591,0.90559317,0.89208752,0.88160109,0.87503514,0.87291501,0.87532851,0.88191587,0.89191263,0.90423921,0.91762388,0.93074068,0.94234329,0.95137789,0.95706381,0.95893642,0.95685301,0.95096730,0.94168193,0.92959009,0.91541708,0.89996919,0.88409341,0.86864603,0.85446555,0.84234362,0.83298953,0.82698665,0.82474310,0.82644296,0.83200694,0.84107253,0.85300189,0.86692191,0.88179527,0.89651526,0.91001247,0.92135881,0.92985437,0.93508555,0.93694751,0.93563023,0.93157335,0.92539967,0.91783942,0.90965750,0.90159236,0.89431175,0.88838540,0.88427152,0.88231126,0.88272556,0.88560993,0.89092611,0.89849287,0.90798082,0.91891755,0.93070830,0.94267424,0.95410711,0.96433433,0.97278619,0.97905455,0.98293334,0.98443361,0.98377016,0.98132238,0.97757636,0.97305895,0.96827499,0.96365753,0.95953720,0.95613280,0.95356048,0.95185571,0.95099995,0.95094458,0.95162604,0.95297022,0.95488730,0.95726156,0.95994176,0.96273735,0.96542364,0.96775626,0.96949247,0.97041414
0.92039477,0.91312902,0.90869162,0.90696337,0.90752597,0.90980554,0.91321320,0.91725652,0.92160432,0.92609952,0.93072637,0.93554819,0.94063652,0.94601177,0.95160963,0.95727903,0.96280829,0.96796897,0.97256299,0.97645885,0.97960687,0.98202976,0.98379231,0.98496009,0.98556014,0.98555630,0.98484760,0.98329191,0.98075007,0.97714001,0.97248712,0.96695750,0.96086423,0.95464259,0.94879732,0.94383111,0.94016764,0.93808343,0.93766109,0.93877137,0.94108623,0.94411880,0.94728209,0.94995564,0.95155000,0.95156071,0.94960744,0.94545746,0.93903567,0.93042484,0.91985955,0.90771598,0.89449749,0.88081452,0.86735596,0.85485037,0.84401692,0.83550900,0.82985631,0.82741317,0.82832121,0.83249316,0.83962150,0.84921150,0.86063430,0.87319190,0.88618421,0.89896836,0.91100246,0.92187006,0.93128545,0.93908407,0.94520445,0.94966837,0.95256464,0.95403895,0.95428912,0.95356272,0.95215194,0.95038147,0.94858633,0.94708025,0.94611859,0.94586288,0.94635515,0.94750970,0.94912633,0.95092516,0.95259784,0.95386642,0.95453828,0.95454610,0.95396366,0.95299347,0.95192779,0.95109021,0.95076942,0.95115812,0.95230845,0.95411196
0.98255213,0.98386229,0.98365685,0.98119879,0.97600782,0.96793887,0.95718318,0.94420366,0.92963099,0.91415329,0.89842826,0.88303543,0.86847105,0.85517462,0.84356719,0.83407911,0.82714921,0.82318680,0.82250114,0.82521514,0.83118806,0.83997222,0.85082097,0.86275194,0.87465590,0.88543032,0.89411201,0.89998402,0.90263846,0.90198690,0.89822196,0.89174441,0.88307688,0.87278661,0.86143365,0.84955139,0.83765518,0.82626604,0.81593283,0.80723707,0.80077058,0.79708452,0.79661798,0.79962187,0.80609774,0.81576937,0.82809796,0.84234133,0.85764675,0.87315898,0.88812168,0.90195214,0.91427604,0.92491821,0.93385612,0.94115145,0.94688000,0.95107957,0.95372944,0.95476568,0.95412600,0.95180975,0.94793414,0.94276884,0.93673603,0.93037208,0.92425724,0.91892843,0.91479570,0.91208241,0.91080364,0.91078780,0.91173568,0.91330236,0.91518192,0.91717467,0.91922078,0.92139279,0.92384965,0.92676511,0.93025000,0.93428980,0.93871466,0.94321087,0.94737136,0.95077357,0.95306572,0.95404063,0.95367931,0.95215381,0.94978855,0.94699001,0.94416191,0.94162701,0.93957393,0.93804081,0.93693726,0.93609584,0.93533670,0.93452556
0.96113149,0.96018140,0.95846083,0.95617577,0.95349806,0.95053575,0.94733141,0.94389216,0.94024404,0.93649276,0.93286822,0.92973281,0.92754354,0.92677124,0.92779311,0.93078281,0.93562546,0.94188085,0.94880939,0.95546232,0.96082269,0.96397062,0.96423922,0.96132852,0.95535427,0.94682344,0.93654436,0.92549251,0.91466054,0.90492205,0.89693371,0.89109029,0.88753451,0.88621093,0.88694393,0.88951575,0.89372361,0.89940310,0.90641585,0.91461005,0.92376974,0.93357157,0.94356568,0.95319075,0.96182436,0.96886009,0.97379552,0.97631179,0.97632715,0.97401242,0.96976510,0.96414779,0.95780364,0.95136624,0.94538110,0.94025243,0.93622224,0.93338118,0.93170337,0.93109318,0.93143086,0.93260609,0.93453311,0.93714691,0.94038523,0.94416481,0.94836145,0.95280177,0.95727050,0.96153243,0.96536355,0.96858345,0.97108057,0.97282415,0.97385963,0.97428896,0.97424062,0.97383711,0.97316827,0.97227704,0.97116115,0.96978926,0.96812636,0.96616092,0.96392606,0.96150886,0.95904539,0.95670253,0.95465099,0.95303619,0.95195422,0.95143868,0.95146142,0.95194597,0.95278889,0.95388182,0.95512698,0.95644097,0.95774509,0.95894480
0.87530289,0.87797226,0.88334370,0.89130778,0.90146084,0.91309806,0.92525313,0.93679125,0.94655033,0.95351175,0.95697068,0.95667075,0.95287248,0.94633710,0.93822425,0.92991890,0.92281622,0.91810040,0.91655548,0.91844102,0.92345468,0.93078803,0.93926386,0.94752796,0.95425924,0.95836080,0.95910153,0.95618996,0.94977559,0.94038656,0.92882205,0.91602400,0.90295270,0.89048667,0.87935792,0.87012428,0.86317076,0.85872708,0.85688707,0.85761925,0.86076368,0.86601716,0.87291521,0.88082289,0.88894675,0.89637692,0.90216161,0.90540837,0.90539875,0.90169773,0.89423826,0.88336352,0.86981619,0.85467299,0.83923195,0.82486854,0.81288205,0.80435477,0.80004394,0.80031980,0.80515442,0.81415757,0.82664819,0.84174580,0.85846548,0.87580240,0.89279713,0.90857891,0.92239010,0.93359842,0.94170527,0.94635720,0.94736409,0.94472283,0.93864095,0.92955133,0.91810859,0.90515999,0.89168863,0.87873256,0.86728920,0.85821834,0.85215863,0.84947064,0.85021575,0.85417356,0.86089371,0.86977179,0.88013466,0.89131981,0.90273594,0.91389675,0.92442672,0.93404367,0.94252725,0.94968486,0.95532569,0.95925026,0.96125830,0.96117231
0.96053486,0.96275591,0.96595157,0.97004688,0.97467890,0.97927675,0.98317687,0.98574693,0.98649370,0.98513675,0.98163958,0.97619992,0.96920860,0.96119098,0.95274502,0.94448683,0.93700896,0.93085024,0.92647217,0.92423541,0.92437295,0.92696075,0.93189149,0.93885913,0.94736181,0.95672802,0.96616632,0.97483465,0.98192067,0.98672196,0.98871396,0.98759578,0.98330835,0.97602548,0.96612336,0.95413761,0.94071692,0.92658053,0.91248288,0.89918472,0.88742679,0.87790079,0.87121286,0.86783775,0.86806662,0.87195578,0.87928702,0.88955122,0.90196374,0.91551599,0.92906030,0.94141934,0.95150590,0.95843619,0.96162013,0.96081605,0.95614300,0.94805175,0.93726205,0.92467859,0.91129972,0.89813167,0.88611710,0.87608208,0.86870041,0.86447108,0.86370280,0.86650115,0.87275613,0.88213251,0.89406797,0.90778648,0.92233335,0.93663559,0.94958650,0.96014761,0.96745621,0.97092332,0.97030664,0.96574563,0.95775147,0.94715188,0.93499812,0.92244777,0.91064005,0.90058119,0.89305388,0.88856001,0.88729909,0.88917911,0.89385200,0.90076415,0.90921243,0.91839863,0.92747849,0.93560469,0.94196667,0.94583054,0.94658233,0.94377439
0.90787204,0.91536321,0.92309624,0.93087162,0.93818358,0.94433932,0.94863232,0.95052670,0.94980772,0.94666227,0.94167053,0.93571108,0.92980219,0.92491545,0.92180268,0.92087168,0.92213327,0.92522535,0.92950290,0.93417056,0.93842835,0.94160200,0.94323583,0.94313614,0.94136483,0.93819256,0.93402742,0.92933730,0.92458102,0.92015802,0.91637902,0.91345472,0.91149619,0.91052088,0.91045966,0.91116368,0.91241216,0.91392411,0.91537730,0.91643627,0.91678859,0.91618554,0.91448043,0.91165710,0.90784217,0.90329795,0.89839683,0.89358160,0.88931872,0.88605183,0.88416225,0.88394043,0.88556974,0.88912098,0.89455395,0.90172217,0.91037804,0.92017804,0.93069050,0.94140960,0.95177983,0.96123302,0.96923718,0.97535259,0.97928728,0.98094184,0.98043357,0.97809242,0.97442612,0.97005790,0.96564593,0.96179785,0.95899460,0.95753646,0.95751923,0.95884297,0.96124919,0.96437660,0.96782309,0.97120067,0.97417373,0.97647611,0.97790855,0.97832363,0.97760787,0.97567086,0.97244815,0.96791972,0.96214014,0.95527163,0.94760843,0.93958125,0.93173432,0.92467354,0.91899182,0.91518369,0.91356529,0.91421570,0.91695196,0.92134366
0.96796963,0.97123649,0.97318000,0.97399471,0.97408157,0.97394801,0.97408518,0.97485261,0.97639782,0.97862940,0.98124879,0.98383076,0.98593156,0.98719730,0.98744676,0.98671027,0.98521725,0.98333719,0.98148942,0.98004323,0.97923183,0.97909953,0.97949356,0.98010098,0.98052102,0.98035510,0.97929389,0.97718254,0.97405118,0.97010615,0.96568667,0.96119822,0.95703871,0.95353341,0.95089135,0.94919018,0.94838898,0.94836232,0.94894447,0.94997142,0.95131055,0.95287180,0.95460025,0.95645463,0.95838033,0.96028650,0.96203539,0.96344869,0.96433084,0.96450421,0.96384794,0.96233035,0.96002641,0.95711466,0.95385306,0.95053769,0.94745239,0.94481948,0.94276172,0.94128303,0.94027196,0.93952654,0.93879482,0.93782258,0.93639842,0.93438786,0.93175114,0.92854307,0.92489698,0.92099827,0.91705425,0.91326751,0.90981781,0.90685500,0.90450176,0.90286211,0.90203046,0.90209602,0.90313940,0.90522066,0.90836083,0.91252103,0.91758450,0.92334720,0.92952102,0.93575143,0.94164814,0.94682428,0.95093758,0.95372639,0.95503454,0.95482124,0.95315522,0.95019500,0.94615969,0.94129590,0.93584668,0.93002686,0.92400750,0.91790918
0.89932042,0.90574311,0.91396477,0.92358578,0.93392303,0.94402439,0.95273833,0.95884139,0.96121093,0.95901559,0.95188650,0.94003117,0.92426213,0.90592838,0.88675793,0.86863635,0.85335789,0.84239048,0.83669265,0.83661082,0.84187012,0.85165382,0.86474994,0.87973294,0.89514528,0.90964979,0.92213450,0.93176510,0.93799151,0.94052357,0.93929345,0.93442152,0.92619602,0.91506900,0.90166218,0.88677025,0.87134757,0.85646726,0.84324899,0.83276040,0.82590519,0.82331604,0.82527215,0.83165790,0.84197253,0.85539148,0.87087026,0.88727366,0.90350913,0.91864310,0.93198356,0.94311948,0.95191600,0.95847241,0.96305562,0.96602459,0.96776064,0.96861457,0.96887629,0.96876624,0.96844334,0.96802166,0.96758743,0.96721020,0.96694512,0.96682700,0.96686007,0.96700912,0.96719736,0.96731471,0.96723661,0.96685010,0.96608161,0.96491940,0.96342460,0.96172677,0.96000303,0.95844362,0.95720987,0.95639288,0.95598150,0.95584705,0.95574845,0.95535768,0.95430156,0.95221293,0.94878293,0.94380659,0.93721492,0.92908966,0.91965925,0.90927808,0.89839310,0.88750344,0.87711848,0.86771861,0.85972088,0.85345022,0.84911592,0.84679314
0.93211817,0.92271347,0.91241373,0.90209786,0.89263557,0.88480173,0.87919917,0.87620206,0.87592951,0.87825447,0.88284556,0.88923300,0.89688446,0.90527574,0.91394351,0.92251254,0.93069643,0.93827660,0.94506930,0.95089242,0.95554346,0.95879729,0.96042619,0.96023908,0.95813070,0.95412848,0.94842465,0.94138421,0.93352431,0.92546695,0.91787245,0.91136516,0.90646445,0.90353295,0.90274989,0.90411240,0.90746140,0.91252436,0.91896424,0.92642417,0.93455964,0.94305407,0.95161820,0.95997777,0.96785670,0.97496355,0.98098757,0.98560781,0.98851491,0.98944140,0.98819417,0.98468169,0.97892984,0.97108255,0.96138717,0.95016756,0.93779083,0.92463430,0.91105910,0.89739466,0.88393548,0.87094855,0.85868691,0.84740387,0.83736207,0.82883350,0.82208885,0.81737746,0.81490150,0.81478920,0.81707232,0.82167201,0.82839567,0.83694516,0.84693505,0.85791751,0.86941023,0.88092374,0.89198589,0.90216262,0.91107559,0.91841775,0.92396773,0.92760320,0.92931212,0.92920006,0.92749139,0.92452184,0.92072119,0.91658532,0.91263927,0.90939453,0.90730522,0.90672876,0.90789576,0.91089212,0.91565410,0.92197493,0.92952008,0.93784768
0.95420157,0.95119637,0.94976579,0.95034243,0.95290627,0.95698337,0.96174372,0.96617883,0.96932078,0.97045339,0.96926719,0.96592357,0.96101566,0.95543799,0.95019776,0.94621137,0.94413049,0.94423304,0.94639797,0.95016402,0.95485396,0.95973261,0.96416096,0.96771251,0.97022891,0.97180842,0.97273692,0.97338354,0.97408935,0.97507609,0.97639452,0.97792110,0.97939913,0.98051044,0.98095793,0.98053799,0.97918665,0.97699087,0.97416574,0.97100643,0.96782873,0.96491313,0.96246475,0.96059563,0.95932979,0.95862537,0.95840497,0.95858404,0.95908955,0.95986467,0.96086003,0.96201645,0.96324638,0.96442165,0.96537317,0.96590461,0.96581820,0.96494752,0.96319045,0.96053512,0.95707348,0.95299937,0.94859139,0.94418335,0.94012747,0.93675565,0.93434378,0.93308227,0.93305452,0.93422382,0.93642882,0.93938761,0.94271067,0.94592297,0.94849533,0.94988481,0.94958247,0.94716560,0.94234903,0.93502896,0.92531191,0.91352327,0.90019231,0.88601481,0.87179773,0.85839286,0.84662774,0.83724184,0.83083437,0.82782785,0.82844807,0.83271825,0.84046303,0.85131760,0.86473854,0.88001585,0.89628812,0.91256537,0.92776468,0.94076272
0.93606833,0.93564185,0.93529692,0.93507541,0.93496768,0.93493878,0.93495806,0.93502632,0.93519496,0.93557218,0.93631311,0.93759372,0.93957166,0.94234094,0.94588909,0.95006592,0.95457118,0.95896563,0.96270625,0.96520271,0.96588866,0.96429827,0.96013666,0.95333278,0.94406581,0.93276045,0.92005176,0.90672503,0.89363958,0.88164708,0.87151497,0.86386384,0.85912514,0.85752146,0.85906823,0.86359173,0.87075675,0.88009724,0.89104507,0.90295499,0.91512664,0.92682654,0.93731398,0.94587411,0.95185978,0.95474116,0.95415868,0.94997200,0.94229596,0.93151493,0.91826908,0.90341054,0.88793218,0.87287645,0.85923547,0.84785546,0.83935853,0.83409226,0.83211335,0.83320575,0.83692823,0.84268177,0.84978515,0.85754698,0.86532500,0.87256697,0.87883170,0.88379304,0.88723236,0.88902680,0.88913984,0.88761838,0.88459686,0.88030524,0.87507541,0.86933952,0.86361513,0.85847467,0.85449999,0.85222644,0.85208364,0.85434233,0.85907650,0.86614813,0.87521825,0.88578302,0.89722906,0.90889901,0.92015703,0.93044465,0.93931973,0.94647475,0.95173434,0.95503605,0.95640084,0.95590117,0.95363402,0.94970338,0.94421375,0.93727290
0.92990464,0.92953501,0.93162879,0.93610678,0.94247856,0.94990326,0.95730983,0.96355856,0.96761805,0.96872839,0.96652303,0.96108911,0.95295665,0.94302066,0.93241142,0.92233596,0.91391643,0.90804868,0.90529895,0.90584982,0.90949906,0.91570773,0.92368740,0.93251107,0.94123045,0.94898277,0.95507446,0.95903439,0.96063502,0.95988399,0.95699217,0.95232563,0.94635007,0.93957559,0.93250853,0.92561437,0.91929270,0.91386268,0.90955624,0.90651547,0.90479197,0.90434691,0.90505210,0.90669352,0.90898008,0.91155996,0.91404674,0.91605505,0.91724336,0.91735883,0.91627726,0.91403110,0.91081922,0.90699463,0.90302985,0.89946313,0.89683253,0.89560725,0.89612678,0.89855720,0.90287136,0.90885524,0.91613871,0.92424449,0.93264678,0.94082971,0.94833691,0.95480575,0.95998366,0.96372729,0.96598913,0.96679714,0.96623395,0.96442003,0.96150346,0.95765570,0.95307082,0.94796405,0.94256584,0.93710877,0.93180717,0.92683235,0.92228839,0.91819473,0.91448159,0.91100166,0.90755867,0.90394935,0.90001207,0.89567302,0.89098078,0.88612123,0.88140840,0.87725099,0.87409902,0.87237862,0.87242514,0.87442481,0.87837344,0.88405724
0.97116083,0.96405266,0.95564435,0.94676264,0.93831224,0.93117921,0.92611814,0.92364684,0.92397276,0.92696961,0.93221104,0.93905483,0.94675879,0.95460303,0.96199292,0.96852297,0.97399208,0.97837209,0.98174251,0.98421181,0.98584761,0.98663509,0.98647404,0.98521402,0.98271632,0.97892416,0.97392058,0.96795695,0.96144271,0.95489679,0.94887057,0.94385945,0.94022260,0.93812876,0.93753946,0.93823211,0.93985594,0.94200669,0.94430233,0.94644325,0.94824522,0.94964089,0.95065383,0.95135525,0.95181750,0.95207789,0.95212276,0.95189528,0.95132376,0.95036118,0.94902372,0.94741604,0.94573492,0.94424825,0.94325317,0.94302263,0.94375256,0.94552213,0.94827614,0.95183337,0.95591853,0.96021009,0.96439284,0.96820349,0.97146005,0.97407014,0.97601892,0.97734258,0.97809636,0.97832705,0.97805791,0.97728966,0.97601677,0.97425302,0.97205804,0.96955532,0.96693466,0.96443593,0.96231596,0.96080514,0.96006340,0.96014569,0.96098567,0.96240180,0.96412552,0.96584584,0.96726113,0.96812757,0.96829461,0.96772120,0.96647099,0.96468954,0.96257004,0.96031595,0.95810858,0.95608526,0.95432991,0.95287411,0.95170361,0.95076435
0.96200201,0.97339775,0.98251875,0.98877923,0.99154953,0.99030928,0.98482553,0.97530556,0.96247849,0.94757578,0.93220465,0.91813414,0.90703359,0.90021407,0.89842244,0.90172585,0.90950528,0.92055473,0.93326265,0.94583957,0.95655187,0.96392574,0.96689612,0.96488850,0.95783397,0.94612858,0.93055401,0.91217821,0.89225141,0.87210731,0.85307263,0.83638410,0.82311116,0.81408470,0.80983581,0.81055139,0.81605441,0.82581532,0.83899757,0.85453552,0.87123742,0.88790129,0.90342824,0.91691785,0.92773328,0.93552993,0.94024813,0.94207628,0.94139489,0.93871265,0.93460496,0.92966182,0.92444825,0.91947642,0.91518585,0.91192746,0.90994860,0.90937887,0.91021993,0.91234353,0.91550273,0.91935883,0.92352357,0.92761225,0.93129960,0.93436824,0.93673924,0.93847711,0.93976665,0.94086515,0.94203939,0.94350027,0.94534875,0.94754479,0.94990602,0.95213721,0.95388480,0.95480536,0.95463373,0.95323672,0.95064174,0.94703587,0.94273724,0.93814670,0.93369076,0.92976771,0.92670656,0.92474448,0.92402309,0.92459904,0.92646087,0.92954321,0.93373154,0.93885451,0.94466650,0.95082692,0.95688595,0.96228599,0.96638581,0.96850931
0.97383852,0.96001904,0.94391536,0.92627700,0.90781538,0.88917944,0.87096198,0.85372483,0.83802645,0.82443623,0.81352473,0.80582680,0.80178292,0.80167063,0.80554203,0.81318280,0.82410428,0.83757299,0.85267401,0.86839774,0.88373536,0.89776790,0.90973661,0.91908723,0.92548658,0.92881520,0.92914309,0.92669735,0.92182906,0.91498434,0.90668032,0.89748416,0.88799106,0.87879808,0.87047216,0.86351379,0.85832007,0.85515259,0.85411597,0.85515128,0.85804680,0.86246487,0.86798098,0.87412881,0.88044426,0.88650258,0.89194478,0.89649250,0.89995287,0.90221652,0.90325250,0.90310286,0.90187852,0.89975569,0.89697102,0.89381249,0.89060389,0.88768208,0.88536869,0.88393986,0.88359917,0.88445867,0.88653207,0.88974157,0.89393715,0.89892418,0.90449350,0.91044700,0.91661336,0.92285053,0.92903573,0.93504666,0.94074036,0.94593697,0.95041429,0.95391667,0.95617810,0.95695589,0.95606810,0.95342697,0.94906038,0.94311608,0.93584688,0.92757987,0.91867587,0.90948833,0.90033000,0.89145424,0.88305336,0.87527258,0.86823410,0.86206333,0.85690857,0.85294670,0.85037058,0.84935861,0.85003155,0.85240568,0.85635293,0.86157801
0.96176347,0.95850446,0.95468599,0.95076094,0.94714045,0.94413780,0.94193340,0.94056977,0.93997768,0.94002573,0.94057863,0.94154693,0.94291331,0.94472816,0.94707594,0.95002177,0.95355320,0.95753362,0.96168198,0.96558794,0.96876340,0.97072190,0.97106945,0.96958644,0.96628167,0.96140588,0.95542162,0.94893552,0.94260657,0.93704837,0.93274364,0.92998654,0.92886152,0.92925976,0.93092541,0.93351817,0.93667629,0.94006626,0.94341085,0.94649384,0.94914642,0.95122447,0.95258797,0.95309240,0.95259808,0.95099754,0.94825503,0.94444741,0.93979409,0.93466502,0.92956035,0.92506183,0.92176199,0.92018283,0.92069820,0.92347391,0.92843673,0.93527723,0.94348540,0.95241123,0.96133874,0.96956022,0.97643943,0.98145589,0.98422784,0.98451601,0.98221452,0.97733684,0.97000419,0.96044108,0.94897851,0.93606107,0.92225155,0.90822531,0.89474819,0.88263485,0.87268897,0.86563116,0.86202438,0.86220853,0.86625532,0.87395169,0.88481515,0.89813880,0.91305918,0.92863642,0.94393567,0.95809934,0.97040303,0.98029149,0.98739512,0.99153037,0.99268934,0.99102376,0.98682710,0.98051582,0.97260859,0.96370051,0.95442905,0.94542987
0.98413198,0.98087298,0.97671975,0.97218877,0.96767887,0.96346545,0.95971632,0.95652215,0.95393215,0.95198588,0.95073356,0.95024108,0.95058006,0.95180717,0.95393941,0.95693287,0.96067081,0.96496524,0.96957242,0.97422004,0.97864080,0.98260568,0.98595024,0.98858848,0.99051180,0.99177404,0.99246606,0.99268583,0.99251046,0.99197570,0.99106720,0.98972471,0.98785796,0.98537074,0.98218795,0.97828045,0.97368321,0.96850394,0.96292127,0.95717342,0.95153963,0.94631753,0.94179942,0.93825035,0.93588946,0.93487540,0.93529567,0.93715956,0.94039453,0.94484623,0.95028263,0.95640321,0.96285364,0.96924622,0.97518518,0.98029540,0.98425163,0.98680503,0.98780351,0.98720313,0.98506892,0.98156507,0.97693596,0.97148078,0.96552505,0.95939275,0.95338214,0.94774738,0.94268697,0.93833853,0.93477901,0.93202842,0.93005612,0.92878831,0.92811666,0.92790806,0.92801589,0.92829302,0.92860664,0.92885397,0.92897719,0.92897515,0.92890902,0.92889972,0.92911617,0.92975504,0.93101406,0.93306267,0.93601371,0.93990031,0.94466139,0.95013785,0.95607980,0.96216354,0.96801470,0.97323371,0.97741957,0.98018933,0.98119265,0.98012205
0.98595476,0.98789354,0.98848609,0.98768663,0.98552365,0.98214309,0.97779988,0.97280204,0.96742805,0.96184799,0.95607822,0.94998860,0.94336499,0.93601173,0.92786677,0.91909642,0.91014058,0.90168996,0.89459344,0.88971130,0.88774513,0.88908281,0.89369475,0.90110571,0.91044890,0.92059025,0.93029588,0.93840832,0.94399731,0.94645930,0.94555278,0.94137189,0.93427416,0.92478698,0.91351853,0.90109347,0.88812305,0.87520681,0.86295305,0.85199940,0.84301516,0.83667308,0.83358786,0.83422998,0.83883224,0.84731171,0.85922827,0.87379467,0.88994232,0.90643530,0.92201462,0.93554848,0.94616293,0.95333172,0.95691297,0.95713082,0.95451101,0.94978637,0.94379152,0.93736476,0.93126986,0.92614404,0.92247102,0.92057306,0.92061328,0.92260056,0.92639297,0.93170042,0.93809154,0.94501128,0.95181536,0.95782343,0.96238861,0.96497549,0.96523477,0.96306109,0.95862143,0.95234624,0.94488218,0.93701315,0.92956278,0.92329456,0.91882572,0.91656679,0.91669337,0.91914987,0.92367986,0.92987329,0.93721986,0.94515896,0.95312049,0.96055534,0.96695855,0.97188996,0.97499657,0.97603798,0.97491238,0.97167695,0.96655479,0.95992024
0.86717741,0.84411961,0.82155858,0.80022778,0.78078974,0.76390407,0.75026757,0.74060483,0.73560377,0.73580723,0.74148578,0.75252288,0.76834179,0.78789510,0.80972482,0.83208708,0.85312282,0.87104788,0.88433313,0.89184948,0.89296132,0.88756272,0.87606059,0.85931525,0.83855174,0.81525469,0.79105706,0.76762969,0.74657530,0.72932827,0.71706093,0.71059940,0.71035481,0.71627896,0.72785360,0.74412040,0.76375305,0.78516703,0.80665647,0.82654349,0.84332324,0.85578851,0.86312075,0.86493954,0.86130932,0.85270781,0.83996473,0.82418113,0.80663809,0.78870167,0.77172836,0.75697333,0.74550348,0.73811754,0.73527734,0.73705646,0.74311405,0.75270199,0.76471088,0.77775585,0.79029704,0.80078335,0.80780359,0.81022705,0.80731611,0.79879718,0.78488219,0.76624059,0.74392917,0.71929301,0.69385322,0.66919621,0.64687518,0.62832883,0.61481750,0.60737293,0.60675639,0.61342055,0.62747308,0.64864403,0.67626341,0.70925823,0.74617896,0.78526231,0.82453182,0.86193051,0.89547334,0.92340236,0.94432582,0.95732363,0.96200643,0.95852193,0.94751025,0.93001779,0.90738485,0.88112434,0.85280761,0.82396845,0.79602950,0.77024940
0.93083340,0.92916337,0.92867794,0.92923024,0.93050601,0.93210403,0.93361803,0.93470463,0.93512669,0.93476847,0.93362529,0.93177521,0.92934234,0.92646155,0.92325180,0.91980177,0.91616777,0.91238054,0.90845627,0.90440782,0.90025368,0.89602429,0.89176628,0.88754514,0.88344627,0.87957391,0.87604709,0.87299205,0.87053116,0.86876828,0.86777207,0.86755940,0.86808261,0.86922472,0.87080555,0.87259926,0.87436096,0.87585750,0.87689635,0.87734738,0.87715349,0.87632883,0.87494592,0.87311538,0.87096413,0.86861813,0.86619433,0.86380357,0.86156248,0.85960888,0.85811435,0.85728714,0.85736136,0.85857136,0.86111412,0.86510599,0.87054287,0.87727337,0.88499246,0.89325971,0.90154035,0.90926321,0.91588568,0.92095485,0.92415475,0.92533259,0.92450118,0.92181951,0.91755798,0.91205761,0.90569247,0.89884269,0.89188075,0.88516951,0.87906693,0.87393024,0.87011301,0.86795022,0.86773004,0.86965509,0.87380007,0.88007557,0.88820800,0.89774352,0.90807881,0.91851620,0.92833509,0.93686884,0.94357474,0.94808637,0.95024066,0.95007661,0.94780798,0.94377688,0.93839860,0.93210859,0.92532005,0.91839684,0.91164127,0.90529253
0.97565420,0.97690639,0.97891099,0.98149697,0.98422781,0.98652591,0.98781671,0.98766336,0.98586655,0.98251195,0.97795910,0.97277739,0.96764463,0.96323008,0.96008449,0.95855577,0.95874214,0.96048587,0.96340418,0.96694835,0.97047955,0.97334943,0.97497452,0.97489623,0.97282154,0.96864337,0.96244220,0.95447261,0.94513850,0.93496040,0.92453710,0.91450370,0.90548783,0.89806646,0.89272568,0.88982612,0.88957648,0.89201709,0.89701485,0.90427018,0.91333557,0.92364457,0.93454901,0.94536210,0.95540442,0.96405037,0.97077220,0.97517922,0.97704923,0.97634965,0.97324556,0.96809270,0.96141409,0.95386070,0.94615822,0.93904401,0.93320003,0.92918877,0.92739939,0.92801054,0.93097446,0.93602446,0.94270467,0.95041832,0.95848854,0.96622435,0.97298446,0.97823252,0.98157900,0.98280705,0.98188197,0.97894545,0.97429732,0.96836756,0.96168152,0.95482035,0.94837843,0.94291909,0.93893061,0.93678466,0.93670050,0.93871854,0.94268692,0.94826446,0.95494172,0.96208026,0.96896787,0.97488480,0.97917433,0.98130965,0.98094888,0.97797143,0.97249099,0.96484363,0.95555279,0.94527592,0.93473926,0.92466851,0.91572218,0.90843345
0.96214793,0.96284249,0.96477299,0.96819696,0.97305790,0.97900551,0.98545242,0.99165939,0.99683771,1.00025599,1.00133850,0.99974341,0.99541186,0.98858257,0.97977089,0.96971543,0.95929919,0.94945422,0.94106068,0.93485136,0.93133277,0.93073208,0.93297664,0.93770802,0.94432788,0.95206824,0.96007576,0.96749922,0.97356976,0.97766613,0.97935972,0.97843723,0.97490227,0.96895933,0.96098593,0.95149811,0.94111366,0.93051486,0.92041068,0.91149700,0.90441395,0.89970021,0.89774636,0.89875127,0.90268734,0.90928119,0.91801613,0.92816039,0.93882167,0.94902406,0.95779910,0.96428008,0.96778732,0.96789337,0.96445990,0.95764214,0.94786207,0.93575589,0.92210555,0.90776479,0.89359040,0.88038586,0.86886132,0.85960962,0.85309512,0.84965005,0.84947308,0.85262597,0.85902671,0.86844071,0.88047392,0.89457333,0.91003995,0.92605722,0.94173506,0.95616655,0.96849106,0.97795632,0.98397126,0.98614296,0.98429384,0.97845907,0.96886774,0.95591391,0.94012463,0.92213079,0.90264428,0.88244173,0.86235210,0.84324299,0.82599978,0.81149278,0.80052989,0.79379662,0.79178909,0.79474892,0.80261033,0.81496909,0.83108044,0.84988941
0.98404253,0.98053805,0.97675711,0.97278692,0.96845762,0.96343410,0.95734394,0.94991175,0.94106953,0.93101866,0.92023001,0.90938262,0.89925461,0.89059038,0.88397227,0.87972273,0.87785470,0.87807726,0.87985192,0.88248654,0.88524812,0.88747397,0.88866307,0.88853375,0.88704169,0.88435989,0.88082967,0.87689572,0.87303909,0.86971904,0.86733064,0.86617993,0.86647518,0.86832975,0.87177097,0.87674930,0.88314336,0.89075877,0.89932193,0.90847242,0.91775882,0.92664310,0.93451658,0.94072908,0.94463022,0.94562000,0.94320362,0.93704453,0.92700869,0.91319419,0.89594152,0.87582283,0.85361038,0.83022740,0.80668599,0.78401852,0.76320946,0.74513472,0.73051410,0.71988033,0.71356555,0.71170356,0.71424444,0.72097710,0.73155546,0.74552421,0.76234202,0.78140107,0.80204387,0.82357954,0.84530193,0.86651178,0.88654358,0.90479626,0.92076500,0.93407041,0.94448064,0.95192247,0.95647872,0.95837166,0.95793414,0.95557266,0.95172772,0.94683692,0.94130562,0.93548795,0.92967887,0.92411576,0.91898634,0.91443875,0.91058980,0.90752866,0.90531488,0.90397177,0.90347748,0.90375743,0.90468090,0.90606421,0.90768057,0.90927533
0.94553498,0.94987232,0.95524850,0.96136381,0.96775637,0.97383579,0.97893702,0.98239012,0.98359861,0.98211676,0.97771556,0.97042796,0.96056654,0.94871061,0.93566355,0.92238505,0.90990511,0.89922850,0.89123877,0.88661103,0.88574228,0.88870665,0.89524099,0.90476321,0.91642228,0.92917526,0.94188334,0.95341682,0.96275766,0.96908880,0.97186111,0.97083163,0.96607079,0.95794003,0.94704509,0.93417303,0.92022169,0.90613010,0.89281601,0.88112392,0.87178420,0.86538197,0.86233329,0.86286663,0.86700904,0.87457784,0.88518073,0.89822792,0.91295976,0.92849170,0.94387549,0.95817229,0.97053017,0.98025666,0.98687676,0.99016836,0.99017035,0.98716266,0.98162229,0.97416267,0.96546621,0.95622001,0.94706265,0.93854700,0.93111977,0.92511531,0.92075864,0.91817214,0.91738100,0.91831487,0.92080614,0.92458766,0.92929510,0.93447865,0.93962750,0.94420741,0.94770806,0.94969410,0.94985193,0.94802415,0.94422543,0.93863647,0.93157701,0.92346277,0.91475452,0.90590908,0.89734058,0.88939798,0.88236012,0.87644539,0.87182996,0.86866656,0.86709628,0.86724780,0.86922206,0.87306435,0.87872991,0.88605154,0.89471811,0.90427117
0.98202870,0.97904948,0.97476895,0.96918260,0.96235612,0.95445862,0.94577339,0.93668673,0.92765992,0.91919077,0.91177097,0.90584346,0.90176278,0.89976062,0.89991881,0.90215156,0.90619894,0.91163324,0.91788046,0.92425891,0.93003535,0.93449561,0.93702214,0.93716709,0.93470867,0.92968050,0.92236849,0.91327552,0.90305897,0.89245079,0.88217203,0.87285482,0.86498353,0.85886263,0.85461310,0.85219299,0.85143329,0.85207864,0.85382374,0.85633964,0.85928844,0.86232887,0.86511821,0.86731743,0.86860576,0.86870769,0.86743101,0.86470937,0.86063947,0.85550199,0.84975738,0.84401205,0.83895607,0.83527987,0.83358187,0.83428232,0.83755820,0.84331096,0.85117301,0.86055139,0.87070047,0.88081069,0.89009830,0.89788238,0.90363889,0.90702713,0.90788972,0.90623278,0.90219605,0.89602302,0.88803915,0.87864138,0.86829752,0.85754966,0.84701331,0.83736446,0.82930854,0.82353039,0.82062888,0.82104532,0.82499789,0.83243487,0.84301753,0.85613818,0.87097296,0.88656238,0.90190788,0.91606989,0.92825348,0.93787025,0.94457018,0.94824271,0.94899178,0.94709325,0.94294510,0.93701964,0.92982441,0.92187389,0.91367015,0.90568758
0.96854608,0.97030391,0.97417302,0.97960143,0.98574682,0.99166084,0.99647324,0.99953990,1.00052928,0.99943791,0.99654148,0.99230118,0.98725231,0.98190161,0.97665428,0.97178062,0.96742138,0.96362085,0.96037155,0.95765436,0.95546234,0.95380403,0.95268875,0.95210174,0.95197893,0.95219031,0.95253786,0.95276964,0.95260703,0.95177821,0.95004946,0.94724698,0.94326562,0.93806540,0.93166098,0.92411023,0.91550776,0.90598605,0.89572375,0.88495726,0.87398972,0.86319119,0.85298480,0.84381766,0.83611925,0.83025483,0.82648362,0.82493120,0.82558254,0.82829685,0.83284053,0.83893001,0.84627431,0.85460683,0.86369911,0.87335380,0.88338007,0.89356047,0.90362097,0.91321612,0.92193769,0.92934881,0.93503943,0.93869246,0.94014667,0.93944159,0.93683257,0.93276994,0.92784420,0.92270687,0.91798222,0.91418734,0.91167535,0.91061143,0.91098337,0.91264112,0.91535376,0.91886903,0.92296090,0.92745467,0.93222559,0.93717492,0.94219378,0.94712882,0.95176313,0.95582156,0.95900283,0.96103347,0.96173185,0.96106690,0.95919555,0.95646654,0.95338515,0.95054275,0.94852305,0.94780331,0.94866970,0.95116316,0.95506525,0.95992507
0.98130250,0.97870009,0.97526507,0.97138999,0.96738899,0.96347560,0.95975604,0.95623865,0.95285750,0.94950637,0.94607704,0.94249505,0.93874576,0.93488597,0.93103909,0.92737556,0.92408294,0.92133197,0.91924549,0.91787652,0.91720022,0.91712171,0.91749807,0.91816931,0.91899044,0.91985692,0.92071724,0.92157029,0.92244916,0.92339610,0.92443554,0.92555254,0.92668289,0.92771854,0.92852819,0.92898890,0.92902118,0.92861872,0.92786487,0.92693107,0.92605668,0.92551386,0.92556429,0.92641667,0.92819339,0.93091328,0.93449340,0.93876846,0.94352219,0.94852263,0.95355274,0.95842961,0.96300933,0.96717824,0.97083498,0.97387034,0.97615238,0.97752321,0.97781087,0.97685523,0.97454304,0.97084393,0.96583855,0.95973109,0.95284187,0.94557974,0.93839827,0.93174352,0.92600297,0.92146540,0.91829886,0.91654991,0.91616216,0.91700778,0.91892337,0.92174130,0.92530964,0.92949728,0.93418450,0.93924297,0.94451205,0.94977944,0.95477347,0.95917190,0.96262768,0.96480799,0.96543927,0.96434934,0.96149855,0.95699395,0.95108389,0.94413395,0.93658838,0.92892348,0.92160034,0.91502374,0.90951194,0.90527886,0.90242733,0.90094991
0.90502087,0.90486199,0.90560171,0.90702290,0.90880947,0.91060634,0.91208060,0.91297556,0.91314873,0.91258616,0.91138909,0.90973396,0.90781337,0.90577057,0.90364193,0.90132089,0.89855302,0.89496620,0.89013342,0.88365891,0.87527255,0.86491344,0.85278430,0.83936272,0.82536435,0.81166304,0.79918190,0.78877529,0.78112264,0.77665253,0.77550909,0.77756453,0.78247214,0.78974654,0.79885229,0.80928160,0.82060561,0.83249119,0.84468447,0.85697026,0.86912225,0.88086034,0.89182893,0.90160442,0.90973225,0.91578617,0.91943631,0.92050988,0.91902986,0.91522171,0.90948577,0.90234061,0.89434937,0.88604438,0.87786548,0.87012371,0.86299585,0.85654811,0.85078060,0.84567963,0.84126407,0.83761391,0.83487440,0.83323564,0.83289377,0.83400445,0.83664097,0.84076748,0.84623391,0.85279325,0.86013636,0.86793523,0.87588399,0.88372771,0.89127258,0.89837656,0.90492462,0.91079745,0.91584411,0.91986804,0.92263216,0.92388349,0.92339266,0.92099946,0.91665393,0.91044277,0.90259448,0.89346118,0.88348084,0.87312820,0.86286540,0.85310235,0.84417404,0.83633664,0.82977926,0.82464397,0.82104470,0.81907604,0.81880542,0.82024762
0.97205335,0.96717673,0.96263324,0.95883167,0.95608098,0.95453679,0.95416010,0.95470536,0.95575054,0.95677058,0.95724232,0.95675794,0.95511964,0.95239146,0.94889443,0.94514337,0.94173736,0.93922613,0.93798137,0.93810308,0.93938427,0.94134475,0.94332772,0.94463694,0.94468241,0.94310109,0.93982595,0.93508975,0.92936463,0.92325287,0.91735455,0.91214268,0.90787423,0.90455676,0.90197590,0.89977423,0.89755939,0.89501299,0.89197375,0.88847541,0.88473245,0.88107939,0.87788066,0.87543487,0.87389864,0.87324939,0.87329644,0.87373713,0.87424291,0.87455305,0.87455188,0.87431024,0.87408046,0.87424573,0.87523594,0.87742965,0.88106563,0.88618456,0.89261386,0.89999841,0.90786831,0.91572685,0.92313751,0.92979012,0.93553201,0.94035924,0.94437295,0.94771440,0.95049717,0.95275510,0.95441983,0.95533375,0.95529459,0.95411998,0.95171474,0.94812324,0.94355268,0.93836022,0.93300597,0.92798228,0.92373546,0.92059790,0.91874565,0.91819010,0.91880395,0.92037344,0.92266285,0.92547448,0.92868972,0.93228143,0.93629612,0.94081189,0.94588441,0.95149602,0.95752183,0.96372204,0.96976236,0.97525721,0.97982406,0.98313485
0.98550389,0.98347986,0.98008056,0.97562575,0.97039195,0.96460250,0.95842990,0.95201231,0.94548102,0.93899165,0.93274889,0.92701602,0.92210403,0.91834026,0.91602171,0.91536197,0.91644330,0.91918498,0.92333655,0.92849921,0.93417190,0.93981278,0.94490325,0.94900214,0.95178116,0.95303806,0.95268961,0.95075055,0.94730742,0.94249624,0.93649071,0.92950363,0.92179893,0.91370733,0.90563610,0.89806427,0.89151762,0.88652327,0.88354881,0.88293532,0.88483627,0.88917435,0.89562574,0.90363660,0.91247102,0.92128355,0.92920566,0.93543375,0.93930676,0.94036460,0.93838225,0.93337857,0.92560276,0.91550379,0.90368885,0.89087668,0.87784946,0.86540547,0.85431326,0.84526760,0.83884768,0.83547908,0.83540186,0.83864822,0.84503349,0.85416381,0.86546214,0.87821183,0.89161386,0.90485175,0.91715695,0.92786762,0.93647529,0.94265544,0.94628036,0.94741492,0.94629759,0.94331078,0.93894467,0.93375830,0.92834025,0.92327028,0.91908249,0.91623099,0.91505957,0.91577752,0.91844417,0.92296439,0.92909679,0.93647529,0.94464294,0.95309519,0.96132747,0.96888087,0.97537963,0.98055527,0.98425489,0.98643365,0.98713447,0.98645940
0.95366022,0.94840029,0.94445474,0.94187096,0.94045287,0.93982671,0.93952093,0.93904854,0.93798204,0.93601333,0.93299369,0.92895168,0.92408912,0.91875723,0.91341682,0.90858664,0.90478477,0.90246764,0.90197218,0.90346690,0.90691869,0.91208159,0.91851212,0.92561179,0.93269307,0.93906029,0.94409367,0.94732409,0.94848697,0.94754738,0.94469315,0.94029781,0.93486079,0.92893600,0.92306187,0.91770494,0.91322528,0.90986649,0.90776727,0.90698653,0.90753215,0.90938351,0.91250055,0.91681715,0.92222103,0.92852776,0.93545866,0.94263314,0.94958244,0.95578717,0.96073434,0.96398419,0.96523403,0.96436547,0.96146457,0.95680953,0.95082705,0.94402591,0.93692068,0.92996165,0.92348485,0.91769172,0.91266065,0.90838537,0.90482878,0.90197785,0.89988480,0.89868351,0.89857592,0.89979058,0.90252259,0.90686926,0.91277706,0.92001315,0.92816923,0.93669784,0.94497435,0.95237241,0.95833823,0.96244993,0.96445201,0.96426121,0.96194630,0.95769076,0.95175025,0.94441711,0.93600060,0.92682601,0.91724907,0.90767696,0.89858405,0.89051130,0.88404163,0.87974983,0.87813233,0.87952812,0.88404591,0.89151282,0.90145681,0.91312926
0.97744409,0.97862878,0.97941339,0.97969571,0.97929338,0.97801296,0.97572309,0.97241499,0.96823570,0.96348489,0.95857345,0.95395092,0.95001582,0.94702754,0.94503874,0.94386293,0.94308564,0.94211891,0.94029182,0.93696267,0.93163479,0.92405583,0.91428271,0.90269946,0.88998389,0.87702844,0.86482868,0.85435843,0.84645112,0.84170497,0.84042407,0.84260132,0.84794182,0.85591895,0.86585014,0.87697713,0.88853657,0.89981115,0.91015801,0.91901709,0.92590737,0.93042063,0.93222194,0.93106323,0.92681142,0.91948751,0.90930794,0.89671663,0.88239562,0.86724529,0.85233047,0.83879556,0.82775809,0.82019493,0.81683738,0.81809046,0.82398834,0.83419149,0.84802453,0.86454691,0.88264414,0.90112527,0.91881373,0.93462240,0.94760830,0.95700760,0.96225515,0.96299486,0.95908729,0.95061851,0.93791078,0.92153150,0.90229356,0.88123921,0.85960069,0.83873459,0.82003165,0.80480921,0.79419753,0.78903385,0.78977825,0.79646308,0.80868293,0.82562685,0.84614775,0.86885973,0.89225076,0.91479798,0.93507476,0.95184176,0.96411771,0.97122852,0.97283564,0.96894543,0.95990132,0.94636008,0.92925233,0.90972698,0.88907886,0.86866060
0.76854026,0.76565293,0.76818265,0.77561129,0.78714474,0.80185375,0.81878691,0.83703893,0.85577014,0.87418625,0.89149792,0.90688440,0.91948365,0.92842305,0.93289265,0.93225019,0.92613741,0.91458216,0.89806180,0.87750980,0.85425773,0.82991733,0.80621927,0.78483376,0.76720151,0.75440111,0.74707054,0.74538975,0.74911970,0.75768396,0.77027371,0.78595592,0.80376743,0.82278376,0.84215881,0.86113880,0.87905933,0.89533650,0.90946264,0.92101302,0.92966499,0.93522564,0.93766034,0.93711318,0.93391143,0.92854940,0.92165149,0.91391881,0.90606698,0.89876476,0.89258259,0.88795758,0.88517799,0.88438617,0.88559526,0.88871322,0.89356753,0.89992505,0.90750463,0.91598261,0.92499420,0.93413516,0.94296862,0.95104039,0.95790405,0.96315402,0.96646250,0.96761454,0.96653508,0.96330343,0.95815228,0.95145147,0.94367862,0.93538091,0.92713316,0.91949686,0.91298448,0.90803109,0.90497381,0.90403803,0.90532861,0.90882437,0.91437546,0.92170403,0.93041029,0.93998591,0.94983692,0.95931712,0.96777127,0.97458531,0.97923894,0.98135405,0.98073220,0.97737529,0.97148576,0.96344560,0.95377670,0.94308754,0.93201257,0.92115162
0.96330707,0.95829166,0.95283734,0.94745478,0.94246607,0.93794019,0.93369114,0.92934607,0.92447207,0.91873269,0.91203423,0.90462195,0.89709720,0.89034580,0.88538957,0.88319090,0.88445119,0.88944613,0.89793327,0.90915350,0.92192831,0.93483463,0.94642295,0.95543548,0.96098318,0.96265144,0.96052086,0.95510810,0.94724668,0.93793692,0.92819645,0.91893803,0.91089192,0.90457757,0.90031739,0.89827638,0.89850819,0.90098951,0.90563233,0.91227210,0.92063904,0.93032607,0.94076878,0.95125082,0.96094165,0.96896625,0.97449752,0.97685666,0.97560365,0.97060139,0.96204179,0.95042927,0.93652493,0.92126160,0.90564406,0.89065031,0.87714745,0.86583171,0.85719649,0.85152678,0.84891427,0.84928479,0.85243021,0.85803830,0.86571743,0.87501582,0.88543762,0.89645904,0.90754756,0.91818547,0.92789761,0.93628063,0.94303023,0.94796198,0.95102207,0.95228570,0.95194328,0.95027656,0.94762855,0.94437188,0.94087968,0.93750189,0.93454850,0.93227935,0.93089922,0.93055581,0.93133850,0.93327602,0.93633242,0.94040171,0.94530281,0.95077677,0.95648833,0.96203321,0.96695189,0.97074957,0.97292146,0.97298180,0.97049502,0.96510703
0.92243640,0.91675487,0.91007158,0.90288239,0.89555795,0.88833174,0.88132032,0.87457115,0.86812793,0.86209881,0.85671019,0.85233010,0.84945078,0.84862914,0.85039355,0.85513362,0.86299380,0.87379194,0.88698072,0.90166374,0.91666941,0.93067573,0.94236829,0.95060643,0.95456970,0.95386020,0.94854528,0.93913628,0.92651019,0.91178997,0.89620457,0.88095168,0.86708369,0.85543158,0.84657275,0.84083892,0.83835252,0.83907550,0.84285495,0.84945389,0.85856231,0.86979057,0.88265335,0.89655576,0.91079417,0.92458093,0.93709654,0.94756515,0.95534231,0.95999926,0.96138704,0.95966646,0.95529615,0.94897837,0.94157058,0.93397718,0.92703978,0.92144435,0.91765969,0.91591504,0.91621621,0.91839233,0.92215976,0.92718798,0.93315329,0.93977094,0.94680228,0.95404033,0.96128253,0.96830235,0.97483112,0.98055808,0.98515142,0.98829710,0.98974722,0.98936678,0.98716726,0.98331832,0.97813335,0.97203110,0.96548067,0.95894126,0.95280874,0.94737924,0.94283554,0.93925681,0.93664661,0.93497010,0.93418970,0.93428910,0.93527900,0.93718315,0.94000874,0.94370945,0.94815177,0.95309426,0.95818631,0.96298826,0.96700978,0.96975904
0.94666743,0.95149471,0.95346873,0.95273711,0.94940496,0.94352353,0.93513401,0.92435077,0.91145766,0.89698700,0.88175398,0.86682984,0.85345119,0.84287837,0.83622790,0.83431004,0.83750169,0.84567707,0.85820783,0.87403145,0.89177630,0.90992283,0.92697634,0.94162618,0.95287010,0.96009014,0.96307542,0.96199619,0.95734010,0.94982477,0.94030111,0.92965986,0.91875081,0.90832104,0.89897481,0.89115471,0.88514112,0.88106500,0.87892923,0.87863375,0.88000114,0.88280016,0.88676616,0.89161770,0.89706991,0.90284585,0.90868712,0.91436488,0.91969137,0.92453105,0.92880946,0.93251753,0.93570941,0.93849218,0.94100758,0.94340702,0.94582328,0.94834369,0.95098978,0.95370838,0.95637640,0.95881970,0.96084279,0.96226414,0.96295000,0.96283984,0.96195742,0.96040499,0.95834125,0.95594774,0.95339099,0.95078869,0.94818770,0.94555891,0.94281038,0.93981645,0.93645641,0.93265444,0.92841177,0.92382366,0.91907738,0.91443152,0.91018149,0.90661869,0.90399225,0.90248108,0.90218115,0.90310891,0.90521784,0.90842151,0.91261539,0.91769010,0.92353151,0.93000725,0.93694327,0.94409747,0.95113943,0.95764451,0.96310856,0.96698459
0.96539017,0.95931707,0.95171884,0.94309270,0.93384643,0.92429530,0.91468654,0.90524519,0.89622957,0.88798066,0.88094869,0.87568405,0.87278666,0.87281824,0.87619118,0.88305464,0.89320129,0.90601591,0.92048129,0.93524783,0.94876195,0.95943778,0.96584697,0.96689725,0.96197143,0.95100552,0.93449619,0.91343970,0.88921570,0.86343625,0.83778349,0.81385793,0.79305449,0.77647589,0.76488496,0.75869026,0.75795484,0.76241707,0.77151534,0.78441328,0.80002772,0.81706563,0.83407768,0.84953473,0.86192873,0.86989406,0.87233845,0.86856781,0.85838662,0.84215638,0.82079947,0.79574268,0.76880400,0.74203437,0.71753274,0.69725621,0.68284676,0.67549285,0.67583789,0.68394091,0.69928754,0.72084419,0.74714549,0.77640403,0.80663323,0.83577594,0.86183368,0.88299282,0.89774359,0.90498748,0.90412642,0.89512631,0.87854610,0.85552496,0.82772238,0.79721066,0.76632508,0.73748318,0.71298946,0.69484460,0.68457877,0.68312554,0.69074862,0.70702717,0.73089902,0.76075461,0.79457018,0.83006609,0.86487573,0.89671253,0.92352438,0.94362727,0.95581172,0.95941695,0.95436900,0.94118060,0.92091242,0.89509670,0.86562658,0.83461614
0.92167984,0.90308420,0.88322894,0.86312769,0.84361247,0.82540225,0.80918665,0.79568867,0.78567900,0.77992969,0.77911440,0.78367828,0.79371104,0.80885720,0.82828989,0.85076099,0.87472341,0.89850612,0.92051101,0.93939663,0.95421693,0.96449387,0.97021686,0.97177701,0.96985602,0.96529585,0.95897503,0.95171224,0.94420822,0.93702646,0.93060400,0.92527791,0.92131228,0.91891367,0.91822979,0.91933324,0.92219829,0.92668149,0.93251647,0.93932987,0.94667897,0.95410584,0.96119711,0.96763653,0.97323816,0.97795242,0.98184338,0.98504267,0.98769049,0.98987729,0.99159951,0.99273942,0.99307348,0.99230767,0.99013187,0.98628210,0.98059805,0.97306520,0.96383482,0.95322000,0.94167071,0.92973435,0.91800989,0.90710294,0.89758715,0.88997379,0.88468831,0.88205099,0.88225814,0.88536187,0.89124884,0.89962102,0.90998398,0.92164921,0.93375620,0.94531777,0.95528776,0.96264585,0.96649028,0.96612657,0.96114057,0.95144586,0.93729955,0.91928505,0.89826518,0.87531284,0.85162893,0.82845743,0.80700609,0.78837809,0.77351701,0.76316449,0.75782881,0.75776222,0.76294577,0.77308184,0.78759598,0.80565107,0.82617724,0.84792037
0.82018353,0.81692393,0.81211352,0.80589426,0.79846687,0.79012366,0.78126860,0.77241486,0.76415507,0.75710540,0.75183058,0.74876157,0.74811991,0.74986244,0.75365703,0.75889562,0.76474502,0.77023096,0.77434626,0.77617051,0.77498654,0.77037835,0.76229677,0.75108279,0.73744394,0.72238595,0.70710846,0.69287885,0.68090133,0.67219890,0.66752316,0.66730217,0.67163019,0.68029580,0.69283918,0.70862477,0.72691472,0.74693059,0.76789561,0.78905581,0.80968457,0.82907902,0.84655871,0.86147540,0.87323909,0.88136004,0.88550120,0.88553085,0.88156364,0.87397885,0.86340860,0.85069461,0.83681806,0.82281300,0.80967621,0.79828709,0.78934785,0.78334976,0.78056537,0.78106131,0.78472318,0.79128264,0.80033919,0.81137286,0.82374915,0.83672219,0.84944459,0.86099205,0.87040816,0.87676991,0.87926882,0.87729803,0.87053229,0.85898717,0.84304636,0.82345021,0.80124576,0.77770482,0.75422187,0.73220596,0.71297957,0.69769445,0.68726938,0.68235039,0.68329041,0.69014317,0.70266661,0.72033271,0.74234419,0.76766170,0.79504688,0.82312615,0.85047583,0.87572420,0.89766009,0.91533365,0.92813408,0.93583109,0.93857156,0.93683025
0.90414815,0.90764483,0.91422099,0.92359226,0.93485708,0.94661850,0.95722274,0.96506874,0.96892319,0.96817043,0.96293948,0.95407932,0.94298975,0.93134868,0.92079890,0.91266257,0.90774138,0.90623798,0.90780556,0.91170346,0.91701395,0.92286333,0.92859316,0.93384396,0.93853962,0.94278777,0.94673336,0.95041231,0.95364958,0.95603201,0.95696550,0.95580359,0.95201560,0.94535152,0.93596083,0.92443326,0.91174856,0.89914435,0.88792991,0.87928577,0.87409024,0.87280629,0.87544708,0.88162018,0.89063352,0.90163395,0.91374532,0.92617687,0.93828399,0.94957779,0.95969412,0.96834213,0.97525625,0.98017135,0.98283235,0.98303735,0.98070211,0.97592609,0.96903799,0.96060312,0.95138388,0.94225654,0.93409846,0.92766793,0.92350061,0.92184382,0.92264070,0.92556580,0.93010168,0.93563841,0.94157358,0.94739277,0.95271672,0.95731099,0.96106347,0.96394259,0.96595262,0.96710119,0.96738897,0.96682321,0.96544874,0.96338372,0.96084522,0.95815179,0.95569660,0.95389296,0.95310227,0.95356031,0.95531973,0.95822393,0.96192093,0.96591674,0.96965839,0.97262920,0.97443576,0.97486771,0.97391757,0.97175777,0.96868161,0.96502301
0.94987143,0.95013939,0.94917023,0.94733730,0.94492793,0.94211844,0.93898315,0.93553312,0.93177343,0.92776322,0.92366133,0.91974361,0.91638445,0.91400390,0.91299052,0.91361578,0.91595835,0.91985521,0.92489167,0.93043547,0.93571191,0.93990908,0.94229599,0.94233314,0.93975641,0.93462000,0.92729200,0.91840525,0.90877331,0.89928723,0.89081006,0.88408509,0.87966974,0.87790087,0.87889126,0.88255119,0.88862565,0.89673637,0.90641997,0.91715664,0.92838831,0.93952942,0.94997568,0.95911683,0.96635850,0.97115474,0.97304981,0.97172412,0.96703703,0.95905827,0.94808130,0.93461402,0.91934671,0.90310021,0.88676121,0.87121275,0.85726866,0.84561884,0.83679014,0.83112473,0.82877470,0.82971023,0.83373716,0.84052008,0.84960823,0.86046268,0.87248481,0.88504645,0.89752214,0.90932273,0.91992885,0.92892159,0.93600754,0.94103528,0.94400091,0.94504170,0.94441815,0.94248689,0.93966790,0.93641034,0.93316041,0.93033382,0.92829327,0.92733092,0.92765463,0.92937761,0.93251099,0.93696012,0.94252584,0.94891259,0.95574526,0.96259588,0.96901926,0.97459429,0.97896541,0.98187739,0.98319724,0.98291867,0.98114792,0.97807266
0.95186913,0.94767323,0.94295750,0.93825805,0.93388299,0.92983937,0.92583425,0.92135361,0.91580411,0.90868621,0.89975835,0.88915245,0.87741201,0.86544190,0.85437893,0.84540932,0.83956960,0.83756965,0.83967079,0.84563963,0.85478309,0.86605417,0.87820512,0.88995782,0.90016104,0.90791051,0.91261831,0.91403027,0.91219996,0.90743449,0.90022904,0.89120439,0.88105622,0.87051843,0.86033683,0.85124625,0.84394382,0.83905346,0.83708130,0.83836630,0.84303471,0.85096822,0.86179531,0.87491099,0.88952553,0.90473670,0.91961566,0.93329432,0.94504167,0.95431960,0.96081227,0.96442849,0.96528041,0.96364552,0.95992003,0.95457118,0.94809448,0.94097861,0.93367885,0.92659762,0.92007032,0.91435478,0.90962388,0.90596187,0.90336607,0.90175575,0.90098916,0.90088815,0.90126777,0.90196670,0.90287329,0.90394253,0.90520070,0.90673650,0.90868007,0.91117364,0.91433896,0.91824752,0.92289894,0.92821099,0.93402248,0.94010743,0.94619700,0.95200479,0.95725109,0.96168346,0.96509196,0.96731957,0.96826903,0.96790794,0.96627325,0.96347537,0.95970071,0.95520998,0.95032946,0.94543254,0.94091047,0.93713354,0.93440643,0.93292326
0.95635426,0.95576973,0.95645757,0.95841395,0.96135395,0.96478752,0.96812071,0.97076349,0.97222666,0.97219412,0.97056223,0.96744478,0.96314715,0.95811772,0.95288625,0.94799886,0.94395756,0.94117023,0.93991462,0.94031803,0.94235321,0.94584922,0.95051509,0.95597226,0.96179148,0.96752956,0.97276232,0.97711178,0.98026674,0.98199738,0.98216495,0.98072752,0.97774300,0.97336967,0.96786370,0.96157220,0.95491933,0.94838335,0.94246329,0.93763639,0.93430962,0.93277126,0.93314954,0.93538585,0.93922858,0.94425092,0.94989259,0.95552092,0.96050360,0.96428266,0.96643937,0.96674095,0.96516311,0.96188661,0.95726966,0.95180178,0.94604682,0.94058364,0.93595185,0.93260771,0.93089243,0.93101229,0.93302865,0.93685527,0.94226129,0.94887926,0.95621924,0.96369072,0.97063471,0.97636709,0.98023260,0.98166609,0.98025444,0.97579099,0.96831386,0.95812069,0.94575571,0.93196872,0.91764976,0.90374684,0.89117716,0.88074280,0.87306159,0.86852088,0.86725771,0.86916491,0.87391850,0.88102024,0.88984831,0.89971020,0.90989327,0.91971026,0.92853807,0.93584981,0.94123999,0.94444325,0.94534586,0.94398844,0.94055778,0.93536564
0.99731990,0.99673099,0.99563317,0.99406119,0.99201912,0.98953364,0.98669072,0.98364555,0.98060416,0.97778377,0.97536484,0.97344950,0.97203849,0.97103293,0.97026005,0.96951540,0.96861009,0.96741056,0.96586089,0.96398261,0.96185371,0.95957424,0.95722981,0.95486423,0.95246971,0.94999706,0.94738296,0.94458576,0.94161945,0.93857519,0.93562329,0.93299334,0.93093599,0.92967492,0.92936067,0.93003767,0.93163310,0.93397061,0.93680599,0.93987652,0.94295272,0.94588031,0.94860316,0.95116187,0.95366891,0.95626613,0.95907479,0.96214960,0.96544703,0.96881459,0.97200273,0.97469584,0.97655534,0.97726518,0.97657114,0.97430723,0.97040622,0.96489539,0.95788202,0.94953471,0.94006706,0.92972827,0.91880204,0.90761212,0.89652970,0.88597692,0.87642087,0.86835481,0.86226600,0.85859333,0.85768017,0.85972991,0.86477157,0.87264167,0.88298568,0.89527903,0.90886455,0.92300065,0.93691379,0.94984930,0.96111617,0.97012346,0.97640803,0.97965443,0.97970866,0.97658710,0.97048106,0.96175591,0.95094273,0.93871928,0.92587801,0.91328022,0.90179800,0.89224825,0.88532526,0.88153891,0.88116532,0.88421552,0.89042510,0.89926561
0.92874536,0.94134795,0.95232639,0.96142892,0.96842375,0.97309250,0.97525358,0.97481155,0.97181953,0.96653580,0.95945509,0.95129870,0.94295697,0.93538839,0.92949076,0.92596694,0.92521031,0.92723195,0.93164424,0.93770581,0.94442166,0.95068293,0.95542286,0.95776331,0.95712760,0.95330317,0.94644733,0.93704063,0.92580076,0.91357555,0.90123420,0.88957353,0.87925109,0.87075000,0.86437383,0.86026376,0.85842697,0.85876512,0.86109460,0.86515545,0.87061093,0.87704399,0.88395843,0.89079231,0.89694847,0.90184276,0.90496607,0.90595107,0.90463219,0.90108627,0.89564413,0.88886789,0.88149507,0.87435638,0.86827885,0.86398838,0.86202617,0.86269099,0.86601472,0.87177271,0.87952456,0.88867613,0.89855121,0.90846129,0.91776414,0.92590533,0.93244110,0.93704476,0.93950173,0.93969996,0.93762162,0.93333987,0.92702123,0.91893072,0.90943490,0.89899742,0.88816298,0.87752767,0.86769694,0.85923524,0.85261425,0.84816790,0.84606214,0.84628511,0.84865946,0.85287460,0.85853269,0.86520014,0.87245634,0.87993185,0.88733131,0.89443897,0.90110847,0.90724156,0.91276259,0.91759574,0.92165068,0.92481918,0.92698205,0.92802321
0.97077034,0.96754329,0.96428897,0.96136259,0.95905699,0.95757916,0.95703467,0.95742298,0.95864529,0.96052367,0.96282773,0.96530341,0.96769802,0.96977763,0.97133503,0.97218927,0.97218007,0.97116143,0.96899951,0.96557877,0.96081867,0.95470004,0.94729678,0.93880552,0.92956493,0.92005682,0.91088444,0.90272735,0.89627662,0.89215812,0.89085454,0.89263780,0.89752274,0.90525041,0.91530436,0.92695842,0.93934868,0.95155950,0.96271087,0.97203606,0.97894039,0.98303627,0.98415356,0.98232853,0.97777724,0.97086057,0.96204783,0.95188373,0.94096083,0.92989652,0.91931175,0.90980769,0.90193779,0.89617409,0.89286993,0.89222338,0.89424762,0.89875513,0.90536135,0.91351067,0.92252417,0.93166421,0.94020771,0.94751794,0.95310467,0.95666409,0.95809362,0.95748072,0.95506937,0.95121120,0.94631042,0.94077207,0.93496101,0.92917630,0.92364192,0.91851111,0.91387958,0.90980185,0.90630550,0.90340012,0.90108013,0.89932306,0.89808689,0.89731024,0.89691892,0.89683981,0.89702089,0.89745314,0.89818886,0.89935030,0.90112399,0.90373869,0.90742832,0.91238476,0.91870793,0.92636191,0.93514521,0.94468130,0.95443213,0.96373344
0.97723260,0.97564992,0.97347793,0.97096728,0.96828391,0.96551467,0.96268484,0.95978494,0.95680318,0.95375812,0.95072498,0.94784941,0.94534437,0.94346837,0.94248746,0.94262637,0.94401666,0.94665131,0.95035446,0.95477398,0.95940060,0.96361338,0.96674591,0.96816374,0.96734110,0.96392499,0.95777799,0.94899464,0.93789174,0.92497648,0.91089986,0.89640353,0.88226812,0.86926864,0.85813902,0.84954454,0.84405797,0.84213433,0.84408029,0.85001733,0.85984158,0.87318697,0.88940096,0.90754240,0.92640960,0.94460270,0.96061913,0.97297495,0.98033993,0.98167032,0.97632304,0.96413648,0.94546767,0.92118136,0.89259260,0.86137019,0.82941207,0.79870612,0.77118933,0.74861667,0.73244769,0.72375588,0.72316281,0.73079796,0.74628433,0.76875053,0.79687021,0.82892988,0.86292464,0.89667975,0.92799279,0.95478797,0.97527118,0.98807225,0.99236015,0.98791860,0.97517257,0.95516170,0.92946182,0.90006213,0.86920922,0.83923283,0.81236859,0.79059260,0.77548038,0.76809915,0.76893932,0.77788710,0.79423814,0.81674980,0.84372864,0.87314819,0.90279035,0.93040178,0.95385478,0.97130074,0.98130459,0.98294927,0.97590166,0.96043418
0.96644980,0.96878685,0.97251890,0.97695629,0.98119423,0.98428993,0.98542767,0.98404426,0.97989795,0.97307720,0.96395839,0.95313015,0.94130566,0.92924139,0.91767435,0.90728148,0.89865728,0.89230056,0.88860022,0.88781252,0.89002820,0.89513467,0.90278434,0.91238278,0.92310822,0.93396858,0.94389374,0.95185290,0.95697987,0.95868656,0.95674494,0.95132297,0.94296730,0.93253532,0.92108772,0.90975967,0.89963085,0.89161342,0.88637150,0.88427887,0.88541410,0.88958648,0.89638243,0.90522150,0.91541283,0.92620661,0.93683925,0.94657388,0.95473971,0.96077265,0.96425732,0.96496746,0.96289839,0.95828387,0.95159016,0.94348273,0.93476598,0.92630120,0.91891343,0.91330006,0.90995526,0.90912099,0.91077165,0.91463283,0.92022943,0.92695331,0.93413850,0.94113188,0.94735017,0.95231805,0.95568736,0.95724115,0.95688857,0.95465686,0.95068462,0.94521773,0.93860591,0.93129535,0.92381212,0.91673171,0.91063358,0.90604338,0.90336989,0.90284700,0.90449152,0.90808621,0.91319364,0.91920090,0.92538977,0.93102187,0.93542541,0.93806933,0.93861365,0.93692927,0.93308700,0.92732131,0.91997844,0.91146020,0.90217363,0.89249380
0.96798652,0.96870786,0.96686476,0.96297861,0.95768298,0.95160438,0.94526315,0.93901901,0.93307226,0.92751424,0.92240544,0.91785150,0.91404893,0.91128285,0.90987431,0.91008923,0.91203281,0.91555825,0.92021788,0.92527667,0.92979386,0.93276220,0.93327831,0.93070907,0.92481841,0.91582802,0.90439989,0.89154509,0.87847742,0.86644043,0.85653970,0.84960963,0.84613515,0.84623577,0.84970603,0.85609477,0.86480030,0.87515888,0.88651003,0.89823134,0.90974520,0.92050761,0.92999334,0.93769188,0.94312416,0.94588272,0.94568974,0.94246031,0.93635466,0.92780378,0.91749750,0.90633150,0.89531874,0.88547772,0.87771593,0.87272744,0.87092140,0.87239182,0.87693110,0.88408164,0.89321338,0.90361185,0.91456127,0.92541028,0.93561327,0.94474638,0.95250301,0.95867709,0.96314378,0.96584542,0.96678743,0.96604396,0.96376966,0.96021055,0.95570674,0.95068089,0.94560947,0.94097859,0.93722996,0.93470610,0.93360498,0.93395289,0.93560165,0.93825135,0.94149543,0.94488046,0.94797051,0.95040519,0.95194193,0.95247635,0.95203879,0.95076977,0.94888073,0.94660857,0.94417315,0.94174460,0.93942497,0.93724460,0.93517056,0.93312253
0.94712078,0.95017654,0.95400695,0.95853737,0.96349952,0.96833310,0.97215784,0.97384740,0.97220785,0.96623083,0.95536494,0.93973639,0.92025767,0.89858689,0.87693425,0.85774609,0.84332335,0.83544601,0.83507490,0.84218783,0.85578048,0.87402869,0.89457596,0.91488647,0.93259504,0.94579307,0.95320932,0.95427085,0.94905480,0.93816184,0.92255250,0.90338767,0.88190504,0.85934688,0.83693558,0.81587844,0.79737470,0.78259951,0.77264855,0.76844206,0.77060161,0.77932513,0.79429094,0.81461931,0.83891050,0.86536265,0.89195662,0.91668009,0.93775451,0.95382793,0.96410350,0.96838602,0.96704473,0.96090552,0.95109718,0.93888226,0.92550200,0.91205806,0.89944306,0.88832000,0.87914033,0.87218431,0.86760580,0.86546673,0.86575308,0.86837225,0.87313867,0.87975880,0.88782742,0.89684389,0.90625117,0.91549380,0.92408500,0.93166930,0.93806713,0.94329043,0.94752462,0.95107952,0.95431865,0.95758150,0.96111461,0.96502525,0.96926640,0.97365481,0.97791691,0.98175173,0.98489678,0.98718246,0.98856380,0.98912330,0.98904552,0.98856998,0.98793345,0.98731447,0.98679134,0.98632143,0.98574397,0.98480368,0.98318834,0.98057123
0.91354327,0.91807315,0.92021859,0.92047622,0.91942929,0.91758363,0.91523153,0.91238205,0.90878044,0.90401522,0.89768654,0.88959057,0.87986876,0.86907889,0.85816445,0.84832372,0.84080394,0.83666384,0.83655694,0.84058485,0.84825611,0.85856253,0.87015764,0.88159830,0.89159591,0.89922329,0.90403533,0.90608328,0.90582669,0.90396981,0.90126399,0.89832318,0.89549367,0.89280450,0.89000388,0.88666575,0.88233437,0.87666756,0.86954210,0.86109705,0.85170766,0.84190074,0.83223653,0.82318975,0.81506126,0.80794276,0.80174230,0.79626203,0.79130573,0.78678604,0.78280155,0.77966168,0.77785082,0.77793821,0.78045395,0.78575942,0.79394221,0.80475953,0.81764295,0.83176300,0.84613920,0.85977142,0.87176534,0.88142777,0.88831667,0.89224227,0.89322761,0.89144572,0.88715381,0.88064339,0.87221779,0.86219939,0.85095899,0.83895245,0.82674662,0.81501901,0.80452218,0.79601384,0.79016378,0.78745583,0.78810631,0.79201747,0.79877779,0.80771068,0.81796315,0.82861742,0.83880421,0.84779660,0.85506899,0.86031453,0.86342445,0.86444122,0.86350250,0.86079259,0.85651397,0.85088384,0.84415208,0.83662981,0.82871318,0.82088749
0.85873893,0.85744079,0.85756327,0.85871538,0.86025170,0.86141030,0.86148027,0.85996150,0.85667973,0.85182946,0.84593502,0.83973983,0.83405141,0.82957925,0.82680284,0.82589837,0.82673750,0.82895378,0.83205654,0.83556142,0.83910461,0.84251409,0.84582380,0.84923239,0.85302187,0.85746054,0.86271616,0.86880078,0.87555866,0.88269663,0.88984493,0.89662894,0.90273037,0.90792103,0.91206139,0.91506760,0.91686022,0.91731348,0.91622427,0.91331438,0.90827067,0.90081690,0.89080189,0.87828275,0.86358187,0.84730180,0.83029129,0.81356680,0.79820343,0.78521518,0.77544569,0.76948738,0.76763961,0.76990755,0.77603462,0.78555567,0.79785570,0.81222183,0.82788162,0.84402809,0.85983733,0.87448798,0.88719144,0.89723787,0.90405713,0.90728674,0.90683354,0.90291303,0.89605254,0.88705066,0.87689418,0.86664340,0.85730386,0.84970598,0.84441314,0.84167340,0.84142142,0.84332713,0.84687853,0.85147951,0.85654218,0.86155702,0.86613136,0.86999606,0.87298847,0.87502463,0.87607502,0.87615498,0.87533464,0.87376534,0.87171153,0.86957315,0.86788278,0.86726734,0.86837287,0.87176128,0.87779659,0.88654340,0.89770033,0.91058589
0.91826674,0.91418703,0.91336188,0.91629131,0.92277922,0.93195437,0.94241256,0.95245427,0.96037223,0.96473373,0.96460355,0.95966799,0.95024312,0.93717594,0.92166866,0.90506876,0.88866885,0.87355264,0.86050878,0.85001741,0.84229807,0.83739540,0.83527319,0.83588848,0.83922602,0.84528584,0.85403071,0.86531141,0.87879297,0.89390505,0.90983275,0.92555520,0.93992837,0.95179928,0.96013274,0.96412940,0.96331620,0.95759605,0.94725164,0.93290644,0.91545240,0.89595795,0.87557004,0.85542270,0.83656067,0.81988295,0.80610734,0.79575370,0.78914208,0.78640113,0.78748260,0.79217937,0.80014572,0.81091969,0.82394750,0.83861011,0.85425137,0.87020707,0.88583423,0.90053995,0.91380878,0.92522755,0.93450602,0.94149166,0.94617675,0.94869624,0.94931511,0.94840476,0.94640919,0.94380347,0.94104879,0.93854980,0.93662015,0.93546117,0.93515676,0.93568451,0.93694070,0.93877405,0.94102170,0.94354051,0.94622773,0.94902756,0.95192366,0.95492099,0.95802302,0.96121110,0.96443216,0.96759840,0.97059928,0.97332309,0.97568243,0.97763648,0.97920354,0.98045897,0.98151752,0.98250288,0.98351076,0.98457381,0.98563655,0.98654641
0.83818042,0.85184905,0.86705507,0.88340750,0.90030281,0.91696696,0.93253237,0.94613749,0.95703270,0.96467508,0.96879649,0.96943368,0.96691621,0.96181580,0.95486718,0.94687518,0.93862333,0.93079705,0.92393059,0.91838201,0.91433567,0.91182745,0.91078404,0.91106569,0.91250182,0.91491190,0.91810890,0.92188771,0.92600579,0.93016483,0.93400266,0.93710210,0.93901968,0.93933255,0.93769698,0.93390795,0.92794789,0.92001350,0.91051365,0.90003682,0.88929240,0.87903502,0.86998378,0.86274911,0.85777784,0.85532328,0.85544188,0.85801240,0.86277012,0.86934614,0.87730367,0.88616561,0.89543228,0.90459187,0.91312910,0.92053830,0.92634619,0.93014615,0.93164163,0.93069182,0.92734976,0.92188236,0.91476398,0.90663965,0.89825966,0.89039329,0.88373399,0.87881109,0.87592265,0.87510105,0.87611661,0.87851792,0.88170073,0.88499266,0.88773924,0.88937823,0.88949265,0.88783803,0.88434491,0.87910186,0.87232704,0.86433665,0.85551692,0.84630257,0.83716149,0.82858186,0.82105708,0.81506416,0.81103359,0.80931238,0.81012499,0.81353975,0.81944863,0.82756675,0.83745414,0.84855770,0.86026674,0.87197259,0.88312171,0.89325325
0.87018675,0.85528774,0.83930282,0.82318153,0.80779918,0.79390970,0.78211605,0.77286132,0.76643903,0.76301664,0.76266205,0.76536237,0.77102711,0.77947379,0.79040036,0.80335438,0.81771177,0.83267757,0.84731854,0.86063080,0.87163813,0.87950742,0.88366164,0.88386818,0.88028393,0.87344618,0.86420904,0.85363553,0.84286332,0.83296659,0.82483658,0.81909882,0.81607766,0.81580854,0.81808928,0.82255478,0.82875656,0.83623103,0.84454543,0.85331795,0.86221571,0.87093978,0.87920878,0.88675165,0.89331608,0.89869296,0.90275131,0.90547340,0.90697846,0.90752527,0.90748808,0.90730694,0.90741945,0.90818583,0.90982190,0.91235299,0.91559825,0.91918813,0.92261127,0.92528129,0.92661105,0.92608122,0.92329321,0.91800020,0.91011585,0.89970509,0.88696443,0.87220042,0.85581247,0.83828322,0.82017476,0.80212609,0.78484544,0.76909139,0.75563894,0.74523052,0.73851591,0.73598940,0.73793484,0.74438909,0.75513146,0.76970146,0.78744127,0.80755501,0.82917426,0.85141995,0.87345262,0.89450704,0.91391114,0.93109303,0.94558276,0.95701568,0.96514267,0.96984808,0.97117147,0.96932556,0.96470115,0.95785136,0.94945125,0.94023391
0.97047913,0.97346654,0.97358204,0.97088687,0.96555486,0.95790764,0.94842725,0.93773694,0.92655074,0.91560164,0.90556414,0.89698765,0.89025343,0.88556073,0.88294092,0.88229180,0.88342079,0.88608424,0.89001274,0.89491808,0.90048474,0.90635487,0.91211901,0.91732292,0.92149549,0.92419602,0.92507270,0.92392028,0.92072352,0.91567509,0.90916098,0.90171351,0.89393932,0.88643609,0.87971435,0.87413961,0.86990449,0.86703356,0.86541590,0.86485507,0.86512333,0.86600735,0.86733602,0.86898666,0.87087225,0.87291781,0.87503692,0.87711872,0.87903192,0.88064684,0.88187034,0.88268436,0.88317650,0.88355229,0.88412254,0.88526485,0.88736500,0.89074912,0.89562055,0.90201460,0.90978097,0.91859737,0.92801148,0.93750230,0.94654835,0.95468935,0.96157022,0.96696117,0.97075357,0.97293730,0.97356887,0.97274097,0.97056241,0.96715345,0.96265621,0.95725546,0.95120085,0.94482118,0.93852250,0.93276559,0.92802418,0.92473010,0.92321557,0.92366438,0.92608220,0.93029253,0.93595951,0.94263319,0.94980830,0.95698539,0.96372298,0.96967243,0.97459135,0.97833659,0.98084191,0.98208863,0.98207791,0.98081156,0.97828509,0.97449237
0.88235859,0.87857760,0.87863399,0.88257101,0.89006530,0.90049540,0.91303330,0.92674507,0.94068714,0.95398716,0.96590243,0.97585358,0.98343610,0.98841558,0.99071376,0.99039196,0.98763566,0.98274081,0.97609982,0.96818392,0.95951922,0.95065542,0.94212872,0.93442261,0.92793160,0.92293329,0.91957341,0.91786611,0.91770936,0.91891184,0.92122612,0.92438149,0.92811111,0.93216987,0.93634222,0.94044133,0.94430276,0.94777631,0.95071962,0.95299571,0.95447529,0.95504269,0.95460334,0.95309007,0.95046653,0.94672723,0.94189529,0.93602005,0.92917653,0.92146815,0.91303270,0.90404998,0.89474828,0.88540597,0.87634490,0.86791361,0.86046049,0.85430002,0.84967737,0.84673771,0.84550630,0.84588336,0.84765512,0.85051917,0.85411942,0.85808429,0.86206113,0.86574112,0.86887164,0.87125647,0.87274772,0.87323522,0.87263947,0.87091260,0.86804899,0.86410378,0.85921443,0.85361856,0.84766061,0.84178140,0.83648774,0.83230411,0.82971305,0.82909450,0.83067544,0.83449985,0.84042485,0.84814390,0.85723287,0.86720998,0.87759834,0.88797904,0.89802510,0.90751089,0.91629755,0.92430060,0.93145003,0.93765409,0.94277672,0.94663413
0.93455211,0.92981206,0.92600512,0.92383932,0.92382062,0.92617774,0.93082226,0.93735461,0.94511858,0.95329800,0.96103992,0.96758308,0.97236880,0.97511511,0.97584272,0.97485060,0.97264828,0.96985893,0.96711157,0.96494117,0.96371319,0.96358360,0.96449806,0.96622629,0.96842124,0.97068859,0.97265223,0.97400403,0.97453150,0.97412269,0.97275264,0.97045906,0.96731615,0.96341455,0.95885264,0.95374070,0.94821516,0.94245690,0.93670564,0.93126301,0.92647934,0.92272304,0.92033569,0.91957961,0.92058688,0.92331963,0.92754985,0.93286450,0.93869721,0.94438373,0.94923379,0.95260952,0.95399955,0.95307892,0.94974728,0.94414133,0.93662090,0.92773188,0.91815170,0.90862497,0.89989723,0.89265364,0.88746779,0.88476328,0.88478890,0.88760688,0.89309280,0.90094547,0.91070525,0.92177937,0.93347369,0.94503038,0.95567140,0.96464689,0.97128648,0.97505023,0.97557453,0.97270846,0.96653578,0.95737940,0.94578590,0.93249021,0.91836214,0.90433934,0.89135280,0.88025272,0.87174208,0.86632466,0.86427181,0.86561051,0.87013258,0.87742293,0.88690268,0.89788141,0.90961193,0.92134152,0.93235504,0.94200738,0.94974526,0.95511967
0.89508742,0.90107935,0.90719483,0.91382790,0.92123554,0.92942515,0.93810260,0.94669932,0.95447634,0.96068145,0.96472032,0.96629757,0.96549164,0.96274470,0.95877080,0.95440453,0.95042614,0.94740342,0.94558624,0.94487721,0.94488388,0.94503796,0.94475104,0.94356783,0.94127988,0.93797448,0.93401018,0.92992852,0.92632529,0.92371317,0.92240729,0.92245922,0.92365253,0.92555810,0.92763368,0.92934191,0.93025884,0.93014864,0.92899080,0.92695793,0.92435466,0.92153570,0.91882493,0.91645495,0.91454011,0.91308624,0.91203050,0.91129681,0.91084866,0.91072259,0.91103138,0.91193461,0.91358333,0.91605245,0.91927838,0.92301893,0.92684796,0.93018967,0.93238904,0.93280632,0.93091851,0.92640897,0.91922880,0.90961930,0.89809259,0.88537475,0.87232262,0.85982857,0.84872854,0.83972604,0.83334009,0.82987933,0.82943928,0.83191609,0.83702896,0.84434475,0.85330090,0.86322613,0.87336155,0.88288636,0.89095300,0.89673503,0.89948799,0.89861956,0.89376126,0.88483110,0.87207626,0.85608625,0.83777106,0.81830326,0.79902813,0.78135062,0.76661152,0.75596743,0.75028841,0.75008462,0.75546777,0.76614823,0.78146362,0.80043251
0.95652714,0.95421891,0.95291010,0.95281625,0.95376897,0.95524186,0.95645539,0.95654225,0.95473949,0.95056519,0.94393847,0.93521413,0.92512341,0.91463508,0.90476905,0.89640404,0.89012021,0.88610855,0.88416404,0.88376176,0.88419728,0.88475856,0.88488977,0.88430993,0.88306193,0.88148496,0.88012208,0.87958825,0.88043103,0.88301444,0.88744933,0.89358162,0.90103613,0.90930120,0.91783064,0.92613682,0.93385323,0.94075464,0.94673550,0.95175802,0.95578870,0.95874381,0.96046070,0.96070448,0.95921010,0.95574992,0.95020974,0.94265344,0.93335858,0.92281226,0.91166618,0.90065919,0.89052282,0.88188877,0.87521610,0.87075169,0.86852944,0.86840541,0.87011822,0.87335897,0.87783438,0.88330960,0.88962367,0.89667782,0.90440329,0.91271990,0.92149809,0.93053555,0.93955527,0.94822619,0.95620111,0.96316246,0.96886420,0.97315965,0.97600884,0.97746447,0.97764066,0.97667262,0.97467757,0.97172656,0.96783425,0.96296956,0.95708446,0.95015406,0.94221770,0.93341105,0.92398106,0.91427990,0.90473857,0.89582516,0.88799537,0.88164412,0.87706637,0.87443306,0.87378460,0.87504016,0.87801796,0.88245982,0.88805320,0.89444669
0.95248649,0.95647270,0.96018992,0.96336695,0.96567258,0.96682933,0.96671499,0.96542498,0.96327837,0.96076423,0.95843987,0.95680464,0.95617864,0.95661485,0.95786476,0.95940556,0.96052385,0.96043916,0.95844338,0.95403013,0.94699080,0.93746170,0.92591617,0.91310625,0.89996657,0.88749897,0.87665698,0.86824679,0.86285594,0.86081443,0.86218676,0.86678922,0.87422423,0.88392322,0.89519077,0.90724559,0.91925647,0.93037451,0.93976454,0.94663914,0.95029738,0.95016844,0.94585749,0.93718916,0.92424275,0.90737285,0.88720986,0.86463662,0.84074014,0.81674042,0.79390225,0.77343819,0.75641326,0.74366148,0.73572349,0.73281201,0.73480821,0.74128870,0.75157841,0.76482184,0.78006264,0.79632173,0.81266536,0.82825749,0.84239438,0.85452226,0.86424159,0.87130261,0.87559716,0.87715088,0.87611786,0.87277739,0.86752992,0.86088822,0.85345958,0.84591639,0.83895519,0.83324683,0.82938270,0.82782352,0.82885717,0.83257127,0.83884437,0.84735677,0.85761924,0.86901517,0.88085035,0.89240439,0.90297891,0.91193969,0.91875139,0.92300489,0.92443774,0.92294769,0.91859934,0.91162292,0.90240400,0.89146264,0.87942071,0.86695740
0.93118413,0.93494819,0.94024307,0.94719841,0.95563392,0.96502797,0.97454754,0.98314220,0.98969154,0.99318230,0.99288257,0.98847888,0.98014820,0.96855022,0.95474093,0.94002370,0.92576532,0.91320933,0.90331874,0.89667312,0.89343467,0.89338372,0.89601075,0.90064145,0.90656670,0.91315098,0.91990108,0.92648782,0.93272529,0.93852133,0.94381764,0.94853835,0.95256143,0.95572034,0.95783408,0.95875619,0.95842752,0.95691609,0.95443098,0.95130332,0.94793628,0.94473353,0.94202144,0.93998187,0.93861076,0.93771230,0.93693117,0.93581713,0.93390955,0.93082521,0.92633270,0.92039981,0.91320653,0.90512335,0.89666120,0.88840394,0.88093679,0.87478329,0.87036008,0.86795411,0.86772093,0.86969852,0.87382820,0.87997447,0.88793797,0.89745935,0.90821557,0.91981351,0.93178710,0.94360417,0.95468743,0.96445059,0.97234625,0.97791882,0.98085321,0.98101023,0.97844191,0.97338356,0.96622381,0.95745741,0.94762869,0.93727499,0.92687908,0.91683744,0.90744783,0.89891499,0.89136966,0.88489401,0.87954627,0.87537872,0.87244594,0.87080240,0.87049116,0.87152739,0.87388124,0.87746509,0.88212815,0.88765964,0.89379888,0.90024882
0.96954201,0.96849027,0.96744853,0.96688246,0.96703377,0.96781711,0.96879747,0.96926251,0.96837957,0.96540309,0.95988196,0.95181444,0.94171025,0.93054183,0.91959367,0.91024097,0.90370451,0.90083243,0.90195360,0.90683145,0.91472503,0.92454053,0.93503713,0.94504129,0.95362479,0.96021412,0.96461722,0.96697300,0.96764542,0.96709340,0.96574945,0.96393386,0.96181967,0.95944892,0.95678724,0.95379494,0.95049007,0.94698367,0.94347633,0.94021709,0.93743621,0.93527057,0.93370273,0.93253123,0.93138248,0.92976417,0.92715048,0.92308212,0.91726058,0.90961821,0.90035038,0.88990476,0.87893096,0.86820138,0.85851858,0.85062535,0.84513102,0.84246264,0.84284357,0.84629670,0.85266557,0.86164518,0.87281464,0.88566647,0.89963037,0.91409293,0.92841659,0.94196162,0.95411358,0.96431634,0.97210816,0.97715669,0.97928753,0.97850173,0.97497826,0.96906018,0.96122545,0.95204607,0.94214114,0.93213006,0.92259088,0.91402757,0.90684757,0.90134933,0.89771880,0.89603282,0.89626761,0.89831045,0.90197329,0.90700756,0.91311998,0.91998926,0.92728308,0.93467412,0.94185323,0.94853794,0.95447552,0.95944066,0.96322968,0.96565337
0.88889732,0.88426178,0.88067507,0.87852273,0.87817325,0.87989402,0.88375972,0.88958484,0.89690760,0.90503894,0.91317104,0.92052197,0.92648213,0.93072679,0.93326782,0.93443202,0.93477073,0.93492114,0.93545108,0.93672406,0.93881696,0.94151042,0.94435361,0.94678611,0.94828558,0.94850452,0.94736344,0.94507951,0.94212526,0.93912811,0.93673472,0.93547183,0.93563556,0.93723407,0.93999475,0.94343142,0.94695265,0.94998347,0.95207172,0.95295569,0.95258091,0.95106687,0.94863684,0.94553241,0.94193763,0.93793397,0.93349860,0.92854585,0.92299986,0.91687737,0.91035624,0.90380852,0.89778504,0.89295019,0.88997774,0.88942833,0.89163454,0.89661882,0.90406308,0.91333765,0.92358516,0.93384307,0.94318129,0.95082930,0.95627003,0.95928635,0.95995613,0.95860259,0.95571508,0.95185984,0.94759961,0.94343603,0.93978127,0.93695627,0.93520633,0.93472083,0.93564436,0.93807062,0.94201740,0.94738808,0.95393157,0.96121492,0.96862250,0.97539003,0.98067471,0.98365368,0.98363579,0.98016723,0.97311131,0.96268660,0.94945520,0.93426234,0.91813740,0.90217395,0.88740900,0.87472069,0.86475792,0.85790730,0.85429456,0.85381095
0.96605641,0.96600701,0.96680734,0.96810940,0.96946866,0.97043237,0.97062425,0.96981391,0.96796031,0.96522033,0.96191878,0.95848287,0.95535244,0.95288303,0.95126104,0.95044837,0.95016808,0.94993597,0.94913457,0.94711838,0.94333217,0.93741987,0.92930187,0.91920411,0.90763285,0.89530056,0.88301901,0.87158136,0.86165604,0.85371165,0.84798462,0.84449225,0.84308422,0.84351671,0.84552905,0.84890259,0.85348755,0.85919284,0.86594433,0.87362583,0.88202129,0.89077704,0.89939795,0.90728344,0.91379972,0.91837486,0.92059694,0.92029365,0.91757479,0.91282753,0.90666448,0.89983489,0.89311680,0.88721165,0.88266132,0.87980235,0.87876317,0.87950020,0.88185985,0.88564824,0.89068964,0.89685907,0.90408230,0.91230562,0.92144592,0.93133712,0.94169017,0.95208092,0.96197327,0.97077661,0.97792719,0.98297695,0.98567077,0.98599499,0.98418634,0.98069873,0.97613430,0.97115236,0.96637397,0.96230010,0.95925748,0.95737924,0.95661950,0.95679346,0.95763005,0.95882303,0.96006930,0.96108856,0.96162497,0.96143729,0.96028751,0.95793847,0.95416775,0.94879963,0.94175079,0.93307893,0.92302116,0.91200877,0.90064873,0.88966922
0.90530478,0.90498326,0.90671510,0.91004457,0.91422380,0.91832347,0.92136152,0.92243391,0.92083300,0.91614276,0.90830275,0.89763568,0.88483620,0.87092114,0.85714428,0.84488174,0.83549639,0.83019265,0.82987526,0.83502786,0.84562784,0.86111186,0.88040127,0.90198843,0.92407579,0.94475123,0.96217771,0.97477384,0.98136350,0.98127843,0.97440438,0.96117022,0.94248690,0.91964949,0.89421808,0.86789313,0.84239673,0.81936690,0.80026664,0.78630667,0.77837954,0.77700406,0.78228161,0.79386920,0.81097645,0.83239462,0.85656363,0.88167860,0.90583092,0.92717174,0.94408026,0.95531577,0.96013336,0.95834705,0.95033167,0.93696392,0.91951201,0.89949109,0.87850545,0.85809927,0.83963357,0.82420061,0.81257941,0.80522830,0.80230580,0.80370806,0.80911231,0.81801845,0.82978532,0.84366277,0.85882378,0.87440193,0.88953808,0.90343671,0.91542774,0.92502573,0.93197611,0.93627823,0.93817810,0.93812871,0.93672172,0.93460017,0.93236637,0.93050018,0.92930199,0.92886946,0.92911073,0.92978963,0.93059215,0.93120014,0.93135776,0.93091846,0.92986519,0.92830232,0.92642387,0.92446696,0.92266197,0.92119004,0.92015506,0.91957289
0.94900149,0.94445991,0.93980189,0.93556604,0.93219401,0.93001357,0.92922867,0.92991542,0.93202403,0.93538722,0.93973591,0.94472206,0.94994790,0.95499969,0.95948312,0.96305706,0.96546190,0.96653943,0.96624189,0.96462980,0.96185946,0.95816264,0.95382166,0.94914351,0.94443601,0.93998822,0.93605600,0.93285238,0.93054162,0.92923560,0.92899146,0.92981022,0.93163662,0.93436130,0.93782621,0.94183428,0.94616343,0.95058414,0.95487861,0.95885878,0.96237985,0.96534681,0.96771210,0.96946478,0.97061281,0.97116205,0.97109624,0.97036263,0.96886711,0.96648092,0.96305895,0.95846694,0.95261324,0.94547970,0.93714594,0.92780275,0.91775148,0.90738914,0.89718079,0.88762316,0.87920454,0.87236630,0.86747021,0.86477446,0.86441930,0.86642187,0.87067875,0.87697411,0.88499157,0.89432823,0.90451021,0.91501042,0.92526967,0.93472261,0.94282895,0.94910887,0.95317995,0.95479184,0.95385422,0.95045398,0.94485825,0.93750106,0.92895375,0.91988093,0.91098674,0.90295712,0.89640463,0.89182149,0.88954494,0.88973731,0.89238130,0.89728957,0.90412617,0.91243650,0.92168162,0.93127323,0.94060664,0.94909025,0.95617140,0.96135895
0.92855280,0.92755925,0.92746952,0.92847943,0.93065293,0.93392757,0.93813408,0.94302454,0.94830384,0.95366006,0.95879131,0.96342775,0.96734863,0.97039482,0.97247750,0.97358339,0.97377627,0.97319328,0.97203418,0.97054249,0.96897919,0.96759195,0.96658494,0.96609468,0.96617652,0.96680436,0.96788328,0.96927255,0.97081396,0.97235977,0.97379415,0.97504408,0.97607803,0.97689392,0.97750079,0.97789989,0.97807116,0.97796909,0.97752973,0.97668718,0.97539558,0.97365066,0.97150498,0.96907203,0.96651745,0.96403836,0.96183513,0.96008152,0.95889974,0.95834565,0.95840693,0.95901395,0.96006020,0.96142692,0.96300591,0.96471529,0.96650520,0.96835292,0.97024987,0.97218505,0.97413005,0.97603055,0.97780715,0.97936582,0.98061542,0.98148775,0.98195473,0.98203803,0.98180837,0.98137427,0.98086253,0.98039487,0.98006615,0.97992911,0.97998929,0.98021086,0.98053134,0.98088075,0.98119973,0.98145162,0.98162526,0.98172783,0.98176967,0.98174518,0.98161509,0.98129541,0.98065734,0.97953945,0.97777062,0.97519943,0.97172363,0.96731329,0.96202284,0.95598910,0.94941591,0.94254810,0.93563996,0.92892415,0.92258655,0.91675084
0.91311651,0.92564936,0.93890415,0.95201676,0.96393001,0.97354036,0.97987133,0.98224030,0.98038455,0.97452038,0.96532304,0.95383215,0.94130220,0.92902786,0.91817655,0.90965634,0.90403730,0.90153183,0.90202727,0.90515525,0.91037830,0.91707539,0.92461310,0.93239599,0.93989666,0.94667092,0.95236571,0.95672681,0.95960996,0.96099442,0.96099372,0.95985610,0.95794806,0.95571789,0.95364102,0.95215433,0.95158974,0.95211866,0.95371745,0.95616033,0.95904108,0.96181975,0.96388577,0.96462685,0.96349329,0.96004998,0.95401194,0.94526348,0.93386316,0.92003820,0.90417172,0.88678478,0.86851337,0.85007899,0.83225081,0.81579862,0.80143811,0.78977358,0.78124608,0.77609563,0.77434544,0.77581228,0.78014265,0.78686934,0.79547866,0.80547590,0.81643637,0.82803211,0.84003000,0.85226387,0.86458991,0.87683882,0.88877877,0.90010030,0.91042883,0.91936376,0.92653642,0.93167413,0.93465530,0.93554126,0.93457598,0.93215200,0.92874974,0.92486380,0.92093348,0.91729274,0.91415029,0.91160245,0.90967351,0.90837114,0.90774039,0.90789937,0.90904384,0.91141564,0.91523971,0.92064310,0.92757566,0.93575251,0.94463511,0.95345939
0.98769460,0.99090850,0.99289105,0.99350269,0.99273682,0.99072247,0.98769470,0.98394270,0.97975094,0.97535003,0.97089040,0.96644437,0.96203393,0.95767381,0.95341554,0.94937819,0.94575576,0.94279784,0.94076791,0.93988987,0.94029724,0.94199856,0.94486829,0.94866565,0.95307618,0.95776520,0.96242987,0.96683756,0.97084232,0.97437777,0.97743057,0.98000437,0.98208617,0.98362623,0.98453839,0.98472141,0.98409532,0.98264213,0.98043862,0.97767033,0.97462082,0.97163623,0.96907176,0.96723143,0.96631460,0.96638178,0.96734748,0.96900186,0.97105587,0.97319949,0.97515961,0.97674530,0.97787111,0.97855528,0.97889548,0.97903004,0.97909586,0.97919388,0.97937039,0.97961749,0.97989039,0.98013478,0.98031473,0.98043207,0.98053065,0.98068354,0.98096640,0.98142439,0.98204278,0.98273070,0.98332463,0.98361341,0.98338028,0.98245342,0.98075315,0.97832455,0.97534689,0.97211652,0.96900541,0.96640319,0.96465407,0.96400105,0.96454820,0.96624743,0.96891084,0.97224398,0.97589169,0.97948604,0.98268719,0.98521070,0.98683924,0.98742084,0.98685902,0.98510146,0.98213314,0.97797729,0.97270371,0.96644073,0.95938397,0.95179542
0.90530751,0.90538554,0.90624916,0.90750662,0.90861407,0.90898124,0.90809102,0.90561152,0.90147992,0.89594150,0.88953411,0.88301839,0.87726435,0.87311386,0.87124317,0.87204948,0.87558030,0.88151681,0.88921343,0.89778763,0.90624590,0.91362637,0.91913482,0.92225215,0.92279616,0.92092962,0.91711639,0.91203645,0.90647648,0.90121516,0.89692159,0.89408154,0.89296032,0.89360406,0.89587345,0.89949859,0.90414020,0.90944394,0.91507806,0.92075055,0.92620784,0.93122138,0.93557147,0.93903751,0.94140181,0.94246972,0.94210374,0.94026404,0.93704488,0.93269614,0.92762137,0.92234885,0.91747768,0.91360654,0.91125687,0.91080384,0.91242758,0.91609322,0.92156262,0.92843451,0.93620418,0.94433077,0.95229957,0.95966889,0.96609544,0.97133729,0.97523858,0.97770427,0.97867435,0.97810654,0.97597283,0.97227118,0.96704870,0.96042932,0.95263675,0.94400457,0.93496758,0.92603278,0.91773337,0.91057270,0.90496781,0.90120203,0.89939442,0.89949023,0.90127245,0.90439089,0.90840217,0.91281319,0.91712104,0.92084495,0.92354893,0.92485667,0.92446229,0.92214038,0.91775819,0.91129003,0.90283214,0.89261406,0.88100112,0.86848315
0.97128432,0.97289045,0.97486121,0.97670194,0.97781518,0.97767893,0.97601178,0.97288408,0.96874623,0.96436383,0.96067171,0.95857788,0.95876011,0.96149938,0.96658552,0.97331446,0.98057692,0.98702010,0.99125076,0.99204192,0.98850752,0.98021812,0.96724434,0.95012909,0.92980222,0.90745963,0.88443121,0.86205864,0.84159721,0.82414643,0.81060661,0.80165334,0.79772096,0.79898852,0.80536578,0.81648206,0.83168357,0.85004722,0.87041738,0.89146918,0.91179652,0.93001796,0.94488838,0.95540300,0.96088031,0.96101469,0.95589367,0.94598061,0.93206733,0.91520431,0.89661722,0.87761795,0.85951688,0.84354072,0.83075853,0.82201750,0.81789009,0.81863537,0.82417816,0.83410994,0.84771432,0.86401794,0.88186437,0.90000551,0.91720160,0.93231927,0.94441629,0.95280354,0.95707825,0.95712721,0.95310384,0.94538642,0.93452687,0.92119914,0.90615384,0.89018285,0.87409346,0.85868882,0.84474915,0.83300872,0.82412482,0.81863895,0.81693362,0.81919173,0.82536652,0.83516994,0.84808425,0.86339784,0.88026178,0.89775967,0.91498054,0.93108445,0.94535168,0.95721034,0.96624172,0.97216758,0.97482709,0.97415248,0.97015155,0.96290206
0.89392438,0.89833314,0.90512990,0.91371223,0.92315363,0.93237125,0.94032623,0.94621480,0.94960827,0.95051129,0.94932677,0.94673843,0.94354081,0.94045779,0.93799070,0.93632821,0.93533433,0.93461240,0.93362554,0.93184205,0.92887005,0.92454998,0.91898619,0.91251489,0.90562180,0.89883426,0.89261663,0.88729485,0.88302628,0.87981826,0.87758563,0.87622717,0.87569694,0.87604813,0.87743570,0.88007525,0.88416792,0.88981016,0.89691169,0.90514373,0.91393273,0.92250472,0.92997383,0.93545881,0.93820559,0.93769336,0.93370625,0.92636061,0.91608723,0.90357623,0.88969810,0.87541627,0.86170539,0.84948423,0.83956671,0.83262822,0.82918157,0.82955596,0.83387496,0.84203359,0.85367884,0.86820135,0.88474680,0.90225433,0.91952458,0.93531448,0.94844892,0.95793479,0.96306054,0.96346623,0.95917394,0.95057520,0.93837921,0.92353191,0.90711931,0.89026977,0.87406773,0.85948729,0.84734776,0.83828852,0.83275656,0.83099980,0.83306133,0.83877339,0.84775445,0.85941490,0.87297873,0.88752661,0.90206255,0.91560093,0.92726456,0.93637980,0.94255211,0.94570721,0.94608832,0.94420768,0.94075980,0.93651053,0.93218082,0.92834433
0.99073578,0.98667977,0.98114336,0.97422146,0.96595388,0.95638244,0.94563280,0.93399823,0.92199777,0.91038290,0.90007756,0.89205323,0.88715888,0.88594010,0.88848681,0.89434577,0.90252209,0.91157714,0.91981192,0.92550699,0.92717738,0.92379578,0.91494237,0.90085465,0.88237176,0.86078941,0.83765851,0.81456853,0.79295547,0.77396486,0.75838591,0.74665643,0.73892300,0.73513050,0.73511144,0.73864973,0.74550429,0.75539175,0.76794097,0.78264058,0.79880366,0.81556900,0.83194913,0.84692288,0.85955805,0.86914064,0.87528367,0.87799105,0.87766111,0.87502635,0.87103940,0.86672580,0.86303042,0.86068455,0.86011524,0.86140940,0.86433313,0.86839685,0.87294858,0.87727481,0.88069018,0.88260273,0.88254966,0.88020644,0.87537842,0.86798674,0.85805922,0.84573284,0.83126832,0.81507158,0.79771248,0.77993006,0.76261489,0.74676374,0.73340780,0.72352217,0.71792952,0.71721280,0.72165129,0.73118943,0.74544220,0.76373401,0.78516306,0.80867991,0.83316848,0.85751937,0.88068914,0.90174349,0.91988667,0.93448179,0.94506735,0.95137316,0.95333536,0.95110704,0.94505904,0.93576511,0.92396775,0.91052412,0.89633543,0.88226692
0.99081464,0.99203059,0.99275256,0.99295693,0.99253644,0.99135795,0.98933006,0.98646428,0.98291421,0.97898207,0.97508848,0.97170976,0.96929419,0.96817332,0.96848625,0.97013185,0.97275902,0.97579798,0.97852874,0.98017679,0.98002201,0.97750449,0.97231127,0.96443067,0.95416579,0.94210558,0.92905834,0.91595858,0.90376088,0.89333602,0.88538222,0.88036189,0.87846984,0.87963401,0.88354542,0.88970942,0.89750828,0.90626462,0.91529729,0.92396457,0.93169358,0.93799767,0.94248622,0.94487127,0.94497545,0.94274343,0.93825642,0.93174636,0.92360408,0.91437471,0.90473511,0.89545089,0.88731481,0.88107226,0.87734309,0.87655069,0.87886952,0.88419989,0.89217513,0.90220077,0.91351998,0.92529532,0.93669418,0.94696605,0.95550175,0.96186891,0.96582233,0.96729245,0.96635850,0.96321480,0.95813855,0.95146524,0.94357434,0.93488372,0.92584858,0.91695880,0.90872955,0.90168127,0.89630874,0.89304147,0.89220097,0.89396176,0.89832378,0.90510211,0.91393691,0.92432305,0.93565498,0.94728017,0.95855339,0.96888476,0.97777642,0.98484497,0.98982975,0.99258931,0.99308996,0.99139085,0.98762915,0.98200730,0.97478215,0.96625441
0.96227165,0.95744310,0.95300580,0.94942875,0.94701934,0.94588566,0.94592595,0.94685180,0.94824542,0.94964219,0.95062251,0.95089233,0.95033338,0.94901102,0.94713735,0.94499768,0.94285671,0.94086627,0.93899684,0.93701152,0.93449198,0.93091389,0.92575697,0.91862520,0.90934968,0.89805067,0.88514431,0.87129268,0.85730795,0.84403088,0.83220931,0.82240161,0.81492397,0.80985006,0.80705910,0.80631672,0.80736603,0.81000450,0.81412756,0.81972859,0.82685698,0.83554631,0.84573242,0.85718377,0.86946370,0.88193643,0.89381862,0.90426712,0.91248540,0.91782719,0.91987670,0.91849096,0.91379836,0.90615745,0.89608827,0.88419335,0.87108614,0.85734045,0.84346795,0.82992217,0.81712042,0.80547059,0.79538915,0.78729989,0.78160914,0.77866090,0.77868159,0.78172843,0.78765564,0.79610900,0.80655321,0.81832888,0.83072903,0.84308077,0.85481614,0.86551907,0.87494062,0.88298240,0.88965515,0.89502507,0.89916229,0.90210432,0.90384278,0.90433494,0.90353541,0.90143794,0.89811499,0.89374352,0.88860923,0.88308740,0.87760475,0.87259148,0.86843468,0.86544324,0.86383050,0.86371587,0.86514081,0.86809111,0.87251490,0.87832753
0.98423556,0.98245981,0.98024059,0.97774458,0.97507591,0.97226966,0.96928918,0.96603693,0.96238554,0.95822876,0.95354295,0.94844307,0.94321565,0.93831468,0.93431446,0.93182341,0.93137244,0.93329952,0.93765585,0.94415748,0.95219816,0.96092547,0.96936747,0.97658388,0.98181042,0.98456632,0.98470463,0.98239795,0.97806685,0.97227014,0.96558381,0.95849692,0.95134721,0.94430833,0.93742631,0.93069013,0.92411245,0.91779456,0.91195521,0.90691262,0.90302270,0.90058791,0.89976007,0.90046308,0.90235735,0.90485878,0.90721178,0.90860343,0.90829591,0.90575025,0.90071653,0.89327330,0.88381039,0.87296122,0.86150149,0.85023630,0.83989856,0.83107602,0.82417578,0.81942497,0.81689795,0.81655544,0.81828017,0.82189778,0.82717845,0.83382306,0.84144432,0.84955663,0.85758714,0.86491507,0.87093803,0.87515596,0.87725657,0.87718360,0.87517069,0.87172932,0.86758861,0.86359501,0.86058898,0.85928118,0.86015087,0.86338428,0.86886185,0.87619311,0.88478869,0.89395271,0.90297631,0.91121555,0.91814271,0.92336820,0.92663849,0.92782116,0.92688945,0.92391627,0.91908151,0.91268928,0.90518574,0.89716442,0.88934639,0.88252648
0.86592863,0.86214787,0.86047883,0.86049012,0.86174320,0.86389675,0.86676045,0.87029328,0.87455384,0.87961996,0.88550045,0.89206213,0.89899026,0.90579185,0.91184095,0.91645596,0.91899294,0.91893731,0.91597819,0.91005408,0.90136486,0.89035053,0.87764267,0.86399815,0.85022625,0.83711961,0.82539691,0.81566133,0.80837532,0.80384947,0.80224203,0.80356537,0.80769657,0.81439001,0.82329109,0.83395098,0.84584318,0.85838276,0.87094922,0.88291311,0.89366585,0.90265117,0.90939626,0.91354023,0.91485729,0.91327261,0.90886899,0.90188324,0.89269221,0.88178923,0.86975289,0.85721067,0.84480051,0.83313364,0.82276160,0.81414971,0.80765840,0.80353277,0.80189950,0.80276981,0.80604636,0.81153249,0.81894251,0.82791262,0.83801292,0.84876153,0.85964177,0.87012309,0.87968567,0.88784755,0.89419254,0.89839630,0.90024770,0.89966292,0.89669014,0.89150437,0.88439302,0.87573459,0.86597322,0.85559214,0.84508853,0.83495122,0.82564199,0.81758021,0.81112999,0.80658888,0.80417766,0.80403106,0.80619063,0.81060138,0.81711364,0.82549155,0.83542777,0.84656343,0.85851078,0.87087543,0.88327467,0.89534895,0.90676472,0.91720912
0.92623265,0.92765621,0.92858770,0.92899854,0.92868969,0.92730298,0.92439382,0.91955422,0.91255943,0.90350246,0.89287959,0.88159858,0.87089863,0.86219061,0.85684488,0.85596517,0.86019066,0.86956295,0.88348254,0.90076306,0.91977346,0.93864284,0.95549197,0.96865285,0.97684337,0.97927548,0.97569060,0.96632964,0.95185557,0.93325052,0.91170910,0.88854346,0.86510812,0.84274392,0.82273405,0.80626192,0.79436165,0.78785655,0.78728765,0.79284126,0.80428952,0.82095916,0.84174150,0.86515063,0.88942855,0.91268798,0.93307633,0.94894062,0.95897243,0.96231551,0.95862451,0.94807105,0.93130101,0.90935298,0.88355151,0.85538956,0.82641328,0.79811875,0.77186680,0.74881826,0.72988892,0.71572200,0.70667556,0.70282294,0.70396572,0.70965943,0.71925208,0.73193484,0.74680205,0.76291670,0.77937591,0.79537113,0.81023751,0.82348829,0.83483125,0.84416681,0.85156970,0.85725805,0.86155513,0.86484845,0.86754995,0.87005965,0.87273431,0.87586220,0.87964486,0.88418691,0.88949423,0.89548079,0.90198391,0.90878715,0.91564935,0.92233687,0.92865465,0.93447083,0.93973008,0.94445220,0.94871544,0.95262684,0.95628444,0.95973775
0.95796294,0.95405312,0.95268243,0.95402006,0.95776592,0.96322588,0.96944277,0.97536056,0.97999513,0.98258511,0.98270044,0.98029482,0.97569807,0.96955442,0.96272084,0.95614340,0.95073041,0.94723884,0.94618581,0.94779276,0.95196482,0.95830434,0.96615357,0.97465946,0.98285173,0.98972571,0.99432251,0.99580104,0.99349851,0.98697726,0.97605696,0.96083156,0.94167106,0.91920859,0.89431344,0.86805100,0.84162995,0.81633755,0.79346430,0.77422092,0.75965217,0.75055420,0.74740297,0.75030193,0.75895646,0.77268081,0.79044033,0.81092795,0.83266921,0.85414576,0.87392429,0.89077654,0.90377686,0.91236675,0.91638023,0.91602876,0.91185002,0.90462907,0.89530376,0.88486724,0.87427886,0.86439232,0.85590522,0.84933075,0.84498869,0.84301116,0.84335797,0.84583693,0.85012611,0.85579722,0.86234109,0.86919733,0.87579028,0.88157143,0.88606626,0.88892105,0.88994336,0.88912943,0.88667295,0.88295160,0.87849066,0.87390710,0.86984042,0.86687961,0.86549679,0.86599691,0.86849063,0.87289314,0.87894754,0.88626765,0.89439243,0.90284322,0.91117487,0.91901384,0.92607891,0.93218366,0.93722370,0.94115373,0.94396096,0.94564081
0.91523272,0.91563100,0.91562668,0.91568889,0.91615364,0.91717627,0.91871778,0.92056945,0.92241177,0.92389518,0.92472426,0.92472563,0.92388396,0.92233917,0.92034719,0.91821555,0.91622979,0.91458888,0.91336513,0.91249914,0.91183169,0.91116540,0.91034043,0.90930420,0.90815550,0.90714967,0.90666070,0.90710642,0.90885181,0.91211021,0.91686393,0.92282182,0.92942494,0.93590163,0.94136363,0.94492641,0.94583259,0.94355720,0.93787817,0.92890286,0.91704991,0.90299375,0.88758451,0.87175878,0.85645546,0.84254760,0.83079510,0.82181764,0.81608251,0.81389974,0.81541758,0.82061389,0.82928363,0.84102632,0.85524073,0.87113480,0.88775723,0.90405343,0.91894360,0.93141535,0.94061947,0.94595533,0.94713316,0.94420361,0.93754997,0.92784453,0.91597596,0.90295881,0.88983801,0.87760088,0.86710612,0.85903551,0.85386900,0.85188021,0.85314644,0.85756688,0.86488357,0.87470211,0.88651163,0.89970610,0.91360961,0.92750854,0.94069174,0.95249780,0.96236567,0.96988291,0.97482439,0.97717467,0.97712935,0.97507360,0.97153987,0.96715006,0.96254970,0.95834254,0.95503345,0.95298557,0.95239488,0.95328229,0.95550047,0.95875168
0.98325240,0.98658175,0.98904075,0.99066318,0.99146320,0.99145198,0.99065218,0.98910725,0.98688385,0.98406843,0.98076012,0.97706363,0.97308502,0.96893191,0.96471738,0.96056554,0.95661557,0.95302160,0.94994651,0.94754886,0.94596416,0.94528316,0.94553114,0.94665277,0.94850600,0.95086668,0.95344342,0.95590034,0.95788470,0.95905583,0.95911242,0.95781547,0.95500536,0.95061225,0.94466025,0.93726686,0.92863876,0.91906488,0.90890649,0.89858343,0.88855553,0.87929850,0.87127468,0.86490001,0.86050976,0.85832657,0.85843509,0.86076739,0.86510238,0.87108065,0.87823372,0.88602486,0.89389659,0.90131958,0.90783697,0.91309917,0.91688519,0.91910870,0.91980967,0.91913420,0.91730701,0.91460116,0.91130939,0.90772005,0.90409959,0.90068181,0.89766289,0.89520016,0.89341196,0.89237671,0.89213002,0.89266069,0.89390689,0.89575483,0.89804177,0.90056478,0.90309575,0.90540188,0.90726978,0.90852966,0.90907554,0.90887754,0.90798345,0.90650920,0.90461994,0.90250518,0.90035265,0.89832552,0.89654718,0.89509629,0.89401265,0.89331189,0.89300432,0.89311224,0.89367992,0.89477216,0.89646032,0.89879746,0.90178689,0.90535020
0.94860720,0.94617132,0.94588397,0.94781086,0.95164997,0.95679804,0.96246380,0.96780827,0.97208722,0.97477019,0.97561503,0.97468607,0.97231588,0.96902190,0.96539769,0.96200182,0.95926597,0.95743783,0.95656673,0.95653050,0.95709431,0.95798552,0.95896592,0.95988408,0.96069580,0.96144925,0.96223995,0.96314845,0.96417696,0.96520120,0.96595015,0.96602011,0.96492236,0.96215659,0.95729680,0.95007313,0.94043419,0.92857786,0.91494560,0.90018211,0.88506860,0.87044238,0.85711619,0.84580967,0.83710136,0.83140473,0.82896612,0.82987836,0.83410114,0.84147941,0.85175380,0.86456100,0.87942656,0.89575618,0.91283347,0.92983177,0.94584522,0.95994076,0.97122739,0.97893538,0.98249439,0.98159894,0.97625081,0.96677148,0.95378221,0.93815441,0.92093719,0.90327160,0.88630237,0.87109683,0.85857823,0.84947728,0.84430210,0.84332402,0.84657548,0.85385636,0.86474621,0.87862199,0.89468225,0.91197993,0.92946565,0.94604254,0.96063152,0.97224342,0.98005238,0.98346277,0.98216192,0.97615179,0.96575516,0.95159509,0.93454988,0.91568848,0.89619313,0.87727686,0.86010283,0.84571111,0.83495670,0.82846022,0.82657118,0.82934296
0.96476358,0.96825668,0.97240101,0.97699306,0.98170634,0.98609432,0.98961643,0.99169330,0.99178891,0.98950778,0.98468739,0.97746359,0.96829034,0.95790474,0.94723942,0.93729606,0.92900155,0.92307249,0.91991288,0.91956391,0.92171491,0.92577186,0.93096811,0.93649346,0.94161576,0.94577302,0.94862258,0.95004459,0.95010693,0.94900578,0.94699977,0.94435435,0.94130847,0.93806788,0.93482104,0.93176683,0.92914014,0.92722206,0.92632669,0.92676314,0.92877908,0.93249777,0.93786375,0.94461147,0.95226733,0.96018833,0.96763318,0.97385438,0.97819547,0.98017655,0.97955374,0.97634356,0.97081005,0.96341945,0.95477266,0.94552879,0.93633280,0.92775783,0.92026769,0.91420044,0.90976898,0.90707244,0.90611094,0.90679816,0.90896875,0.91238121,0.91671962,0.92159947,0.92658214,0.93120087,0.93499759,0.93756734,0.93860367,0.93793782,0.93556421,0.93164684,0.92650437,0.92057560,0.91437075,0.90841635,0.90320228,0.89913801,0.89652305,0.89553298,0.89622029,0.89852659,0.90230189,0.90732634,0.91333084,0.92001472,0.92706060,0.93414817,0.94096857,0.94724051,0.95272705,0.95725075,0.96070370,0.96304883,0.96431029,0.96455228
0.92989594,0.93183807,0.93577858,0.94163257,0.94907806,0.95759046,0.96650388,0.97509193,0.98265706,0.98861512,0.99256248,0.99431602,0.99392170,0.99163298,0.98786510,0.98313453,0.97799353,0.97296900,0.96851281,0.96496770,0.96255005,0.96134830,0.96133376,0.96237957,0.96428368,0.96679228,0.96962128,0.97247459,0.97505943,0.97709911,0.97834437,0.97858420,0.97765664,0.97545985,0.97196312,0.96721722,0.96136258,0.95463357,0.94735662,0.93994000,0.93285395,0.92660087,0.92167668,0.91852627,0.91749734,0.91879824,0.92246579,0.92834866,0.93611016,0.94525151,0.95515363,0.96513260,0.97450149,0.98263079,0.98899953,0.99323113,0.99511061,0.99458297,0.99173617,0.98677413,0.97998653,0.97172133,0.96236392,0.95232394,0.94202840,0.93191719,0.92243648,0.91402563,0.90709507,0.90199542,0.89898131,0.89817629,0.89954628,0.90288870,0.90784168,0.91391439,0.92053576,0.92711500,0.93310551,0.93806240,0.94168467,0.94383592,0.94454123,0.94396246,0.94235865,0.94004009,0.93732529,0.93450793,0.93183794,0.92951693,0.92770487,0.92653255,0.92611313,0.92654665,0.92791390,0.93025899,0.93356416,0.93772283,0.94251865,0.94761717
0.97323955,0.96973355,0.96599501,0.96247452,0.95949601,0.95722604,0.95567042,0.95469954,0.95409840,0.95363145,0.95310830,0.95243532,0.95164112,0.95086984,0.95034389,0.95030418,0.95094109,0.95233075,0.95439058,0.95686449,0.95934278,0.96131459,0.96224426,0.96165720,0.95921913,0.95479363,0.94846815,0.94054484,0.93149961,0.92191831,0.91242205,0.90359524,0.89592775,0.88977962,0.88537105,0.88279507,0.88204563,0.88305112,0.88570363,0.88987645,0.89542682,0.90218505,0.90993543,0.91839661,0.92720967,0.93594096,0.94410305,0.95119338,0.95674523,0.96038258,0.96186871,0.96113893,0.95831093,0.95367007,0.94763194,0.94068835,0.93334642,0.92607090,0.91923951,0.91311758,0.90785428,0.90349835,0.90002690,0.89737926,0.89548723,0.89429530,0.89376694,0.89387739,0.89459633,0.89586670,0.89758695,0.89960317,0.90171514,0.90369683,0.90532806,0.90643091,0.90690340,0.90674281,0.90605357,0.90503737,0.90396706,0.90314896,0.90288070,0.90341233,0.90491787,0.90748143,0.91109915,0.91569435,0.92114064,0.92728676,0.93397686,0.94106194,0.94840091,0.95585218,0.96325964,0.97043816,0.97716356,0.98317144,0.98816619,0.99183940
0.94839612,0.94514141,0.94085687,0.93622306,0.93200155,0.92881188,0.92692967,0.92616575,0.92586763,0.92505296,0.92264843,0.91777679,0.91002023,0.89959281,0.88737663,0.87480780,0.86363279,0.85558405,0.85204284,0.85376084,0.86070042,0.87202691,0.88625192,0.90149308,0.91579099,0.92741601,0.93510451,0.93818472,0.93657981,0.93070308,0.92128262,0.90916500,0.89514732,0.87987471,0.86381956,0.84733495,0.83075495,0.81450296,0.79916933,0.78552955,0.77449169,0.76698115,0.76378856,0.76541695,0.77196602,0.78308280,0.79799249,0.81560452,0.83467132,0.85396631,0.87244445,0.88935384,0.90427986,0.91711903,0.92799618,0.93715045,0.94482082,0.95115916,0.95618935,0.95981775,0.96188650,0.96225100,0.96085716,0.95779606,0.95332011,0.94781646,0.94174500,0.93555847,0.92962631,0.92418283,0.91931303,0.91497910,0.91107981,0.90752612,0.90431198,0.90156007,0.89952809,0.89857157,0.89907057,0.90133736,0.90552788,0.91157906,0.91918790,0.92783798,0.93686841,0.94557012,0.95328900,0.95951404,0.96393271,0.96644399,0.96712965,0.96619478,0.96389555,0.96047437,0.95611907,0.95095511,0.94506937,0.93855489,0.93155977,0.92432193
0.92803136,0.92137245,0.91510742,0.90901389,0.90286021,0.89650007,0.88994431,0.88339695,0.87724842,0.87202651,0.86831320,0.86664298,0.86740199,0.87074779,0.87656475,0.88446307,0.89382065,0.90386020,0.91374815,0.92269924,0.93006958,0.93542325,0.93856248,0.93951870,0.93851019,0.93587819,0.93201681,0.92731113,0.92209415,0.91662754,0.91110569,0.90567758,0.90047722,0.89565254,0.89138301,0.88788002,0.88536917,0.88405858,0.88410163,0.88556359,0.88840098,0.89245913,0.89748951,0.90318379,0.90921793,0.91529746,0.92119457,0.92677005,0.93197636,0.93684293,0.94144829,0.94588641,0.95023500,0.95453255,0.95876850,0.96288741,0.96680479,0.97042961,0.97368703,0.97653538,0.97897345,0.98103678,0.98278477,0.98428236,0.98558149,0.98670704,0.98765103,0.98837652,0.98883012,0.98895982,0.98873341,0.98815286,0.98726087,0.98613833,0.98489305,0.98364236,0.98249321,0.98152396,0.98077157,0.98022653,0.97983635,0.97951613,0.97916346,0.97867434,0.97795708,0.97694237,0.97558907,0.97388612,0.97185188,0.96953226,0.96699876,0.96434693,0.96169492,0.95918083,0.95695697,0.95517908,0.95398990,0.95349724,0.95374926,0.95471008
0.94952509,0.94553555,0.94392538,0.94459822,0.94699984,0.95025145,0.95333914,0.95532049,0.95550610,0.95357918,0.94963063,0.94410691,0.93768806,0.93112783,0.92509418,0.92004476,0.91616165,0.91335466,0.91132682,0.90968233,0.90804820,0.90617913,0.90402013,0.90171327,0.89954960,0.89788064,0.89701366,0.89711700,0.89815869,0.89989260,0.90189518,0.90364430,0.90462210,0.90441891,0.90281545,0.89982652,0.89569873,0.89086565,0.88587290,0.88129088,0.87763387,0.87530080,0.87454612,0.87548174,0.87810292,0.88232619,0.88802566,0.89505603,0.90325635,0.91243478,0.92234130,0.93263922,0.94288747,0.95254358,0.96099218,0.96759765,0.97177332,0.97305490,0.97116437,0.96605178,0.95790742,0.94714215,0.93434060,0.92019646,0.90544187,0.89078301,0.87685109,0.86417346,0.85316429,0.84412985,0.83728053,0.83274206,0.83056016,0.83069658,0.83301864,0.83728771,0.84315381,0.85016325,0.85778370,0.86544676,0.87260317,0.87878205,0.88364329,0.88701323,0.88889684,0.88946425,0.88901466,0.88792503,0.88659365,0.88538958,0.88461687,0.88449857,0.88518010,0.88674635,0.88924355,0.89269592,0.89710947,0.90245944,0.90866304,0.91554387
0.98403144,0.98538195,0.98505132,0.98295054,0.97906981,0.97348305,0.96634595,0.95789243,0.94843190,0.93834576,0.92807927,0.91812430,0.90899009,0.90116260,0.89505646,0.89096655,0.88902818,0.88919444,0.89123771,0.89477747,0.89933153,0.90438183,0.90944247,0.91411706,0.91813516,0.92136276,0.92378769,0.92548634,0.92658144,0.92720208,0.92745554,0.92741673,0.92713615,0.92666158,0.92606500,0.92546463,0.92503334,0.92498835,0.92556235,0.92696103,0.92931577,0.93264231,0.93681507,0.94156427,0.94649780,0.95114497,0.95501464,0.95765747,0.95872165,0.95799348,0.95541736,0.95109421,0.94526147,0.93826045,0.93049865,0.92241362,0.91444323,0.90700463,0.90048092,0.89521297,0.89149272,0.88955445,0.88956234,0.89159455,0.89562634,0.90151622,0.90899984,0.91769482,0.92711828,0.93671624,0.94590198,0.95409905,0.96078403,0.96552434,0.96800749,0.96805966,0.96565342,0.96090590,0.95406955,0.94551743,0.93572439,0.92524437,0.91468330,0.90466752,0.89580763,0.88865937,0.88368371,0.88121025,0.88140813,0.88426926,0.88960727,0.89707371,0.90618983,0.91638985,0.92706926,0.93763109,0.94752372,0.95626592,0.96345735,0.96877624
0.98931257,0.98558216,0.98185567,0.97861701,0.97622720,0.97491720,0.97477873,0.97575445,0.97763335,0.98006023,0.98256612,0.98462135,0.98570612,0.98538737,0.98338770,0.97963276,0.97426653,0.96763033,0.96020803,0.95254839,0.94518061,0.93854190,0.93293224,0.92850437,0.92528685,0.92322987,0.92225789,0.92231280,0.92337497,0.92545571,0.92856313,0.93265100,0.93756594,0.94301071,0.94853787,0.95358134,0.95752325,0.95978436,0.95991982,0.95770018,0.95316040,0.94660629,0.93857682,0.92977008,0.92094835,0.91284159,0.90606769,0.90108276,0.89816598,0.89743505,0.89888111,0.90240856,0.90786563,0.91505613,0.92372960,0.93355478,0.94408796,0.95475099,0.96483294,0.97352416,0.97998397,0.98343408,0.98326285,0.97912139,0.97099266,0.95921888,0.94448056,0.92772959,0.91008788,0.89272911,0.87676361,0.86314393,0.85260249,0.84562530,0.84245717,0.84312858,0.84749094,0.85524827,0.86597719,0.87913330,0.89404855,0.90992895,0.92586424,0.94085895,0.95388986,0.96398772,0.97033397,0.97235780,0.96981629,0.96284167,0.95194498,0.93797260,0.92202106,0.90532278,0.88912017,0.87454682,0.86253139,0.85373411,0.84851833,0.84695247
0.94734121,0.93854883,0.93009641,0.92292709,0.91779801,0.91517078,0.91514843,0.91747351,0.92159103,0.92676544,0.93222819,0.93732412,0.94162502,0.94498664,0.94753925,0.94961673,0.95164205,0.95399553,0.95689496,0.96031441,0.96396052,0.96731268,0.96971915,0.97052808,0.96922438,0.96554275,0.95953325,0.95156718,0.94228367,0.93248921,0.92303080,0.91466783,0.90796705,0.90323919,0.90052619,0.89963641,0.90021502,0.90183015,0.90405435,0.90652452,0.90897082,0.91121352,0.91313524,0.91464145,0.91562484,0.91594761,0.91544991,0.91398510,0.91147391,0.90796322,0.90367240,0.89901193,0.89456433,0.89102543,0.88911309,0.88945770,0.89249408,0.89837504,0.90692362,0.91763369,0.92971948,0.94220514,0.95403869,0.96421039,0.97185685,0.97633566,0.97726261,0.97451165,0.96818489,0.95856525,0.94606603,0.93118961,0.91450238,0.89662659,0.87824346,0.86009785,0.84299347,0.82776970,0.81525604,0.80620637,0.80122149,0.80067357,0.80464757,0.81291347,0.82493783,0.83993602,0.85695805,0.87499469,0.89308608,0.91041505,0.92637068,0.94057365,0.95286289,0.96325025,0.97185599,0.97884054,0.98434726,0.98846641,0.99122467,0.99259740
0.96345979,0.96073096,0.95873006,0.95726189,0.95592185,0.95418467,0.95151763,0.94750024,0.94192871,0.93488491,0.92675452,0.91818870,0.91001467,0.90311113,0.89827111,0.89607658,0.89680636,0.90039177,0.90642608,0.91422423,0.92292065,0.93158730,0.93935086,0.94549058,0.94950337,0.95113104,0.95035263,0.94735082,0.94246427,0.93613765,0.92887810,0.92122256,0.91371603,0.90689679,0.90128235,0.89734999,0.89550780,0.89605623,0.89914431,0.90472885,0.91254604,0.92210464,0.93270669,0.94349726,0.95353966,0.96190761,0.96778293,0.97054513,0.96984096,0.96562414,0.95816052,0.94799898,0.93591304,0.92282198,0.90970200,0.89749822,0.88704701,0.87901566,0.87386321,0.87182332,0.87290702,0.87692171,0.88350166,0.89214568,0.90225839,0.91319218,0.92428843,0.93491622,0.94450795,0.95259083,0.95881312,0.96296414,0.96498612,0.96497635,0.96317796,0.95995892,0.95577984,0.95115272,0.94659419,0.94257744,0.93948809,0.93758864,0.93699638,0.93767788,0.93946138,0.94206597,0.94514377,0.94832951,0.95129054,0.95377050,0.95562037,0.95681259,0.95743594,0.95767212,0.95775739,0.95793559,0.95840985,0.95930026,0.96061371,0.96222943
0.97320638,0.97324971,0.97327202,0.97301262,0.97210459,0.97019431,0.96705332,0.96265642,0.95720886,0.95111849,0.94492223,0.93918640,0.93440560,0.93092323,0.92888996,0.92826609,0.92886284,0.93040868,0.93262209,0.93527230,0.93821452,0.94139410,0.94482255,0.94853527,0.95254465,0.95680233,0.96118115,0.96548142,0.96945976,0.97287264,0.97552314,0.97729943,0.97819563,0.97831129,0.97783064,0.97698782,0.97602662,0.97516390,0.97456374,0.97432612,0.97448990,0.97504596,0.97595458,0.97716060,0.97860189,0.98020970,0.98190237,0.98357670,0.98510211,0.98632209,0.98706560,0.98716816,0.98649932,0.98499089,0.98265946,0.97961733,0.97606857,0.97228993,0.96859955,0.96531914,0.96273623,0.96107273,0.96046452,0.96095403,0.96249467,0.96496394,0.96818049,0.97192056,0.97593086,0.97993676,0.98364705,0.98675813,0.98896138,0.98995659,0.98947343,0.98729962,0.98331257,0.97750877,0.97002461,0.96114315,0.95128343,0.94097170,0.93079753,0.92135999,0.91321133,0.90680598,0.90246157,0.90033663,0.90042623,0.90257398,0.90649655,0.91181541,0.91809093,0.92485426,0.93163409,0.93797724,0.94346354,0.94771712,0.95041656,0.95130580
0.97268906,0.97240198,0.97252174,0.97309182,0.97403673,0.97518818,0.97632092,0.97719493,0.97759975,0.97739478,0.97653822,0.97509807,0.97324132,0.97120254,0.96923734,0.96756968,0.96634313,0.96558584,0.96519702,0.96495989,0.96458067,0.96374771,0.96219877,0.95978162,0.95649372,0.95249178,0.94806868,0.94360259,0.93948876,0.93606761,0.93356325,0.93204504,0.93141983,0.93145634,0.93183559,0.93221542,0.93229421,0.93185993,0.93081524,0.92917529,0.92704178,0.92456153,0.92188122,0.91911042,0.91630219,0.91345616,0.91054209,0.90753636,0.90446015,0.90140724,0.89855258,0.89613741,0.89443276,0.89368869,0.89408029,0.89566329,0.89835047,0.90191556,0.90602526,0.91029324,0.91434472,0.91787824,0.92071181,0.92280439,0.92424935,0.92524226,0.92603118,0.92686105,0.92792500,0.92933281,0.93110265,0.93317555,0.93544693,0.93780570,0.94017004,0.94251082,0.94485690,0.94728140,0.94987306,0.95270090,0.95578217,0.95906316,0.96241884,0.96567247,0.96863063,0.97112560,0.97305468,0.97440693,0.97527067,0.97581913,0.97627707,0.97687519,0.97780246,0.97916695,0.98097342,0.98312190,0.98542575,0.98764340,0.98951486,0.99079375
0.93049969,0.93585182,0.93945654,0.94113396,0.94065212,0.93775829,0.93224758,0.92405739,0.91336602,0.90066741,0.88679503,0.87287728,0.86022226,0.85014732,0.84378285,0.84188702,0.84470766,0.85191999,0.86265549,0.87562106,0.88928977,0.90212959,0.91282801,0.92047100,0.92464515,0.92544892,0.92341823,0.91938785,0.91432065,0.90913970,0.90459399,0.90117861,0.89911702,0.89839829,0.89885081,0.90022761,0.90227889,0.90479459,0.90761051,0.91058306,0.91354670,0.91627274,0.91844731,0.91968115,0.91955455,0.91769089,0.91384332,0.90797405,0.90030609,0.89133227,0.88177582,0.87250711,0.86443068,0.85836301,0.85492334,0.85445682,0.85700225,0.86230706,0.86988280,0.87908671,0.88921138,0.89956516,0.90953065,0.91859537,0.92635637,0.93250675,0.93681569,0.93911333,0.93928907,0.93730569,0.93322569,0.92724117,0.91969566,0.91108739,0.90204691,0.89328773,0.88553518,0.87944427,0.87552080,0.87406004,0.87511472,0.87849780,0.88381883,0.89054602,0.89808146,0.90583526,0.91328606,0.92001943,0.92574133,0.93026964,0.93351123,0.93543427,0.93604502,0.93537544,0.93348323,0.93046141,0.92645079,0.92164727,0.91629683,0.91067452
0.97033121,0.96832839,0.96425140,0.95836338,0.95096748,0.94239979,0.93302760,0.92325473,0.91353051,0.90435450,0.89626671,0.88981600,0.88550521,0.88371964,0.88465161,0.88823750,0.89412341,0.90167256,0.91002106,0.91817934,0.92516633,0.93015341,0.93259078,0.93229037,0.92944809,0.92460094,0.91852819,0.91211666,0.90621629,0.90151320,0.89844296,0.89715756,0.89754810,0.89931271,0.90204994,0.90535380,0.90888879,0.91243033,0.91586669,0.91916833,0.92233864,0.92536359,0.92817710,0.93065345,0.93262987,0.93395336,0.93453810,0.93441665,0.93376859,0.93291610,0.93228404,0.93233080,0.93346371,0.93595705,0.93989041,0.94512101,0.95129589,0.95790089,0.96433552,0.96999756,0.97436054,0.97702982,0.97776956,0.97649963,0.97326927,0.96821881,0.96154271,0.95346496,0.94423274,0.93412772,0.92348792,0.91272943,0.90235605,0.89294777,0.88512377,0.87948254,0.87652791,0.87659466,0.87978903,0.88595717,0.89468932,0.90535984,0.91719629,0.92936475,0.94105645,0.95156134,0.96031854,0.96693901,0.97120275,0.97303799,0.97249298,0.96971067,0.96491328,0.95839838,0.95054284,0.94180669,0.93272719,0.92389522,0.91590964,0.90931177
0.97083810,0.97048169,0.97103688,0.97229224,0.97386861,0.97534632,0.97638826,0.97682995,0.97671704,0.97628409,0.97588387,0.97588814,0.97658671,0.97811032,0.98039511,0.98319533,0.98613902,0.98881113,0.99084322,0.99198789,0.99216143,0.99144647,0.99005688,0.98827602,0.98638513,0.98459995,0.98303024,0.98167037,0.98042104,0.97913450,0.97767023,0.97594636,0.97397403,0.97186714,0.96982612,0.96810080,0.96694200,0.96655286,0.96705060,0.96844567,0.97064090,0.97344846,0.97661847,0.97987167,0.98292873,0.98553141,0.98745381,0.98850548,0.98853031,0.98740572,0.98504633,0.98141377,0.97653176,0.97050274,0.96352092,0.95587612,0.94794463,0.94016560,0.93300503,0.92691182,0.92227233,0.91937039,0.91835885,0.91924658,0.92190186,0.92607054,0.93140457,0.93749571,0.94390972,0.95021709,0.95601882,0.96096692,0.96478070,0.96726036,0.96829882,0.96789181,0.96614489,0.96327470,0.95960131,0.95552920,0.95151620,0.94803184,0.94550935,0.94429734,0.94461780,0.94653715,0.94995523,0.95461447,0.96012847,0.96602566,0.97180155,0.97697166,0.98111753,0.98392015,0.98517746,0.98480583,0.98282779,0.97935075,0.97454171,0.96860268
0.88975238,0.89628303,0.90172122,0.90613169,0.90952462,0.91185686,0.91304690,0.91300255,0.91165880,0.90902084,0.90520408,0.90046191,0.89519202,0.88991579,0.88522986,0.88173505,0.87995223,0.88023876,0.88272035,0.88725250,0.89342206,0.90059224,0.90798606,0.91479464,0.92029088,0.92392812,0.92540644,0.92469644,0.92201901,0.91778811,0.91253030,0.90679870,0.90109910,0.89584186,0.89132598,0.88775351,0.88526423,0.88397666,0.88402015,0.88554697,0.88871888,0.89367054,0.90045852,0.90900974,0.91908374,0.93026109,0.94196412,0.95350860,0.96417795,0.97330627,0.98035460,0.98496681,0.98699592,0.98649843,0.98370113,0.97895017,0.97265526,0.96524111,0.95711460,0.94865065,0.94019411,0.93207013,0.92459395,0.91807135,0.91278465,0.90896395,0.90674900,0.90615105,0.90702600,0.90906852,0.91183261,0.91477820,0.91733711,0.91898746,0.91932305,0.91810510,0.91528715,0.91100923,0.90556407,0.89934396,0.89278052,0.88629004,0.88023459,0.87490396,0.87051757,0.86724075,0.86520622,0.86453137,0.86532386,0.86767207,0.87162234,0.87714948,0.88412963,0.89232506,0.90138730,0.91088068,0.92032272,0.92923342,0.93718270,0.94382522
0.98929777,0.98947937,0.98966370,0.99004033,0.99069422,0.99156362,0.99242453,0.99291396,0.99259421,0.99104856,0.98798712,0.98333702,0.97729295,0.97031370,0.96306257,0.95630234,0.95076537,0.94702497,0.94539505,0.94587967,0.94818359,0.95178085,0.95602430,0.96026980,0.96398649,0.96682978,0.96866421,0.96953624,0.96960844,0.96907487,0.96808122,0.96667118,0.96477342,0.96223254,0.95887523,0.95459301,0.94941850,0.94357358,0.93747491,0.93169280,0.92687034,0.92361894,0.92241226,0.92350069,0.92686458,0.93221530,0.93904253,0.94669630,0.95448502,0.96176895,0.96803107,0.97291421,0.97622189,0.97788893,0.97793475,0.97641504,0.97338674,0.96889592,0.96299114,0.95575680,0.94735501,0.93806156,0.92828255,0.91854274,0.90944346,0.90159577,0.89554085,0.89167338,0.89018386,0.89103206,0.89395713,0.89852244,0.90418577,0.91038074,0.91659354,0.92242125,0.92760249,0.93201804,0.93566580,0.93861927,0.94098200,0.94284920,0.94428535,0.94532099,0.94596673,0.94623772,0.94617915,0.94588328,0.94549128,0.94517767,0.94511992,0.94546050,0.94627040,0.94752357,0.94908881,0.95074185,0.95219541,0.95314067,0.95329106,0.95241871
0.96708911,0.97510466,0.98051818,0.98354184,0.98422843,0.98248930,0.97817390,0.97118993,0.96163259,0.94988786,0.93667951,0.92304169,0.91021711,0.89949788,0.89203969,0.88868533,0.88983156,0.89536451,0.90467575,0.91675611,0.93034911,0.94413470,0.95690762,0.96771737,0.97594602,0.98131549,0.98383151,0.98368502,0.98113885,0.97642836,0.96969895,0.96099353,0.95029013,0.93757781,0.92294948,0.90668635,0.88931048,0.87158992,0.85449172,0.83909003,0.82644581,0.81748058,0.81286657,0.81295176,0.81772996,0.82685664,0.83970206,0.85542724,0.87306639,0.89160160,0.91002103,0.92735873,0.94272008,0.95530107,0.96441036,0.96950048,0.97020963,0.96640911,0.95824642,0.94617096,0.93093052,0.91353097,0.89515852,0.87707184,0.86047822,0.84641233,0.83563682,0.82858087,0.82532535,0.82563476,0.82902694,0.83486523,0.84245500,0.85112782,0.86030143,0.86951015,0.87840794,0.88675201,0.89437853,0.90118196,0.90710621,0.91214965,0.91637983,0.91994857,0.92309673,0.92613977,0.92943027,0.93330029,0.93799296,0.94359726,0.95000209,0.95688324,0.96373100,0.96991720,0.97479110,0.97778594,0.97851495,0.97683672,0.97287646,0.96699816
0.92168813,0.91198391,0.90463130,0.90033512,0.89929425,0.90122311,0.90546451,0.91116731,0.91748687,0.92375984,0.92961115,0.93496834,0.93998342,0.94488687,0.94981527,0.95466017,0.95897972,0.96199987,0.96271108,0.96004421,0.95308975,0.94131243,0.92471226,0.90389411,0.88002875,0.85471280,0.82975685,0.80694478,0.78781073,0.77347281,0.76454889,0.76116062,0.76301324,0.76952370,0.77996120,0.79356588,0.80962072,0.82746753,0.84647458,0.86597695,0.88521749,0.90331522,0.91928001,0.93207958,0.94075013,0.94452979,0.94298628,0.93610973,0.92434830,0.90857651,0.89000020,0.87001576,0.85004958,0.83140652,0.81515274,0.80204909,0.79253980,0.78678898,0.78474799,0.78623233,0.79098720,0.79872715,0.80914477,0.82189273,0.83655205,0.85260265,0.86941193,0.88625173,0.90234608,0.91694350,0.92940049,0.93925889,0.94630046,0.95056617,0.95233608,0.95207353,0.95034550,0.94773533,0.94476452,0.94183751,0.93921683,0.93702885,0.93529331,0.93396502,0.93297475,0.93225805,0.93176597,0.93145752,0.93127988,0.93114599,0.93091986,0.93041774,0.92942801,0.92774741,0.92522518,0.92180407,0.91754658,0.91263780,0.90736156,0.90205292
0.89405137,0.90579106,0.91824394,0.93078214,0.94262961,0.95296800,0.96105431,0.96632870,0.96849227,0.96754041,0.96374622,0.95759900,0.94971205,0.94071959,0.93118351,0.92152679,0.91200369,0.90270889,0.89362002,0.88466218,0.87577974,0.86699947,0.85847136,0.85047856,0.84341422,0.83773037,0.83386963,0.83219362,0.83292165,0.83609085,0.84154366,0.84894408,0.85781832,0.86761165,0.87775047,0.88769812,0.89699487,0.90527657,0.91227187,0.91778245,0.92165481,0.92375312,0.92394161,0.92208274,0.91805263,0.91177153,0.90324256,0.89258967,0.88008467,0.86615556,0.85137154,0.83640523,0.82197732,0.80879210,0.79747418,0.78851636,0.78224629,0.77881577,0.77821210,0.78028641,0.78479118,0.79141766,0.79982581,0.80966217,0.82056508,0.83216035,0.84405295,0.85582134,0.86702037,0.87719635,0.88591466,0.89279655,0.89755853,0.90004622,0.90025512,0.89833298,0.89456239,0.88932607,0.88306047,0.87620566,0.86915939,0.86224252,0.85568040,0.84960147,0.84405074,0.83901334,0.83444151,0.83027961,0.82648280,0.82302837,0.81992019,0.81718860,0.81488802,0.81309416,0.81190169,0.81142162,0.81177636,0.81308973,0.81546893,0.81897749
0.98703478,0.98621433,0.98540319,0.98453970,0.98357591,0.98251842,0.98144043,0.98046686,0.97974191,0.97939167,0.97949391,0.98006341,0.98105526,0.98238307,0.98394466,0.98564606,0.98741591,0.98920614,0.99098021,0.99269452,0.99428141,0.99564152,0.99664971,0.99717450,0.99710572,0.99638278,0.99501484,0.99308605,0.99074282,0.98816486,0.98552624,0.98295652,0.98051214,0.97816654,0.97582235,0.97334340,0.97059890,0.96750872,0.96407847,0.96041514,0.95671907,0.95325330,0.95029737,0.94809616,0.94681581,0.94651684,0.94715027,0.94857663,0.95060245,0.95302447,0.95567059,0.95842780,0.96125095,0.96415135,0.96716938,0.97033950,0.97365755,0.97705955,0.98041786,0.98355566,0.98627615,0.98839885,0.98979365,0.99040422,0.99025468,0.98943845,0.98809236,0.98636318,0.98437551,0.98220945,0.97989351,0.97741438,0.97474026,0.97185121,0.96876784,0.96557022,0.96240115,0.95945213,0.95693484,0.95504473,0.95392529,0.95364180,0.95417037,0.95540482,0.95717930,0.95930117,0.96158615,0.96388790,0.96611546,0.96823555,0.97026051,0.97222614,0.97416602,0.97608940,0.97796789,0.97973348,0.98128664,0.98251048,0.98328509,0.98349657
0.90023555,0.90652457,0.91374116,0.92170610,0.93007448,0.93838545,0.94614089,0.95289744,0.95835221,0.96240183,0.96515920,0.96692169,0.96809610,0.96909650,0.97023783,0.97164907,0.97322525,0.97462893,0.97534173,0.97475630,0.97229116,0.96750607,0.96019512,0.95043966,0.93861195,0.92533103,0.91138207,0.89761671,0.88485325,0.87379332,0.86496571,0.85870184,0.85514016,0.85425170,0.85587541,0.85975216,0.86554882,0.87286934,0.88125516,0.89018196,0.89906146,0.90725616,0.91411167,0.91900637,0.92141375,0.92096780,0.91752029,0.91117794,0.90231086,0.89152793,0.87962110,0.86748596,0.85602988,0.84608080,0.83830912,0.83317266,0.83089035,0.83144583,0.83461698,0.84002401,0.84718670,0.85558144,0.86469060,0.87403973,0.88322120,0.89190542,0.89984266,0.90685938,0.91285251,0.91778458,0.92168047,0.92462523,0.92676118,0.92828171,0.92942021,0.93043317,0.93157814,0.93308857,0.93514823,0.93786877,0.94127380,0.94529250,0.94976445,0.95445600,0.95908651,0.96336125,0.96700689,0.96980497,0.97161921,0.97241316,0.97225592,0.97131487,0.96983609,0.96811453,0.96645763,0.96514654,0.96439959,0.96434169,0.96498270,0.96620660
0.97057085,0.97422022,0.97528053,0.97408237,0.97094653,0.96617974,0.96010674,0.95312203,0.94573776,0.93860455,0.93248758,0.92819277,0.92645202,0.92778922,0.93239647,0.94004939,0.95008380,0.96144407,0.97279992,0.98271562,0.98984498,0.99312052,0.99190494,0.98608000,0.97605955,0.96272767,0.94731585,0.93124243,0.91594107,0.90270359,0.89255664,0.88618416,0.88389837,0.88565470,0.89109966,0.89963815,0.91050736,0.92284753,0.93576443,0.94838279,0.95989224,0.96958845,0.97691072,0.98147579,0.98310504,0.98184062,0.97794573,0.97188480,0.96428230,0.95586231,0.94737469,0.93951693,0.93286189,0.92780125,0.92451250,0.92295326,0.92288317,0.92390893,0.92554525,0.92728248,0.92865147,0.92927794,0.92892054,0.92749015,0.92505009,0.92179963,0.91804415,0.91415644,0.91053316,0.90755036,0.90552139,0.90465991,0.90505101,0.90663310,0.90919292,0.91237539,0.91570857,0.91864267,0.92060014,0.92103231,0.91947683,0.91560913,0.90928153,0.90054475,0.88964925,0.87702647,0.86325292,0.84900226,0.83499115,0.82192524,0.81045036,0.80111317,0.79433326,0.79038669,0.78939928,0.79134672,0.79605889,0.80322695,0.81241312,0.82306452
0.93018557,0.92376203,0.91970400,0.91821898,0.91927245,0.92264764,0.92800218,0.93491225,0.94290140,0.95145691,0.96004046,0.96810094,0.97509508,0.98051850,0.98394550,0.98507202,0.98375406,0.98003299,0.97414115,0.96648460,0.95760460,0.94812358,0.93868386,0.92988818,0.92224975,0.91615694,0.91185479,0.90944267,0.90888489,0.91002991,0.91263378,0.91638449,0.92092599,0.92588198,0.93088032,0.93557840,0.93968840,0.94300005,0.94539771,0.94686813,0.94749661,0.94745048,0.94695113,0.94623832,0.94553258,0.94500218,0.94474116,0.94476215,0.94500500,0.94535856,0.94569055,0.94587859,0.94583592,0.94552645,0.94496662,0.94421464,0.94335091,0.94245526,0.94158750,0.94077629,0.94001895,0.93929159,0.93856598,0.93782785,0.93709058,0.93639956,0.93582476,0.93544215,0.93530821,0.93543363,0.93576366,0.93617106,0.93646522,0.93641722,0.93579701,0.93441576,0.93216521,0.92904604,0.92517921,0.92079774,0.91622034,0.91181181,0.90793781,0.90492252,0.90301635,0.90237825,0.90307385,0.90508669,0.90833776,0.91270702,0.91805104,0.92421280,0.93102209,0.93828801,0.94578709,0.95325231,0.96036779,0.96677266,0.97207513,0.97587535
0.91344347,0.91125077,0.91134891,0.91405902,0.91919629,0.92611179,0.93383043,0.94125674,0.94740448,0.95159886,0.95360602,0.95366181,0.95239585,0.95067183,0.94938310,0.94925092,0.95066959,0.95363073,0.95773970,0.96231691,0.96655774,0.96971215,0.97124233,0.97092328,0.96886679,0.96546841,0.96129524,0.95694477,0.95290972,0.94947962,0.94669946,0.94439086,0.94222625,0.93983439,0.93690945,0.93329640,0.92903319,0.92434205,0.91957519,0.91513133,0.91136554,0.90851509,0.90665874,0.90571751,0.90549400,0.90573809,0.90622055,0.90679520,0.90743422,0.90822843,0.90935410,0.91101569,0.91338001,0.91651850,0.92037190,0.92474513,0.92933278,0.93376776,0.93768061,0.94075521,0.94276852,0.94360686,0.94325793,0.94178407,0.93928669,0.93587359,0.93163899,0.92666180,0.92102189,0.91482844,0.90825067,0.90154036,0.89503707,0.88915170,0.88432917,0.88099664,0.87950757,0.88009342,0.88283311,0.88764653,0.89431221,0.90250395,0.91183663,0.92191009,0.93234165,0.94278150,0.95291103,0.96242878,0.97103264,0.97840798,0.98423004,0.98818472,0.99000642,0.98952587,0.98671634,0.98172573,0.97488351,0.96667696,0.95769780,0.94856666
0.93481762,0.93904898,0.94326329,0.94724260,0.95058313,0.95270165,0.95289312,0.95043571,0.94472676,0.93542327,0.92255702,0.90659771,0.88844788,0.86936712,0.85083673,0.83438723,0.82141687,0.81303011,0.80991985,0.81230908,0.81995567,0.83221363,0.84813466,0.86658942,0.88638719,0.90637721,0.92552120,0.94293490,0.95790323,0.96987796,0.97846847,0.98343425,0.98468403,0.98228204,0.97645745,0.96761133,0.95631418,0.94328894,0.92937685,0.91548699,0.90253390,0.89137011,0.88272177,0.87713468,0.87493651,0.87621812,0.88083444,0.88842298,0.89843673,0.91018723,0.92289358,0.93573337,0.94789248,0.95861141,0.96722613,0.97320212,0.97615984,0.97589065,0.97236264,0.96571647,0.95625269,0.94441194,0.93075021,0.91591103,0.90059619,0.88553622,0.87146118,0.85907147,0.84900811,0.84182204,0.83794288,0.83764891,0.84104133,0.84802638,0.85830919,0.87140205,0.88664849,0.90326288,0.92038255,0.93712781,0.95266344,0.96625481,0.97731263,0.98542249,0.99035794,0.99207838,0.99071514,0.98654981,0.97998906,0.97153868,0.96177855,0.95133775,0.94086841,0.93101569,0.92238241,0.91548833,0.91072640,0.90832071,0.90829227,0.91043942
0.99105650,0.99149368,0.99152525,0.99112861,0.99024250,0.98881592,0.98684247,0.98437323,0.98150920,0.97838038,0.97512180,0.97185560,0.96868402,0.96569311,0.96296288,0.96057704,0.95862549,0.95719476,0.95634531,0.95608021,0.95631402,0.95685339,0.95739933,0.95757604,0.95698362,0.95526536,0.95217603,0.94763648,0.94176282,0.93486317,0.92740150,0.91993521,0.91303817,0.90722475,0.90288887,0.90026855,0.89943895,0.90033032,0.90276182,0.90647969,0.91118944,0.91657502,0.92230322,0.92801685,0.93332464,0.93779769,0.94098127,0.94242628,0.94173923,0.93864283,0.93303568,0.92503719,0.91500645,0.90352761,0.89136128,0.87936803,0.86841582,0.85928640,0.85259589,0.84874097,0.84787688,0.84992656,0.85461451,0.86151521,0.87010507,0.87980837,0.89003168,0.90018581,0.90969875,0.91802564,0.92466262,0.92916907,0.93119951,0.93054154,0.92715299,0.92118876,0.91300873,0.90316056,0.89233623,0.88130637,0.87084134,0.86163104,0.85421568,0.84893820,0.84592443,0.84509202,0.84618404,0.84881879,0.85254597,0.85689957,0.86144046,0.86578575,0.86962496,0.87272649,0.87493856,0.87618879,0.87648480,0.87591547,0.87465000,0.87292999
0.85908674,0.84600810,0.83061569,0.81349060,0.79519503,0.77629257,0.75738189,0.73912824,0.72227807,0.70764782,0.69608407,0.68839905,0.68529014,0.68725542,0.69451785,0.70697011,0.72414877,0.74524259,0.76913528,0.79447926,0.81979372,0.84357868,0.86443415,0.88117299,0.89291508,0.89915241,0.89977789,0.89507552,0.88567450,0.87247452,0.85655218,0.83906084,0.82113638,0.80381993,0.78800567,0.77441630,0.76360344,0.75596520,0.75177070,0.75118148,0.75426253,0.76097987,0.77118619,0.78460049,0.80079005,0.81916398,0.83898569,0.85940778,0.87952771,0.89845720,0.91539502,0.92969150,0.94089437,0.94876922,0.95329286,0.95462266,0.95304981,0.94894646,0.94271744,0.93476475,0.92546939,0.91518986,0.90427301,0.89306959,0.88194670,0.87129050,0.86149604,0.85294450,0.84597232,0.84083862,0.83769877,0.83659031,0.83743502,0.84005713,0.84421383,0.84963147,0.85604002,0.86319879,0.87090904,0.87901245,0.88737731,0.89587707,0.90436689,0.91266393,0.92053608,0.92770171,0.93384057,0.93861361,0.94168816,0.94276411,0.94159798,0.93802285,0.93196367,0.92344813,0.91261348,0.89970958,0.88509761,0.86924347,0.85270420,0.83610527
0.96351299,0.96683069,0.97094300,0.97547578,0.97987763,0.98351460,0.98578611,0.98624046,0.98466694,0.98114514,0.97604104,0.96995030,0.96360078,0.95773468,0.95299353,0.94982771,0.94844520,0.94880511,0.95065250,0.95358263,0.95711892,0.96078758,0.96417531,0.96696202,0.96892786,0.96994022,0.96993058,0.96887195,0.96676534,0.96363944,0.95956190,0.95465715,0.94912250,0.94323517,0.93734440,0.93184705,0.92714894,0.92361798,0.92153749,0.92106844,0.92222753,0.92488477,0.92878023,0.93355624,0.93879891,0.94408239,0.94901000,0.95324772,0.95654778,0.95876166,0.95984326,0.95984394,0.95890076,0.95721926,0.95505131,0.95266889,0.95033490,0.94827392,0.94664632,0.94553017,0.94491446,0.94470621,0.94475107,0.94486510,0.94487267,0.94464346,0.94412152,0.94334007,0.94241856,0.94154276,0.94093184,0.94079986,0.94131969,0.94259666,0.94465670,0.94745045,0.95087078,0.95477854,0.95902892,0.96349119,0.96805680,0.97263432,0.97713427,0.98145035,0.98544485,0.98894545,0.99175771,0.99369301,0.99460751,0.99444331,0.99326134,0.99125553,0.98874132,0.98611675,0.98380109,0.98216124,0.98143983,0.98169901,0.98279126,0.98436335
0.99027357,0.98799559,0.98254174,0.97416531,0.96326593,0.95038906,0.93619701,0.92141519,0.90676543,0.89290230,0.88036767,0.86957289,0.86080964,0.85428199,0.85014652,0.84854524,0.84961845,0.85349057,0.86022970,0.86979038,0.88195474,0.89628991,0.91213637,0.92863530,0.94479354,0.95957633,0.97201157,0.98128726,0.98682604,0.98832550,0.98576131,0.97935739,0.96953398,0.95684778,0.94193718,0.92548215,0.90818162,0.89074531,0.87389177,0.85834305,0.84480684,0.83394175,0.82630662,0.82230084,0.82210696,0.82564834,0.83257288,0.84226931,0.85391632,0.86655853,0.87919810,0.89088840,0.90081586,0.90835981,0.91312438,0.91494288,0.91385941,0.91009588,0.90401276,0.89607084,0.88679786,0.87676096,0.86654302,0.85671937,0.84783166,0.84035750,0.83467746,0.83104398,0.82955858,0.83016351,0.83265220,0.83669874,0.84190323,0.84784582,0.85414048,0.86047875,0.86665538,0.87257166,0.87821659,0.88363153,0.88886750,0.89394537,0.89882820,0.90341104,0.90752926,0.91098244,0.91356729,0.91511188,0.91550363,0.91470566,0.91275925,0.90977453,0.90591394,0.90137518,0.89637856,0.89116191,0.88598163,0.88111608,0.87686475,0.87353704
0.99594429,0.99536263,0.99455808,0.99366633,0.99264722,0.99133706,0.98952547,0.98703650,0.98379548,0.97986804,0.97546487,0.97091379,0.96660689,0.96293519,0.96022469,0.95868581,0.95838408,0.95923407,0.96101381,0.96339444,0.96597903,0.96834534,0.97008843,0.97085915,0.97039575,0.96854595,0.96527886,0.96068634,0.95497461,0.94844632,0.94147389,0.93446577,0.92782912,0.92193385,0.91708346,0.91349659,0.91130084,0.91053748,0.91117392,0.91311947,0.91624019,0.92036917,0.92531057,0.93083792,0.93668962,0.94256672,0.94813808,0.95305637,0.95698539,0.95963566,0.96080240,0.96039851,0.95847513,0.95522414,0.95096020,0.94608379,0.94103142,0.93622184,0.93200846,0.92864652,0.92628027,0.92495041,0.92461813,0.92519804,0.92659120,0.92870930,0.93148411,0.93486017,0.93877397,0.94312660,0.94775946,0.95244182,0.95687628,0.96072380,0.96364493,0.96535007,0.96564831,0.96448448,0.96195562,0.95830237,0.95387653,0.94909127,0.94436418,0.94006486,0.93647667,0.93377878,0.93204946,0.93128676,0.93143880,0.93243379,0.93420085,0.93667534,0.93978745,0.94343773,0.94746778,0.95163580,0.95560646,0.95896087,0.96122806,0.96193399
0.98295240,0.98221460,0.97883767,0.97330571,0.96584886,0.95648522,0.94515070,0.93187752,0.91696832,0.90111259,0.88540540,0.87125343,0.86018209,0.85358302,0.85245625,0.85720272,0.86751178,0.88236799,0.90017731,0.91898879,0.93676983,0.95168301,0.96231484,0.96781862,0.96795443,0.96303156,0.95377819,0.94117471,0.92628889,0.91014437,0.89364115,0.87753160,0.86244140,0.84891527,0.83746361,0.82858892,0.82277950,0.82046902,0.82197182,0.82741135,0.83666217,0.84932283,0.86472984,0.88201310,0.90018388,0.91823920,0.93526319,0.95050774,0.96344005,0.97375251,0.98133877,0.98624675,0.98862252,0.98865936,0.98656229,0.98253338,0.97677637,0.96951455,0.96101255,0.95159280,0.94163958,0.93158770,0.92189740,0.91302076,0.90536715,0.89927483,0.89499395,0.89268232,0.89241200,0.89418176,0.89792925,0.90353786,0.91083532,0.91958459,0.92947055,0.94008858,0.95094146,0.96144997,0.97097982,0.97888365,0.98455304,0.98747288,0.98726948,0.98374509,0.97689443,0.96690253,0.95412674,0.93906816,0.92233865,0.90462876,0.88667979,0.86926040,0.85314535,0.83909176,0.82780825,0.81991372,0.81588598,0.81600445,0.82029489,0.82848613
0.89795745,0.89208569,0.88810389,0.88614272,0.88622239,0.88824251,0.89196187,0.89698513,0.90277266,0.90868254,0.91404287,0.91824187,0.92081659,0.92152066,0.92035550,0.91755770,0.91354472,0.90883072,0.90393151,0.89928083,0.89517684,0.89176922,0.88908577,0.88708647,0.88572628,0.88500754,0.88500694,0.88587040,0.88777751,0.89088593,0.89527122,0.90087968,0.90750852,0.91482050,0.92239021,0.92977021,0.93655936,0.94245535,0.94727784,0.95095699,0.95349120,0.95488648,0.95509520,0.95397308,0.95126948,0.94665829,0.93980611,0.93046461,0.91856677,0.90430467,0.88816928,0.87094066,0.85362667,0.83735914,0.82326493,0.81233423,0.80530832,0.80260430,0.80428572,0.81007847,0.81942271,0.83154602,0.84554173,0.86043907,0.87525704,0.88904120,0.90088833,0.90996826,0.91555216,0.91705386,0.91408456,0.90651463,0.89453037,0.87867053,0.85982804,0.83920713,0.81823384,0.79842664,0.78124304,0.76792347,0.75935601,0.75598273,0.75776150,0.76418781,0.77437086,0.78714949,0.80122853,0.81531480,0.82823496,0.83902376,0.84697788,0.85167778,0.85298437,0.85101948,0.84613864,0.83890135,0.83003965,0.82042192,0.81100556,0.80277319
0.97686566,0.98165282,0.98540737,0.98746568,0.98713501,0.98384030,0.97725343,0.96737810,0.95457517,0.93952779,0.92315899,0.90652295,0.89069309,0.87666602,0.86529282,0.85723963,0.85297222,0.85275375,0.85664462,0.86449677,0.87594167,0.89037844,0.90697350,0.92468361,0.94230979,0.95858268,0.97227161,0.98230334,0.98787286,0.98852830,0.98421578,0.97527674,0.96239928,0.94653358,0.92878781,0.91032298,0.89226227,0.87562442,0.86128313,0.84994774,0.84215611,0.83826967,0.83846279,0.84270342,0.85072842,0.86202250,0.87581302,0.89109221,0.90667405,0.92128552,0.93368396,0.94278501,0.94778193,0.94823662,0.94412665,0.93584011,0.92411937,0.90996397,0.89451032,0.87890857,0.86421579,0.85131940,0.84089650,0.83340712,0.82911238,0.82810496,0.83033887,0.83564891,0.84375562,0.85425829,0.86662414,0.88018472,0.89415042,0.90764980,0.91979443,0.92976278,0.93689088,0.94075430,0.94122587,0.93849742,0.93306005,0.92564490,0.91713398,0.90845585,0.90048334,0.89394902,0.88938973,0.88712452,0.88726368,0.88974073,0.89435601,0.90082035,0.90878966,0.91788559,0.92770236,0.93780429,0.94772146,0.95695135,0.96497227,0.97127044
0.97528121,0.97299381,0.97204813,0.97246080,0.97397960,0.97617709,0.97855773,0.98065752,0.98211957,0.98273591,0.98245341,0.98134900,0.97958390,0.97734953,0.97481714,0.97210050,0.96923683,0.96618657,0.96284919,0.95909044,0.95477577,0.94980475,0.94414140,0.93783527,0.93102952,0.92395343,0.91690034,0.91019419,0.90415039,0.89903736,0.89504492,0.89226493,0.89068791,0.89021681,0.89069613,0.89195045,0.89382414,0.89621284,0.89907896,0.90244732,0.90638132,0.91094486,0.91615820,0.92195832,0.92817348,0.93451999,0.94062398,0.94606594,0.95043992,0.95341571,0.95479156,0.95452692,0.95274880,0.94973112,0.94585153,0.94153496,0.93719547,0.93318803,0.92977914,0.92713989,0.92535957,0.92447277,0.92449026,0.92542346,0.92729517,0.93013292,0.93394679,0.93869757,0.94426517,0.95042747,0.95685830,0.96314881,0.96885057,0.97353336,0.97684684,0.97857373,0.97866397,0.97724269,0.97459009,0.97109706,0.96720506,0.96334209,0.95986689,0.95703125,0.95496562,0.95368774,0.95312902,0.95317019,0.95367695,0.95452754,0.95562727,0.95690878,0.95832074,0.95981045,0.96130718,0.96271232,0.96389997,0.96472777,0.96505466,0.96475938
0.97573406,0.97708771,0.97801508,0.97844971,0.97829902,0.97744570,0.97575029,0.97306428,0.96925983,0.96427470,0.95816367,0.95114175,0.94360403,0.93611104,0.92933584,0.92397793,0.92065727,0.91980766,0.92159143,0.92585541,0.93214079,0.93974795,0.94784494,0.95559729,0.96229261,0.96743503,0.97079257,0.97239148,0.97246351,0.97136153,0.96946531,0.96709981,0.96448459,0.96172388,0.95883569,0.95580796,0.95266272,0.94950755,0.94655783,0.94412146,0.94254792,0.94215320,0.94313876,0.94552537,0.94911933,0.95352224,0.95818464,0.96249396,0.96587921,0.96791037,0.96837249,0.96729948,0.96496206,0.96181385,0.95840832,0.95530460,0.95298106,0.95177273,0.95184131,0.95317915,0.95564029,0.95898676,0.96293652,0.96720088,0.97150481,0.97558906,0.97919973,0.98207465,0.98393694,0.98450386,0.98351435,0.98077240,0.97619818,0.96987471,0.96207750,0.95327660,0.94410614,0.93530315,0.92762423,0.92175382,0.91821972,0.91733011,0.91914167,0.92346264,0.92988740,0.93785414,0.94671358,0.95579638,0.96446923,0.97217421,0.97845087,0.98294492,0.98540974,0.98570651,0.98380708,0.97979973,0.97389457,0.96642274,0.95782271,0.94860851
0.95675780,0.95554950,0.95500228,0.95483757,0.95452350,0.95336086,0.95060967,0.94563646,0.93805598,0.92783884,0.91536092,0.90138116,0.88694882,0.87325684,0.86146847,0.85254913,0.84713321,0.84544807,0.84730643,0.85216570,0.85924075,0.86764625,0.87653995,0.88523927,0.89329089,0.90048537,0.90682118,0.91243325,0.91750717,0.92220047,0.92658881,0.93064713,0.93426715,0.93730298,0.93963047,0.94120253,0.94208444,0.94245899,0.94259939,0.94281599,0.94338963,0.94450695,0.94621295,0.94839155,0.95077908,0.95300800,0.95467179,0.95539760,0.95491199,0.95308734,0.94996138,0.94572806,0.94070439,0.93528181,0.92987323,0.92486594,0.92058827,0.91729318,0.91515767,0.91429309,0.91475926,0.91657553,0.91972402,0.92414332,0.92971479,0.93624641,0.94346083,0.95099399,0.95840873,0.96522458,0.97096104,0.97518842,0.97757828,0.97794473,0.97626976,0.97270817,0.96757147,0.96129377,0.95438553,0.94738269,0.94079856,0.93508448,0.93060288,0.92761327,0.92626952,0.92662506,0.92864197,0.93220104,0.93711069,0.94311461,0.94989944,0.95710427,0.96433429,0.97117945,0.97723799,0.98214270,0.98558647,0.98734331,0.98728120,0.98536479
0.96770322,0.96191083,0.95622415,0.95117632,0.94716087,0.94439622,0.94291330,0.94257046,0.94309564,0.94414985,0.94540076,0.94659097,0.94758635,0.94839338,0.94914166,0.95003531,0.95128335,0.95302358,0.95525637,0.95780350,0.96030336,0.96224656,0.96304790,0.96214172,0.95908241,0.95363022,0.94580579,0.93590317,0.92445964,0.91218869,0.89988882,0.88834485,0.87823899,0.87008612,0.86420188,0.86070489,0.85954692,0.86055960,0.86350425,0.86811251,0.87410980,0.88121938,0.88915035,0.89757768,0.90612478,0.91435844,0.92180318,0.92797677,0.93244269,0.93487044,0.93509139,0.93313780,0.92925565,0.92388652,0.91762018,0.91112494,0.90506759,0.90003618,0.89647861,0.89466610,0.89468546,0.89645830,0.89977989,0.90436768,0.90990845,0.91609531,0.92264927,0.92932442,0.93590052,0.94216900,0.94792047,0.95294018,0.95701555,0.95995585,0.96162001,0.96194585,0.96097269,0.95885068,0.95583268,0.95224890,0.94846796,0.94485143,0.94171054,0.93927322,0.93766746,0.93692352,0.93699272,0.93777747,0.93916448,0.94105298,0.94337196,0.94608281,0.94916821,0.95261089,0.95636849,0.96035158,0.96441055,0.96833511,0.97186641,0.97471856
0.85626741,0.86489987,0.87614734,0.88950137,0.90409056,0.91876139,0.93222265,0.94323338,0.95080079,0.95434839,0.95381781,0.94968077,0.94285694,0.93455438,0.92606505,0.91855619,0.91289653,0.90954734,0.90853356,0.90949403,0.91179388,0.91467148,0.91738681,0.91934144,0.92014915,0.91965018,0.91787549,0.91497840,0.91115598,0.90658161,0.90136466,0.89554398,0.88911285,0.88206512,0.87444750,0.86640251,0.85818985,0.85017998,0.84282108,0.83658702,0.83191779,0.82916495,0.82855208,0.83015641,0.83391219,0.83963231,0.84704120,0.85581079,0.86559232,0.87603852,0.88681470,0.89760001,0.90808303,0.91795650,0.92691568,0.93466278,0.94091835,0.94543847,0.94803553,0.94859969,0.94711794,0.94368790,0.93852398,0.93195449,0.92440905,0.91639620,0.90847180,0.90119930,0.89510399,0.89062491,0.88806946,0.88757673,0.88909538,0.89238073,0.89701317,0.90243763,0.90802031,0.91311646,0.91714042,0.91962848,0.92028580,0.91901157,0.91590050,0.91122293,0.90538918,0.89890532,0.89232755,0.88622079,0.88112454,0.87752608,0.87583858,0.87638006,0.87934949,0.88479831,0.89259924,0.90241739,0.91369181,0.92563587,0.93726385,0.94744753
0.92949394,0.92477573,0.92242528,0.92245405,0.92458703,0.92838116,0.93333908,0.93899805,0.94498189,0.95101402,0.95689904,0.96248713,0.96763804,0.97219851,0.97600086,0.97888260,0.98072063,0.98146942,0.98119150,0.98007008,0.97839743,0.97653792,0.97487036,0.97371978,0.97329146,0.97362033,0.97454598,0.97571886,0.97663780,0.97671415,0.97535361,0.97204436,0.96643913,0.95841968,0.94813484,0.93600719,0.92270717,0.90909783,0.89615614,0.88487922,0.87618502,0.87081771,0.86926716,0.87171037,0.87798044,0.88756599,0.89964125,0.91312463,0.92676092,0.93922040,0.94920627,0.95556110,0.95736310,0.95400389,0.94524118,0.93122178,0.91247268,0.88986092,0.86452602,0.83779115,0.81106125,0.78571735,0.76301580,0.74400083,0.72943713,0.71976741,0.71509753,0.71520891,0.71959506,0.72751771,0.73807631,0.75028527,0.76315307,0.77575778,0.78731388,0.79722597,0.80512590,0.81089154,0.81464606,0.81673777,0.81770057,0.81819639,0.81894266,0.82063016,0.82383945,0.82896519,0.83615796,0.84529177,0.85596298,0.86752335,0.87914554,0.88991479,0.89893584,0.90544024,0.90887861,0.90898431,0.90579997,0.89966433,0.89116305,0.88105165
0.97614738,0.97485947,0.97522198,0.97703467,0.97973837,0.98257593,0.98477947,0.98574198,0.98513745,0.98296791,0.97953338,0.97533889,0.97096558,0.96693887,0.96362401,0.96117033,0.95951173,0.95841685,0.95757158,0.95667022,0.95549293,0.95395213,0.95210021,0.95010038,0.94817117,0.94652031,0.94528516,0.94449410,0.94405677,0.94378349,0.94342666,0.94273266,0.94149132,0.93957284,0.93694554,0.93367356,0.92989737,0.92580367,0.92159251,0.91744906,0.91352517,0.90993228,0.90674416,0.90400527,0.90174047,0.89996248,0.89867534,0.89787381,0.89754019,0.89764069,0.89812358,0.89892078,0.89995346,0.90114049,0.90240765,0.90369520,0.90496221,0.90618723,0.90736637,0.90851032,0.90964176,0.91079452,0.91201431,0.91336055,0.91490749,0.91674245,0.91895908,0.92164473,0.92486306,0.92863507,0.93292267,0.93761962,0.94255273,0.94749495,0.95218895,0.95637823,0.95984036,0.96241624,0.96402962,0.96469253,0.96449614,0.96358935,0.96215111,0.96036278,0.95838706,0.95635731,0.95437858,0.95253839,0.95092290,0.94963226,0.94878862,0.94853190,0.94900142,0.95030557,0.95248536,0.95547994,0.95910243,0.96303254,0.96682905,0.96996180
0.97527578,0.97321648,0.97189721,0.97103632,0.96997037,0.96781234,0.96365522,0.95677845,0.94681532,0.93384892,0.91841972,0.90144649,0.88408011,0.86752234,0.85284653,0.84085363,0.83198644,0.82631151,0.82356415,0.82324104,0.82471841,0.82737150,0.83067337,0.83425720,0.83793483,0.84167431,0.84554720,0.84966202,0.85410065,0.85887158,0.86388798,0.86897260,0.87388547,0.87836658,0.88218317,0.88517076,0.88725914,0.88847817,0.88894301,0.88882339,0.88830472,0.88754978,0.88666938,0.88570750,0.88464350,0.88341050,0.88192551,0.88012429,0.87799285,0.87558814,0.87304275,0.87055232,0.86834781,0.86665812,0.86567004,0.86549352,0.86613919,0.86751287,0.86942878,0.87163932,0.87387600,0.87589385,0.87751139,0.87863933,0.87929373,0.87959223,0.87973505,0.87997499,0.88058230,0.88181072,0.88387032,0.88691024,0.89101207,0.89619198,0.90240815,0.90956961,0.91754345,0.92615851,0.93520554,0.94443536,0.95355765,0.96224379,0.97013663,0.97686849,0.98208716,0.98548705,0.98684136,0.98603042,0.98306194,0.97807967,0.97135925,0.96329132,0.95435389,0.94507702,0.93600401,0.92765262,0.92047973,0.91485089,0.91101537,0.90908638
0.95231777,0.95835440,0.96400216,0.96915610,0.97369985,0.97749923,0.98039898,0.98222869,0.98282288,0.98205546,0.97988356,0.97639042,0.97181522,0.96655901,0.96116051,0.95624155,0.95242831,0.95025974,0.95009847,0.95206138,0.95598485,0.96143457,0.96776097,0.97419178,0.97994536,0.98434452,0.98691088,0.98742414,0.98593767,0.98274987,0.97833882,0.97327430,0.96812487,0.96337781,0.95938531,0.95634345,0.95430272,0.95320184,0.95291300,0.95328564,0.95417814,0.95547156,0.95706493,0.95885752,0.96072727,0.96251571,0.96402803,0.96505205,0.96539409,0.96492420,0.96361963,0.96159441,0.95910532,0.95652881,0.95431011,0.95289231,0.95263818,0.95376031,0.95627387,0.95998205,0.96449773,0.96929760,0.97379828,0.97744021,0.97976360,0.98046337,0.97941476,0.97666833,0.97241951,0.96696286,0.96064321,0.95381496,0.94681667,0.93996337,0.93355293,0.92787909,0.92324134,0.91994295,0.91827191,0.91846506,0.92066177,0.92485781,0.93087228,0.93833855,0.94672598,0.95539235,0.96366035,0.97090529,0.97663815,0.98056787,0.98263046,0.98297893,0.98193630,0.97992142,0.97736333,0.97462170,0.97192866,0.96936215,0.96685322,0.96422216
0.94500521,0.94262802,0.94031374,0.93822300,0.93646877,0.93513445,0.93428332,0.93395723,0.93416765,0.93488604,0.93604093,0.93752653,0.93922269,0.94102158,0.94285345,0.94470313,0.94661006,0.94864778,0.95088363,0.95332576,0.95587048,0.95826599,0.96010721,0.96086967,0.95998119,0.95691998,0.95132108,0.94306992,0.93236323,0.91972288,0.90595643,0.89206865,0.87913844,0.86818320,0.86003563,0.85525433,0.85408172,0.85645152,0.86203766,0.87032884,0.88070981,0.89253137,0.90515672,0.91797977,0.93041988,0.94190514,0.95185958,0.95970847,0.96490969,0.96701073,0.96572154,0.96098701,0.95304011,0.94241868,0.92993526,0.91659947,0.90350280,0.89168553,0.88201002,0.87506434,0.87111383,0.87010793,0.87173764,0.87552878,0.88094885,0.88750368,0.89480359,0.90258702,0.91070068,0.91904672,0.92751533,0.93592471,0.94398767,0.95131665,0.95746828,0.96201835,0.96464907,0.96522725,0.96385248,0.96086170,0.95678609,0.95226814,0.94795642,0.94440120,0.94197361,0.94082563,0.94089792,0.94197109,0.94374573,0.94592998,0.94831191,0.95079828,0.95341024,0.95623804,0.95936743,0.96279861,0.96638065,0.96978070,0.97249913,0.97393021
0.93305017,0.93505506,0.93874571,0.94414018,0.95090703,0.95843966,0.96598555,0.97279997,0.97828955,0.98211484,0.98423255,0.98487248,0.98445993,0.98350520,0.98248782,0.98176149,0.98149833,0.98168007,0.98213187,0.98258552,0.98275373,0.98239766,0.98137401,0.97965483,0.97732025,0.97453060,0.97148847,0.96840173,0.96545656,0.96280457,0.96056297,0.95882257,0.95765643,0.95712333,0.95726279,0.95808218,0.95953929,0.96152598,0.96385884,0.96628172,0.96848235,0.97012204,0.97087369,0.97046166,0.96869612,0.96549662,0.96090179,0.95506515,0.94823943,0.94075283,0.93298165,0.92532260,0.91816707,0.91187821,0.90676976,0.90308586,0.90098121,0.90050315,0.90157840,0.90400841,0.90747690,0.91157152,0.91581963,0.91973526,0.92287181,0.92487309,0.92551448,0.92472707,0.92260063,0.91936544,0.91535714,0.91097175,0.90661939,0.90268427,0.89949620,0.89731629,0.89633536,0.89668113,0.89842800,0.90160312,0.90618436,0.91208958,0.91916036,0.92714661,0.93569959,0.94437974,0.95268272,0.96008319,0.96609132,0.97031346,0.97250596,0.97261088,0.97076515,0.96727944,0.96258954,0.95718876,0.95155394,0.94607822,0.94102230,0.93649103
0.89430899,0.88489314,0.87486358,0.86457397,0.85427079,0.84414737,0.83440819,0.82532710,0.81728493,0.81077549,0.80637423,0.80467136,0.80617882,0.81122761,0.81987502,0.83184073,0.84648581,0.86284228,0.87969285,0.89569330,0.90952246,0.92003887,0.92641993,0.92826059,0.92561512,0.91897578,0.90919367,0.89735701,0.88464779,0.87219998,0.86098031,0.85170759,0.84481897,0.84048240,0.83864566,0.83910616,0.84158294,0.84577513,0.85139682,0.85818580,0.86589118,0.87424969,0.88296310,0.89168807,0.90004597,0.90765413,0.91417324,0.91936032,0.92311392,0.92549944,0.92674643,0.92721627,0.92734516,0.92757297,0.92827215,0.92969085,0.93192146,0.93489996,0.93843439,0.94225431,0.94606867,0.94961887,0.95271556,0.95525259,0.95719766,0.95856463,0.95937770,0.95963894,0.95930989,0.95831345,0.95655624,0.95396582,0.95053263,0.94634501,0.94160701,0.93663240,0.93181384,0.92757172,0.92429267,0.92227024,0.92166047,0.92246153,0.92452100,0.92756792,0.93126141,0.93524466,0.93919266,0.94284484,0.94601762,0.94859761,0.95052087,0.95174705,0.95223845,0.95195124,0.95084236,0.94888952,0.94611728,0.94261969,0.93856979,0.93420933
0.96581943,0.96949990,0.97214608,0.97372086,0.97410731,0.97312587,0.97058428,0.96634956,0.96042513,0.95301322,0.94454443,0.93566238,0.92716067,0.91988025,0.91458393,0.91183021,0.91186863,0.91457498,0.91943742,0.92559679,0.93193591,0.93720566,0.94017032,0.93975200,0.93515484,0.92595364,0.91213832,0.89411250,0.87265103,0.84882520,0.82390710,0.79926454,0.77625761,0.75614615,0.74001455,0.72871718,0.72284432,0.72270581,0.72832862,0.73946472,0.75560660,0.77600956,0.79972098,0.82561767,0.85245285,0.87891366,0.90368909,0.92554594,0.94340817,0.95643251,0.96407213,0.96611996,0.96272520,0.95437906,0.94186987,0.92621180,0.90855517,0.89008942,0.87195070,0.85514511,0.84049524,0.82861331,0.81989955,0.81456016,0.81263698,0.81404032,0.81857731,0.82597124,0.83587071,0.84785114,0.86141452,0.87599393,0.89096885,0.90569424,0.91954252,0.93195357,0.94248491,0.95085305,0.95695768,0.96088299,0.96287456,0.96329524,0.96256745,0.96111263,0.95929879,0.95740523,0.95560938,0.95399568,0.95258172,0.95135335,0.95029904,0.94943458,0.94881193,0.94851023,0.94861176,0.94916947,0.95017495,0.95153566,0.95306755,0.95450527
0.97841248,0.97222089,0.96425846,0.95516852,0.94551893,0.93573221,0.92605794,0.91659217,0.90733828,0.89829371,0.88954025,0.88131377,0.87403334,0.86827944,0.86472295,0.86401781,0.86667820,0.87296408,0.88279740,0.89572578,0.91094235,0.92736022,0.94373044,0.95878436,0.97137717,0.98061088,0.98591982,0.98710984,0.98435086,0.97812949,0.96917316,0.95836000,0.94662777,0.93489337,0.92398969,0.91462231,0.90734393,0.90254217,0.90043569,0.90107470,0.90434411,0.90996986,0.91753067,0.92647816,0.93616798,0.94590273,0.95498518,0.96277730,0.96875865,0.97257609,0.97407748,0.97332377,0.97057691,0.96626440,0.96092517,0.95514409,0.94948423,0.94442622,0.94032236,0.93737073,0.93561087,0.93493958,0.93514235,0.93593417,0.93700312,0.93805040,0.93882232,0.93913153,0.93886747,0.93799727,0.93655953,0.93465369,0.93242719,0.93006178,0.92775954,0.92572830,0.92416573,0.92324155,0.92307840,0.92373285,0.92517948,0.92730122,0.92988916,0.93265364,0.93524712,0.93729722,0.93844709,0.93839814,0.93694965,0.93402944,0.92971044,0.92421041,0.91787425,0.91114118,0.90450106,0.89844514,0.89341662,0.88976611,0.88771565,0.88733406
0.92891583,0.93605543,0.94438883,0.95344479,0.96255345,0.97096244,0.97795419,0.98294409,0.98554668,0.98560512,0.98318745,0.97855804,0.97213427,0.96443807,0.95604903,0.94756227,0.93955076,0.93252927,0.92691751,0.92300249,0.92090466,0.92055553,0.92169494,0.92389326,0.92659806,0.92919928,0.93110241,0.93179767,0.93091337,0.92824450,0.92375216,0.91753574,0.90978590,0.90073153,0.89059491,0.87956646,0.86780409,0.85545463,0.84268836,0.82973378,0.81689981,0.80457515,0.79320065,0.78321772,0.77500265,0.76880234,0.76468761,0.76253700,0.76205699,0.76283519,0.76441551,0.76637849,0.76840879,0.77033455,0.77212983,0.77387989,0.77571859,0.77775453,0.78000540,0.78235895,0.78457174,0.78630770,0.78720858,0.78698014,0.78547393,0.78274494,0.77907016,0.77492231,0.77090287,0.76764860,0.76573165,0.76557483,0.76739919,0.77121313,0.77684209,0.78398858,0.79230576,0.80146543,0.81120335,0.82133156,0.83171640,0.84223081,0.85269730,0.86284073,0.87226851,0.88048818,0.88696316,0.89119720,0.89283015,0.89172399,0.88801862,0.88214253,0.87477292,0.86675073,0.85896673,0.85224109,0.84721999,0.84430804,0.84364571,0.84513074
0.93034258,0.92863285,0.92924501,0.93251146,0.93852225,0.94706920,0.95760693,0.96924953,0.98081809,0.99094536,0.99823091,1.00142755,0.99962978,0.99243166,0.98002419,0.96321237,0.94334544,0.92216908,0.90162151,0.88360442,0.86976282,0.86130464,0.85888219,0.86254555,0.87176524,0.88551093,0.90236713,0.92066570,0.93861914,0.95444458,0.96647530,0.97326088,0.97365889,0.96691947,0.95276029,0.93142492,0.90371365,0.87097435,0.83504277,0.79812726,0.76264146,0.73099768,0.70538280,0.68754325,0.67860666,0.67896377,0.68822635,0.70526621,0.72832989,0.75521332,0.78347437,0.81065788,0.83450895,0.85315467,0.86524074,0.87001586,0.86736290,0.85777985,0.84231672,0.82247580,0.80008354,0.77714231,0.75567078,0.73754246,0.72433309,0.71718920,0.71673015,0.72299449,0.73543807,0.75298548,0.77413105,0.79707932,0.81991086,0.84075608,0.85795943,0.87021749,0.87667916,0.87700092,0.87135660,0.86040547,0.84522559,0.82722021,0.80800529,0.78928537,0.77272506,0.75982329,0.75179763,0.74948643,0.75327656,0.76306511,0.77826214,0.79783886,0.82042038,0.84441562,0.86817017,0.89012330,0.90894925,0.92366488,0.93369143,0.93886448
0.98210153,0.97649728,0.96868532,0.95919476,0.94864563,0.93776573,0.92736691,0.91827752,0.91124287,0.90681664,0.90527121,0.90655137,0.91028486,0.91584946,0.92248262,0.92941017,0.93596771,0.94169082,0.94635852,0.94998585,0.95277306,0.95502787,0.95708143,0.95921656,0.96162035,0.96436456,0.96740951,0.97062220,0.97379827,0.97667961,0.97896419,0.98031017,0.98034114,0.97866157,0.97489021,0.96871378,0.95995655,0.94865365,0.93511169,0.91993923,0.90403394,0.88852041,0.87464234,0.86362256,0.85651174,0.85405000,0.85656488,0.86392200,0.87553608,0.89043823,0.90738692,0.92500307,0.94190858,0.95684931,0.96878949,0.97697139,0.98094157,0.98055017,0.97593273,0.96748292,0.95582206,0.94176648,0.92629019,0.91047803,0.89546506,0.88236079,0.87216142,0.86565834,0.86335475,0.86540417,0.87158279,0.88130363,0.89367356,0.90758728,0.92184582,0.93528290,0.94688173,0.95586687,0.96176100,0.96440273,0.96392810,0.96072369,0.95536198,0.94853011,0.94096160,0.93337698,0.92643618,0.92070190,0.91661200,0.91445878,0.91437435,0.91632319,0.92010461,0.92536771,0.93164068,0.93837369,0.94499168,0.95095090,0.95579091,0.95917368
0.89481742,0.90083910,0.91001488,0.92166142,0.93481755,0.94836725,0.96118854,0.97230543,0.98101665,0.98697747,0.99021901,0.99110260,0.99022037,0.98826411,0.98589004,0.98360562,0.98169835,0.98021614,0.97899760,0.97774073,0.97609105,0.97372823,0.97043278,0.96612148,0.96084913,0.95478312,0.94816272,0.94125687,0.93433211,0.92763670,0.92140126,0.91584998,0.91121341,0.90773304,0.90565056,0.90517964,0.90646370,0.90952842,0.91424053,0.92028450,0.92716570,0.93424325,0.94078969,0.94606866,0.94941844,0.95032788,0.94849343,0.94384981,0.93657183,0.92704990,0.91584536,0.90363389,0.89114503,0.87910437,0.86818249,0.85895186,0.85185198,0.84716218,0.84498270,0.84522549,0.84761736,0.85171776,0.85695265,0.86266399,0.86817148,0.87284034,0.87614653,0.87772981,0.87742630,0.87527538,0.87150077,0.86647001,0.86064059,0.85450231,0.84852554,0.84312271,0.83862674,0.83528634,0.83327369,0.83269736,0.83361316,0.83602720,0.83988969,0.84508248,0.85140644,0.85857634,0.86622988,0.87395439,0.88133057,0.88798777,0.89366096,0.89823723,0.90177973,0.90452090,0.90682302,0.90911138,0.91179168,0.91516699,0.91936988,0.92432265
0.98027570,0.97703296,0.97384550,0.97091447,0.96819676,0.96547582,0.96246004,0.95888953,0.95463059,0.94974001,0.94448647,0.93932495,0.93482914,0.93159564,0.93013866,0.93079493,0.93365533,0.93853435,0.94498151,0.95233239,0.95979109,0.96653089,0.97179725,0.97499708,0.97576154,0.97397490,0.96976918,0.96348964,0.95564046,0.94682127,0.93766457,0.92878209,0.92072498,0.91395943,0.90885564,0.90568565,0.90462438,0.90574903,0.90903426,0.91434341,0.92141878,0.92987573,0.93920584,0.94879371,0.95794963,0.96595780,0.97213597,0.97589988,0.97682374,0.97468819,0.96950845,0.96153823,0.95124866,0.93928474,0.92640552,0.91341578,0.90109826,0.89015440,0.88115948,0.87453509,0.87053862,0.86926718,0.87067163,0.87457596,0.88069809,0.88866944,0.89805232,0.90835627,0.91905511,0.92960679,0.93947732,0.94816855,0.95524790,0.96037699,0.96333522,0.96403450,0.96252202,0.95896972,0.95365158,0.94691196,0.93913017,0.93068709,0.92193876,0.91320016,0.90474011,0.89678588,0.88953413,0.88316394,0.87784696,0.87375082,0.87103346,0.86982874,0.87022577,0.87224635,0.87582546,0.88079854,0.88689846,0.89376248,0.90094849,0.90795779
0.78787277,0.79998466,0.81591314,0.83476835,0.85537297,0.87641086,0.89658806,0.91478290,0.93016259,0.94224832,0.95092010,0.95636476,0.95898182,0.95927001,0.95771930,0.95472956,0.95056931,0.94537841,0.93920875,0.93208887,0.92409366,0.91539886,0.90630500,0.89722312,0.88862555,0.88097429,0.87464537,0.86986795,0.86669341,0.86500167,0.86454374,0.86501092,0.86611472,0.86765917,0.86958836,0.87199784,0.87510711,0.87919937,0.88454242,0.89130858,0.89951127,0.90897184,0.91932347,0.93005078,0.94055653,0.95024161,0.95858240,0.96519153,0.96985225,0.97252343,0.97331808,0.97246349,0.97025360,0.96700408,0.96301792,0.95856547,0.95387849,0.94915400,0.94456220,0.94025241,0.93635327,0.93296605,0.93015318,0.92792647,0.92624035,0.92499481,0.92405013,0.92325255,0.92246666,0.92160790,0.92066842,0.91973002,0.91896087,0.91859562,0.91890180,0.92013848,0.92251406,0.92615077,0.93106120,0.93713985,0.94416901,0.95183633,0.95975936,0.96751290,0.97465577,0.98075527,0.98540924,0.98826683,0.98904934,0.98757211,0.98376688,0.97770212,0.96959672,0.95982211,0.94888801,0.93740979,0.92605832,0.91549676,0.90631138,0.89894545
0.83666415,0.83361578,0.83060860,0.82775480,0.82513032,0.82282306,0.82096811,0.81976195,0.81945223,0.82030482,0.82255533,0.82635542,0.83172655,0.83853225,0.84647641,0.85512972,0.86398030,0.87249968,0.88021231,0.88675630,0.89192473,0.89568076,0.89814485,0.89955767,0.90022701,0.90046976,0.90056005,0.90069242,0.90096459,0.90137991,0.90186524,0.90229770,0.90253277,0.90242712,0.90185197,0.90069560,0.89885734,0.89623735,0.89272803,0.88821210,0.88257023,0.87569853,0.86753290,0.85807550,0.84741758,0.83575355,0.82338263,0.81069707,0.79815799,0.78626257,0.77550690,0.76634962,0.75918051,0.75429665,0.75188726,0.75202677,0.75467469,0.75968071,0.76679361,0.77567359,0.78590782,0.79702981,0.80854256,0.81994553,0.83076384,0.84057788,0.84905006,0.85594569,0.86114494,0.86464452,0.86654891,0.86705337,0.86642149,0.86496110,0.86300145,0.86087390,0.85889682,0.85736428,0.85653724,0.85663527,0.85782722,0.86022017,0.86384748,0.86865833,0.87451218,0.88118147,0.88836480,0.89571083,0.90285118,0.90943821,0.91518241,0.91988334,0.92344840,0.92589572,0.92734021,0.92796520,0.92798516,0.92760629,0.92699202,0.92623854
0.96922971,0.97218501,0.97462145,0.97674510,0.97876347,0.98083462,0.98302292,0.98527568,0.98742976,0.98924894,0.99048396,0.99093979,0.99053233,0.98931959,0.98749915,0.98537199,0.98328050,0.98153384,0.98033680,0.97973792,0.97960895,0.97966148,0.97949754,0.97868380,0.97683338,0.97367869,0.96912145,0.96325180,0.95633516,0.94877116,0.94103415,0.93360724,0.92692218,0.92131497,0.91700283,0.91408258,0.91254583,0.91230337,0.91321071,0.91508806,0.91773109,0.92091256,0.92437769,0.92783892,0.93097620,0.93344807,0.93491562,0.93507829,0.93371629,0.93073205,0.92618218,0.92029226,0.91344958,0.90617240,0.89905916,0.89272440,0.88773138,0.88453161,0.88342081,0.88451685,0.88776175,0.89294498,0.89974187,0.90775892,0.91657714,0.92578655,0.93500748,0.94389826,0.95215248,0.95949107,0.96565581,0.97040941,0.97354544,0.97490769,0.97441555,0.97208917,0.96806701,0.96260941,0.95608405,0.94893336,0.94162788,0.93461297,0.92825829,0.92281912,0.91841674,0.91504122,0.91257545,0.91083491,0.90961418,0.90873035,0.90805425,0.90752393,0.90713883,0.90693795,0.90696851,0.90725367,0.90776769,0.90842453,0.90908249,0.90956283
0.85761469,0.86771152,0.87915299,0.89175126,0.90505380,0.91836533,0.93083272,0.94157940,0.94986237,0.95521716,0.95755650,0.95719773,0.95481103,0.95129817,0.94762778,0.94466144,0.94300624,0.94292291,0.94430668,0.94674281,0.94962271,0.95229408,0.95421099,0.95505119,0.95477651,0.95362621,0.95204899,0.95059231,0.94977580,0.94997716,0.95135446,0.95381959,0.95706547,0.96063771,0.96403202,0.96679388,0.96859825,0.96929358,0.96890397,0.96759369,0.96560659,0.96319757,0.96057370,0.95785822,0.95508421,0.95221633,0.94919193,0.94596807,0.94256022,0.93906116,0.93563446,0.93248391,0.92980698,0.92774454,0.92634022,0.92552071,0.92510317,0.92482920,0.92441875,0.92363222,0.92232705,0.92049633,0.91828079,0.91595149,0.91386676,0.91241229,0.91193609,0.91269070,0.91479261,0.91820458,0.92274188,0.92809850,0.93388616,0.93967767,0.94504648,0.94959714,0.95298458,0.95492362,0.95519235,0.95363383,0.95015953,0.94475592,0.93749326,0.92853374,0.91813501,0.90664536,0.89448799,0.88213409,0.87006709,0.85874299,0.84855315,0.83979574,0.83266000,0.82722480,0.82346939,0.82129213,0.82053160,0.82098516,0.82242144,0.82458543
0.97146056,0.96820977,0.96435682,0.96005836,0.95535084,0.95017089,0.94439800,0.93791260,0.93065968,0.92270583,0.91427772,0.90577254,0.89773557,0.89080662,0.88564274,0.88282936,0.88279409,0.88573712,0.89158993,0.90000957,0.91041039,0.92202821,0.93400657,0.94549036,0.95571149,0.96405420,0.97009219,0.97359651,0.97451833,0.97295519,0.96911089,0.96325904,0.95571763,0.94683790,0.93700575,0.92664983,0.91624818,0.90632491,0.89743167,0.89011215,0.88485329,0.88203032,0.88185565,0.88434194,0.88928727,0.89628708,0.90477182,0.91406484,0.92345121,0.93224650,0.93985539,0.94581276,0.94980362,0.95166298,0.95136009,0.94897393,0.94466717,0.93866435,0.93123702,0.92269595,0.91338715,0.90368760,0.89399638,0.88471841,0.87624051,0.86890238,0.86296719,0.85859799,0.85584524,0.85464898,0.85485586,0.85624801,0.85857832,0.86160499,0.86511888,0.86895858,0.87301110,0.87719947,0.88146161,0.88572741,0.88990046,0.89385007,0.89741560,0.90042196,0.90270232,0.90412240,0.90460065,0.90411991,0.90272844,0.90053078,0.89767172,0.89431827,0.89064480,0.88682510,0.88303251,0.87944615,0.87625872,0.87367991,0.87193003,0.87122003
0.95272769,0.95594006,0.95839343,0.95990426,0.96021153,0.95906044,0.95629395,0.95193240,0.94622389,0.93965258,0.93289990,0.92676258,0.92204024,0.91941235,0.91932667,0.92191912,0.92697909,0.93396619,0.94207622,0.95034746,0.95779199,0.96353279,0.96692520,0.96764325,0.96571700,0.96151608,0.95568427,0.94903774,0.94244480,0.93670610,0.93245270,0.93007584,0.92969630,0.93117463,0.93415593,0.93813724,0.94254286,0.94679361,0.95036014,0.95279603,0.95375160,0.95297377,0.95029954,0.94565097,0.93903746,0.93056760,0.92046782,0.90910101,0.89697590,0.88473852,0.87314020,0.86298180,0.85503916,0.84997978,0.84828385,0.85018314,0.85562957,0.86429969,0.87563508,0.88891133,0.90332317,0.91807060,0.93243197,0.94581315,0.95776810,0.96799188,0.97629326,0.98255774,0.98671335,0.98870934,0.98851364,0.98612878,0.98162067,0.97515075,0.96700082,0.95758137,0.94741769,0.93711350,0.92729660,0.91855637,0.91138465,0.90613145,0.90298326,0.90196653,0.90297310,0.90579959,0.91019064,0.91587576,0.92259214,0.93009027,0.93812363,0.94642876,0.95470463,0.96260061,0.96972008,0.97564249,0.97996114,0.98232968,0.98250724,0.98039190
0.92619207,0.92495848,0.92229359,0.91875430,0.91469256,0.91018332,0.90503934,0.89891108,0.89144772,0.88247783,0.87216132,0.86106948,0.85016767,0.84069839,0.83398667,0.83120679,0.83315755,0.84009121,0.85163004,0.86678681,0.88408493,0.90175426,0.91796480,0.93105556,0.93972036,0.94312530,0.94094902,0.93335290,0.92090019,0.90444911,0.88504424,0.86382470,0.84195861,0.82060307,0.80088084,0.78386107,0.77053162,0.76175596,0.75821428,0.76033610,0.76823691,0.78167334,0.80002981,0.82234414,0.84737290,0.87368894,0.89979801,0.92425812,0.94578596,0.96333844,0.97616289,0.98381580,0.98615466,0.98331087,0.97565266,0.96374528,0.94831286,0.93020292,0.91035159,0.88974637,0.86938399,0.85022265,0.83313101,0.81883818,0.80789107,0.80062540,0.79715533,0.79738384,0.80103238,0.80768416,0.81683366,0.82793391,0.84043504,0.85381043,0.86757026,0.88126522,0.89448498,0.90685671,0.91804819,0.92777814,0.93583332,0.94208921,0.94652846,0.94925111,0.95047167,0.95050118,0.94971579,0.94851639,0.94728569,0.94634937,0.94594734,0.94621867,0.94720119,0.94884353,0.95102484,0.95357602,0.95629700,0.95896655,0.96134444,0.96316839
0.82865358,0.83597861,0.84481614,0.85441936,0.86376313,0.87177445,0.87758088,0.88071964,0.88125953,0.87980720,0.87739662,0.87528682,0.87471327,0.87664639,0.88160661,0.88957045,0.89998092,0.91185356,0.92395142,0.93499081,0.94383750,0.94965892,0.95201029,0.95084836,0.94648151,0.93947663,0.93054844,0.92045599,0.90992406,0.89959773,0.89002795,0.88167855,0.87494165,0.87014891,0.86757055,0.86739955,0.86972464,0.87449998,0.88152152,0.89041928,0.90067118,0.91163928,0.92262371,0.93292579,0.94191017,0.94905654,0.95399462,0.95651968,0.95659024,0.95431205,0.94991422,0.94372334,0.93613943,0.92761566,0.91864079,0.90972189,0.90136435,0.89404747,0.88819562,0.88414737,0.88212687,0.88222235,0.88437624,0.88838993,0.89394364,0.90062905,0.90799011,0.91556579,0.92292839,0.92971272,0.93563333,0.94049004,0.94416436,0.94661061,0.94784603,0.94794302,0.94702474,0.94526360,0.94287992,0.94013760,0.93733330,0.93477721,0.93276543,0.93154670,0.93128811,0.93204622,0.93374938,0.93619600,0.93907044,0.94197542,0.94447672,0.94615360,0.94664759,0.94570210,0.94318736,0.93910784,0.93359266,0.92687247,0.91924810,0.91105662
0.95751556,0.95743894,0.95715874,0.95672088,0.95609086,0.95516391,0.95378829,0.95180212,0.94908107,0.94558987,0.94142714,0.93685186,0.93228187,0.92825966,0.92538734,0.92423868,0.92526197,0.92869004,0.93447514,0.94226282,0.95141334,0.96106970,0.97026218,0.97803158,0.98354979,0.98621760,0.98572493,0.98206674,0.97551632,0.96656552,0.95584651,0.94405149,0.93186505,0.91991862,0.90876935,0.89889914,0.89072404,0.88460268,0.88083379,0.87963761,0.88112171,0.88523812,0.89174299,0.90017152,0.90983954,0.91987808,0.92930119,0.93709998,0.94235062,0.94432026,0.94255514,0.93693770,0.92770489,0.91542634,0.90094751,0.88530730,0.86964236,0.85508982,0.84269837,0.83335422,0.82772482,0.82622074,0.82897372,0.83582904,0.84635086,0.85984109,0.87537323,0.89184308,0.90803657,0.92271234,0.93469395,0.94296368,0.94674861,0.94558938,0.93938317,0.92839526,0.91323757,0.89481698,0.87426054,0.85282727,0.83181657,0.81248184,0.79595512,0.78318565,0.77489315,0.77153517,0.77328734,0.78003593,0.79138316,0.80666707,0.82499837,0.84531621,0.86646206,0.88726724,0.90664590,0.92368217,0.93769997,0.94830538,0.95539516,0.95913015
0.97909230,0.97476652,0.96793249,0.95941119,0.94979109,0.93947465,0.92878903,0.91811477,0.90798367,0.89910842,0.89232801,0.88847828,0.88821930,0.89186411,0.89925455,0.90971938,0.92213117,0.93505580,0.94696727,0.95648596,0.96259318,0.96478083,0.96310939,0.95816719,0.95094419,0.94264900,0.93450706,0.92757806,0.92262297,0.92003804,0.91985761,0.92181345,0.92542925,0.93012561,0.93531407,0.94046579,0.94515002,0.94904580,0.95193622,0.95369696,0.95428879,0.95375878,0.95224915,0.95000671,0.94738359,0.94482037,0.94280674,0.94182100,0.94225585,0.94434315,0.94809311,0.95326209,0.95935935,0.96569553,0.97146771,0.97586805,0.97819855,0.97797278,0.97498821,0.96935829,0.96150032,0.95208324,0.94194518,0.93199499,0.92311283,0.91606265,0.91142548,0.90955713,0.91056954,0.91433206,0.92048759,0.92847921,0.93758468,0.94695807,0.95568002,0.96281812,0.96749802,0.96898265,0.96675348,0.96058391,0.95059331,0.93727050,0.92145832,0.90429600,0.88712231,0.87134878,0.85831801,0.84916498,0.84469983,0.84532731,0.85101255,0.86129558,0.87534940,0.89207046,0.91018672,0.92836776,0.94532416,0.95988768,0.97106995,0.97810136
0.95574254,0.95144764,0.94806939,0.94563080,0.94411302,0.94352706,0.94394026,0.94545123,0.94812397,0.95190637,0.95656434,0.96165888,0.96658040,0.97063813,0.97318609,0.97375657,0.97216858,0.96858315,0.96348881,0.95761687,0.95180331,0.94682794,0.94326773,0.94139749,0.94115859,0.94219922,0.94397262,0.94586707,0.94733609,0.94799936,0.94769365,0.94646642,0.94451923,0.94212122,0.93951914,0.93687044,0.93421748,0.93150830,0.92865542,0.92561351,0.92245091,0.91939187,0.91681327,0.91519145,0.91500796,0.91663438,0.92022298,0.92563023,0.93239334,0.93976824,0.94682397,0.95257571,0.95613109,0.95682178,0.95429643,0.94855987,0.93995526,0.92909761,0.91677641,0.90384948,0.89114901,0.87941475,0.86926057,0.86117075,0.85551575,0.85257304,0.85253963,0.85552772,0.86154167,0.87044229,0.88191022,0.89542300,0.91025879,0.92553456,0.94027853,0.95352833,0.96443936,0.97238476,0.97702885,0.97836103,0.97668438,0.97256204,0.96673196,0.96000601,0.95317105,0.94690780,0.94173768,0.93800118,0.93586419,0.93534364,0.93634169,0.93867829,0.94211543,0.94637039,0.95112037,0.95600351,0.96062333,0.96456220,0.96740654,0.96878218
0.91208564,0.91267771,0.91435112,0.91691801,0.92012073,0.92370805,0.92747565,0.93126004,0.93489158,0.93812761,0.94059537,0.94177330,0.94102874,0.93771311,0.93129879,0.92152865,0.90854294,0.89295012,0.87581782,0.85857611,0.84284467,0.83021300,0.82201463,0.81913768,0.82190606,0.83004963,0.84276325,0.85883774,0.87683383,0.89526569,0.91276255,0.92818590,0.94069233,0.94974584,0.95509383,0.95672662,0.95483873,0.94980361,0.94216405,0.93263132,0.92208000,0.91152375,0.90206049,0.89478370,0.89066596,0.89043108,0.89443729,0.90259570,0.91434341,0.92868183,0.94427846,0.95961898,0.97318668,0.98364161,0.98997218,0.99159781,0.98841083,0.98075727,0.96936634,0.95524593,0.93956396,0.92353412,0.90831921,0.89495850,0.88431887,0.87706428,0.87363625,0.87423885,0.87882536,0.88708810,0.89845713,0.91211561,0.92703886,0.94206143,0.95597044,0.96761771,0.97603731,0.98055199,0.98085176,0.97703139,0.96957973,0.95932149,0.94731969,0.93475282,0.92278465,0.91244432,0.90453217,0.89956081,0.89773498,0.89896704,0.90292054,0.90907149,0.91677706,0.92534231,0.93407866,0.94235073,0.94961072,0.95542204,0.95947403,0.96158939
0.86708799,0.86906899,0.87212226,0.87581424,0.87959615,0.88295146,0.88553926,0.88729705,0.88847395,0.88958163,0.89127149,0.89416625,0.89868680,0.90491639,0.91253552,0.92084400,0.92886747,0.93552664,0.93983436,0.94107837,0.93895127,0.93360051,0.92559034,0.91578772,0.90520078,0.89480728,0.88540921,0.87754085,0.87144307,0.86710056,0.86432466,0.86285554,0.86245481,0.86296533,0.86432552,0.86653959,0.86961731,0.87350517,0.87803204,0.88288781,0.88764402,0.89181380,0.89493786,0.89667575,0.89687957,0.89563137,0.89323428,0.89015856,0.88695463,0.88415246,0.88216932,0.88124500,0.88141689,0.88253710,0.88432464,0.88643744,0.88854591,0.89039105,0.89181580,0.89276647,0.89326938,0.89339394,0.89321596,0.89279378,0.89216497,0.89136444,0.89045721,0.88957402,0.88893554,0.88885329,0.88970135,0.89186075,0.89564598,0.90122895,0.90857744,0.91742355,0.92727178,0.93744846,0.94718495,0.95571974,0.96240035,0.96676593,0.96859696,0.96792526,0.96500687,0.96026726,0.95423319,0.94746644,0.94051202,0.93386756,0.92797379,0.92321916,0.91994768,0.91845847,0.91898875,0.92167801,0.92651814,0.93330057,0.94157503,0.95063494
0.92274153,0.92181539,0.92041906,0.91847247,0.91591953,0.91278214,0.90919607,0.90542206,0.90183012,0.89885986,0.89696355,0.89654165,0.89788187,0.90111170,0.90617185,0.91281392,0.92062163,0.92905191,0.93748976,0.94531037,0.95194118,0.95691721,0.95992385,0.96082282,0.95965929,0.95665077,0.95216002,0.94665593,0.94066691,0.93473175,0.92935267,0.92495512,0.92185782,0.92025517,0.92021261,0.92167384,0.92447756,0.92838081,0.93308555,0.93826562,0.94359145,0.94875114,0.95346704,0.95750821,0.96069937,0.96292734,0.96414550,0.96437637,0.96371176,0.96230933,0.96038441,0.95819580,0.95602546,0.95415290,0.95282652,0.95223520,0.95248423,0.95357922,0.95542126,0.95781497,0.96048909,0.96312744,0.96540596,0.96703062,0.96777077,0.96748314,0.96612399,0.96374808,0.96049620,0.95657410,0.95222712,0.94771529,0.94329276,0.93919393,0.93562655,0.93277019,0.93077717,0.92977294,0.92985365,0.93107969,0.93346545,0.93696722,0.94147187,0.94679008,0.95265747,0.95874619,0.96468688,0.97009930,0.97462708,0.97797162,0.97991974,0.98036081,0.97929071,0.97680194,0.97306163,0.96828098,0.96268153,0.95646373,0.94978256,0.94273312
0.95782225,0.95611985,0.95602183,0.95748899,0.96013239,0.96332174,0.96634311,0.96857153,0.96961878,0.96942083,0.96824306,0.96660180,0.96512145,0.96436247,0.96466152,0.96602160,0.96807834,0.97015168,0.97137419,0.97086983,0.96794535,0.96225245,0.95388445,0.94338601,0.93167382,0.91988603,0.90919305,0.90060853,0.89483779,0.89219066,0.89257135,0.89554133,0.90043641,0.90650886,0.91306248,0.91955266,0.92563412,0.93115297,0.93609317,0.94049787,0.94438990,0.94771422,0.95031711,0.95196677,0.95240808,0.95143587,0.94896558,0.94508151,0.94004826,0.93428007,0.92827374,0.92251909,0.91740686,0.91315404,0.90976262,0.90701964,0.90453727,0.90182307,0.89836438,0.89370922,0.88752765,0.87964376,0.87003578,0.85880974,0.84615810,0.83231688,0.81753369,0.80205439,0.78612986,0.77003824,0.75411325,0.73876709,0.72449713,0.71186956,0.70147878,0.69388824,0.68956327,0.68880952,0.69172909,0.69820286,0.70790148,0.72032191,0.73484162,0.75078016,0.76745716,0.78423825,0.80056389,0.81596162,0.83004641,0.84251687,0.85315422,0.86182848,0.86851109,0.87328947,0.87637580,0.87810218,0.87889620,0.87923472,0.87957881,0.88029814
0.93973787,0.93131209,0.92389037,0.91810376,0.91446006,0.91330744,0.91480336,0.91889445,0.92531336,0.93359770,0.94313236,0.95321135,0.96311082,0.97216165,0.97980987,0.98565593,0.98946804,0.99117036,0.99081160,0.98852366,0.98448150,0.97887457,0.97189657,0.96375443,0.95469140,0.94501451,0.93511492,0.92547118,0.91662948,0.90916081,0.90360067,0.90038141,0.89977033,0.90182585,0.90638115,0.91305892,0.92131396,0.93049511,0.93991389,0.94890736,0.95688529,0.96335630,0.96793341,0.97032421,0.97031452,0.96775494,0.96255839,0.95471235,0.94430423,0.93155324,0.91683879,0.90071437,0.88389836,0.86723752,0.85164453,0.83801691,0.82714873,0.81964891,0.81587885,0.81591884,0.81956716,0.82637003,0.83567518,0.84669884,0.85859501,0.87051779,0.88167053,0.89134006,0.89891785,0.90391283,0.90596162,0.90484069,0.90048250,0.89299417,0.88267371,0.87001723,0.85571041,0.84059949,0.82564071,0.81183143,0.80012999,0.79137404,0.78620818,0.78503055,0.78796508,0.79486184,0.80532348,0.81875185,0.83440647,0.85146635,0.86908788,0.88645398,0.90281241,0.91750361,0.92997985,0.93981817,0.94672938,0.95056409,0.95131527,0.94911551
0.92499620,0.92004579,0.91737503,0.91781785,0.92172987,0.92890518,0.93860051,0.94966537,0.96075223,0.97056218,0.97807246,0.98269714,0.98434955,0.98339913,0.98053996,0.97660657,0.97238174,0.96843922,0.96505393,0.96219470,0.95959468,0.95687610,0.95369404,0.94986112,0.94542231,0.94066353,0.93605565,0.93215098,0.92945996,0.92833891,0.92891508,0.93106531,0.93445093,0.93859767,0.94299938,0.94721950,0.95096665,0.95412843,0.95675906,0.95902770,0.96114350,0.96327744,0.96550070,0.96775362,0.96985083,0.97151889,0.97245500,0.97239111,0.97114775,0.96866600,0.96501263,0.96036049,0.95495236,0.94905969,0.94294776,0.93685534,0.93099189,0.92554937,0.92072084,0.91671605,0.91376508,0.91210445,0.91194565,0.91343126,0.91658822,0.92128972,0.92723625,0.93396314,0.94087579,0.94730848,0.95259684,0.95615190,0.95752306,0.95644083,0.95283430,0.94682405,0.93869549,0.92886087,0.91781871,0.90611809,0.89433191,0.88303907,0.87281199,0.86420331,0.85772601,0.85382336,0.85282898,0.85492168,0.86008290,0.86806623,0.87838759,0.89034208,0.90304886,0.91552054,0.92674865,0.93579309,0.94186306,0.94437825,0.94300412,0.93765978
0.95382050,0.95109360,0.95000645,0.95068299,0.95300974,0.95667402,0.96121647,0.96609513,0.97075747,0.97471449,0.97760845,0.97926382,0.97971201,0.97918319,0.97806415,0.97682683,0.97593804,0.97576487,0.97649234,0.97806881,0.98019122,0.98233509,0.98382619,0.98394227,0.98202697,0.97759600,0.97041752,0.96055444,0.94836385,0.93445655,0.91962596,0.90476007,0.89075107,0.87841595,0.86843669,0.86132318,0.85739599,0.85678241,0.85941806,0.86504814,0.87322650,0.88331527,0.89449134,0.90576804,0.91603956,0.92415257,0.92900392,0.92965677,0.92546113,0.91616069,0.90196703,0.88358537,0.86218262,0.83929735,0.81669991,0.79621943,0.77955935,0.76812507,0.76288552,0.76428432,0.77220872,0.78601517,0.80460319,0.82652389,0.85010771,0.87359653,0.89526844,0.91354723,0.92709304,0.93487390,0.93621985,0.93086154,0.91895340,0.90107900,0.87823429,0.85178393,0.82338753,0.79489619,0.76822423,0.74520573,0.72744899,0.71620450,0.71226175,0.71588773,0.72681470,0.74427841,0.76710065,0.79380455,0.82274746,0.85225562,0.88074643,0.90682761,0.92936704,0.94753184,0.96079952,0.96894696,0.97202436,0.97032039,0.96432273,0.95467575
0.92379459,0.91196206,0.89913573,0.88623445,0.87420975,0.86397616,0.85632486,0.85183521,0.85080214,0.85319557,0.85866198,0.86656882,0.87608320,0.88626970,0.89618972,0.90498623,0.91194308,0.91651450,0.91832747,0.91716566,0.91294630,0.90570147,0.89557100,0.88280873,0.86779733,0.85106300,0.83327955,0.81525366,0.79788702,0.78211708,0.76884313,0.75884880,0.75273339,0.75086354,0.75335236,0.76006788,0.77066666,0.78464350,0.80138655,0.82022741,0.84047882,0.86145755,0.88249399,0.90293425,0.92214193,0.93950626,0.95446085,0.96651363,0.97528415,0.98054173,0.98223591,0.98051187,0.97570564,0.96831831,0.95897225,0.94835618,0.93716746,0.92606010,0.91560469,0.90626368,0.89838156,0.89218661,0.88779924,0.88524153,0.88444426,0.88525030,0.88741577,0.89061254,0.89443671,0.89842650,0.90209166,0.90495320,0.90658966,0.90668355,0.90506041,0.90171359,0.89680964,0.89067310,0.88375316,0.87657767,0.86970179,0.86365874,0.85891845,0.85585784,0.85474385,0.85572795,0.85884900,0.86404076,0.87114093,0.87990013,0.88999154,0.90102298,0.91255382,0.92411795,0.93525204,0.94552645,0.95457427,0.96211379,0.96795952,0.97201892
0.94233273,0.94363156,0.94570833,0.94848889,0.95173111,0.95507109,0.95809748,0.96044007,0.96185461,0.96228537,0.96189080,0.96102456,0.96017413,0.95986800,0.96056952,0.96257812,0.96595667,0.97049879,0.97574210,0.98102562,0.98558173,0.98864760,0.98957748,0.98793763,0.98356880,0.97660794,0.96746808,0.95678282,0.94532681,0.93392596,0.92337070,0.91434320,0.90736558,0.90277214,0.90070392,0.90112077,0.90382405,0.90848298,0.91465976,0.92183127,0.92940836,0.93675562,0.94321523,0.94813811,0.95092355,0.95106632,0.94820724,0.94218071,0.93305087,0.92112856,0.90696277,0.89130443,0.87504454,0.85913302,0.84448802,0.83190743,0.82199448,0.81510775,0.81134200,0.81054164,0.81234289,0.81623654,0.82164041,0.82797001,0.83469783,0.84139409,0.84774606,0.85355673,0.85872745,0.86323190,0.86708924,0.87034321,0.87305083,0.87528052,0.87711655,0.87866492,0.88005541,0.88143599,0.88295743,0.88474910,0.88688952,0.88937808,0.89211550,0.89489999,0.89744307,0.89940508,0.90044553,0.90028060,0.89873778,0.89579830,0.89161896,0.88652837,0.88099665,0.87558244,0.87086528,0.86737449,0.86552549,0.86557267,0.86758363,0.87143566
0.95215254,0.95038397,0.94767543,0.94417989,0.93996667,0.93505208,0.92945990,0.92329531,0.91681019,0.91043782,0.90478117,0.90055040,0.89845787,0.89909032,0.90278377,0.90952735,0.91891676,0.93016882,0.94219688,0.95373522,0.96349145,0.97030123,0.97326035,0.97181575,0.96580600,0.95545223,0.94130868,0.92418725,0.90507166,0.88503459,0.86516668,0.84652046,0.83006709,0.81666067,0.80700447,0.80161573,0.80078953,0.80456610,0.81270905,0.82470221,0.83977155,0.85693475,0.87507600,0.89303865,0.90972424,0.92418490,0.93569703,0.94380764,0.94834980,0.94942836,0.94738183,0.94272852,0.93610608,0.92821254,0.91975447,0.91140477,0.90376996,0.89736502,0.89259361,0.88973245,0.88892027,0.89015295,0.89328724,0.89805528,0.90409062,0.91096477,0.91823049,0.92546615,0.93231443,0.93850908,0.94388584,0.94837700,0.95199218,0.95479071,0.95685214,0.95825103,0.95904121,0.95925163,0.95889342,0.95797429,0.95651475,0.95456005,0.95218361,0.94948063,0.94655384,0.94349630,0.94037671,0.93723262,0.93407463,0.93090187,0.92772564,0.92459515,0.92161757,0.91896459,0.91686047,0.91555053,0.91525420,0.91611066,0.91812795,0.92114610
0.96109653,0.96631756,0.97159645,0.97690774,0.98199997,0.98648109,0.98993208,0.99202029,0.99258605,0.99168378,0.98957158,0.98665561,0.98340598,0.98026600,0.97757589,0.97552664,0.97415124,0.97335079,0.97294537,0.97273451,0.97255197,0.97230214,0.97197172,0.97161674,0.97133081,0.97120457,0.97128727,0.97155996,0.97192635,0.97222234,0.97224107,0.97176682,0.97061015,0.96863753,0.96579105,0.96209672,0.95766196,0.95266484,0.94733824,0.94195171,0.93679312,0.93215112,0.92829796,0.92547212,0.92386056,0.92358119,0.92466789,0.92706058,0.93060341,0.93505282,0.94009596,0.94537798,0.95053510,0.95522885,0.95917661,0.96217385,0.96410531,0.96494449,0.96474314,0.96361415,0.96171219,0.95921576,0.95631358,0.95319613,0.95005175,0.94706499,0.94441426,0.94226616,0.94076494,0.94001784,0.94007870,0.94093387,0.94249481,0.94460077,0.94703333,0.94954197,0.95187747,0.95382808,0.95525202,0.95610033,0.95642515,0.95637137,0.95615240,0.95601408,0.95619309,0.95687726,0.95817461,0.96009627,0.96255530,0.96538063,0.96834244,0.97118351,0.97365061,0.97551995,0.97661287,0.97679997,0.97599483,0.97414082,0.97119583,0.96711972
0.98762246,0.98447212,0.97808690,0.96814465,0.95437973,0.93674444,0.91556318,0.89163606,0.86625791,0.84113721,0.81822154,0.79945787,0.78653012,0.78062198,0.78224731,0.79117664,0.80646951,0.82660278,0.84966898,0.87360965,0.89644633,0.91647713,0.93241674,0.94346980,0.94933994,0.95018639,0.94654580,0.93923813,0.92927194,0.91775822,0.90583564,0.89460506,0.88506957,0.87807725,0.87426660,0.87401760,0.87741417,0.88422457,0.89390635,0.90563993,0.91839099,0.93099721,0.94227034,0.95110188,0.95655990,0.95796667,0.95494933,0.94746033,0.93576768,0.92041902,0.90218566,0.88199442,0.86085492,0.83978890,0.81976642,0.80165245,0.78616594,0.77385297,0.76507427,0.76000670,0.75865682,0.76088377,0.76642834,0.77494450,0.78602992,0.79925201,0.81416693,0.83033027,0.84730024,0.86463618,0.88189615,0.89863770,0.91442456,0.92884053,0.94150982,0.95212166,0.96045514,0.96639992,0.96996805,0.97129364,0.97061943,0.96827189,0.96462890,0.96008544,0.95502234,0.94978219,0.94465480,0.93987228,0.93561210,0.93200482,0.92914259,0.92708452,0.92585693,0.92544818,0.92580012,0.92679951,0.92827325,0.92999036,0.93167224,0.93301094
0.94584303,0.94807465,0.95176177,0.95668717,0.96228710,0.96775249,0.97218088,0.97475123,0.97488676,0.97237183,0.96739747,0.96052605,0.95258390,0.94450634,0.93716909,0.93124128,0.92708857,0.92474355,0.92394547,0.92423739,0.92509601,0.92606322,0.92684861,0.92738013,0.92779369,0.92836785,0.92942290,0.93121143,0.93382799,0.93716001,0.94089177,0.94456047,0.94765162,0.94971155,0.95045095,0.94981539,0.94800663,0.94545012,0.94271638,0.94041390,0.93907686,0.93907087,0.94053475,0.94336810,0.94726352,0.95177337,0.95639389,0.96064721,0.96414425,0.96661771,0.96792285,0.96801212,0.96689553,0.96460128,0.96114977,0.95654913,0.95081411,0.94400277,0.93626010,0.92785477,0.91919594,0.91082168,0.90335679,0.89744543,0.89366993,0.89247043,0.89408051,0.89849039,0.90544424,0.91447102,0.92494238,0.93614583,0.94735964,0.95791709,0.96725125,0.97491736,0.98059487,0.98407594,0.98524843,0.98408129,0.98061759,0.97497689,0.96736466,0.95808354,0.94753927,0.93623492,0.92474929,0.91369949,0.90369188,0.89526877,0.88885986,0.88474638,0.88304340,0.88370173,0.88652697,0.89120986,0.89736021,0.90453694,0.91226886,0.92006454
0.98844677,0.98976988,0.98919688,0.98687350,0.98304031,0.97796651,0.97188287,0.96493408,0.95716727,0.94856472,0.93911536,0.92890678,0.91821103,0.90753647,0.89762537,0.88938859,0.88378336,0.88165306,0.88355845,0.88963517,0.89951049,0.91230285,0.92671129,0.94118246,0.95412573,0.96413675,0.97018898,0.97176023,0.96887544,0.96206333,0.95224077,0.94055153,0.92819284,0.91626303,0.90565520,0.89700926,0.89071895,0.88697843,0.88584529,0.88729662,0.89126005,0.89761196,0.90614606,0.91652603,0.92824192,0.94059095,0.95269771,0.96357935,0.97224912,0.97784149,0.97973506,0.97764860,0.97169004,0.96234720,0.95042132,0.93691566,0.92290070,0.90938113,0.89718847,0.88691537,0.87889809,0.87324229,0.86987844,0.86862862,0.86926585,0.87155228,0.87525010,0.88010825,0.88583548,0.89207489,0.89839427,0.90430246,0.90929391,0.91291564,0.91484309,0.91494774,0.91333908,0.91036832,0.90658895,0.90267929,0.89934070,0.89719124,0.89667544,0.89800733,0.90115620,0.90587535,0.91176474,0.91835192,0.92517271,0.93183427,0.93804903,0.94363583,0.94849319,0.95255680,0.95575643,0.95798708,0.95910360,0.95894149,0.95735790,0.95428104
0.89215295,0.88493183,0.87855111,0.87371131,0.87110102,0.87127447,0.87452664,0.88080147,0.88966275,0.90034107,0.91185061,0.92315090,0.93331717,0.94168173,0.94791645,0.95204134,0.95436191,0.95535404,0.95552715,0.95529984,0.95491761,0.95442958,0.95372475,0.95261268,0.95092252,0.94859141,0.94571786,0.94256639,0.93952358,0.93701831,0.93542885,0.93500204,0.93580640,0.93773099,0.94052913,0.94389374,0.94754260,0.95128953,0.95508165,0.95899202,0.96316937,0.96775786,0.97280845,0.97820616,0.98363421,0.98858703,0.99243261,0.99451237,0.99425799,0.99130075,0.98555039,0.97722790,0.96684663,0.95514740,0.94300261,0.93130945,0.92089220,0.91242932,0.90641265,0.90313752,0.90271542,0.90509648,0.91008927,0.91736954,0.92647590,0.93679799,0.94756806,0.95786927,0.96667159,0.97290048,0.97553509,0.97372469,0.96690546,0.95489711,0.93796035,0.91680204,0.89252416,0.86652269,0.84035208,0.81557620,0.79362805,0.77569703,0.76265535,0.75502697,0.75299412,0.75643044,0.76494729,0.77794092,0.79463285,0.81410196,0.83531285,0.85714837,0.87845398,0.89809823,0.91504757,0.92844801,0.93770084,0.94251813,0.94294476,0.93933845
0.95751037,0.95622869,0.95379419,0.95012299,0.94518247,0.93900802,0.93171848,0.92352927,0.91476051,0.90583656,0.89727353,0.88965231,0.88357694,0.87962063,0.87826450,0.87983646,0.88445838,0.89201007,0.90211674,0.91416419,0.92734252,0.94071490,0.95330462,0.96419026,0.97259749,0.97797616,0.98005302,0.97885410,0.97469443,0.96813752,0.95993006,0.95092060,0.94197186,0.93387692,0.92728786,0.92266354,0.92023973,0.92002198,0.92179876,0.92517062,0.92959044,0.93441030,0.93893092,0.94245107,0.94431525,0.94395865,0.94094870,0.93502230,0.92611662,0.91439090,0.90023505,0.88426180,0.86727924,0.85024339,0.83419244,0.82016745,0.80912657,0.80186141,0.79892479,0.80057812,0.80676464,0.81711108,0.83095714,0.84740843,0.86540619,0.88380607,0.90145789,0.91727976,0.93032164,0.93981552,0.94521186,0.94620313,0.94273614,0.93501412,0.92348876,0.90884101,0.89194916,0.87384307,0.85564462,0.83849648,0.82348324,0.81155122,0.80343462,0.79959647,0.80019190,0.80505900,0.81373886,0.82552237,0.83951799,0.85473178,0.87015039,0.88481789,0.89789870,0.90872177,0.91680418,0.92185561,0.92376806,0.92259626,0.91853427,0.91189174
0.95743231,0.96716757,0.97533389,0.98170928,0.98591901,0.98741349,0.98550399,0.97945823,0.96864310,0.95268796,0.93163393,0.90603450,0.87698141,0.84604478,0.81513354,0.78629769,0.76150412,0.74242191,0.73024990,0.72561085,0.72852356,0.73844945,0.75439742,0.77506181,0.79896684,0.82459454,0.85048244,0.87528719,0.89782000,0.91706532,0.93219596,0.94259519,0.94788995,0.94799167,0.94313441,0.93389569,0.92118635,0.90620006,0.89032140,0.87500020,0.86160770,0.85129517,0.84487629,0.84275131,0.84488403,0.85083300,0.85982925,0.87088535,0.88291669,0.89485637,0.90574907,0.91481543,0.92148569,0.92540708,0.92643328,0.92460547,0.92013223,0.91337215,0.90481823,0.89507991,0.88485679,0.87489923,0.86595428,0.85869970,0.85367364,0.85121075,0.85139675,0.85405180,0.85874878,0.86486610,0.87166824,0.87840158,0.88439024,0.88911697,0.89227716,0.89379954,0.89383310,0.89270595,0.89086618,0.88881695,0.88705741,0.88603759,0.88613043,0.88761938,0.89069594,0.89546046,0.90192039,0.90998327,0.91944544,0.92998094,0.94113751,0.95234666,0.96295294,0.97226338,0.97961287,0.98443647,0.98633644,0.98513165,0.98087925,0.97386348
0.83654312,0.84098170,0.84647133,0.85245947,0.85827310,0.86318967,0.86651326,0.86765076,0.86618280,0.86192312,0.85495891,0.84566488,0.83468522,0.82288219,0.81125418,0.80083161,0.79256242,0.78720167,0.78522037,0.78674764,0.79155636,0.79909629,0.80857088,0.81904567,0.82957089,0.83929796,0.84757191,0.85398637,0.85839558,0.86088542,0.86171284,0.86122802,0.85979543,0.85772895,0.85525135,0.85248274,0.84945532,0.84614645,0.84251906,0.83855780,0.83429235,0.82980323,0.82521133,0.82065630,0.81627233,0.81216999,0.80843092,0.80511802,0.80229908,0.80007705,0.79861750,0.79816291,0.79902612,0.80155938,0.80610139,0.81291037,0.82209499,0.83355695,0.84695761,0.86171731,0.87705027,0.89203141,0.90568578,0.91708693,0.92544973,0.93020433,0.93104237,0.92793185,0.92110246,0.91100805,0.89827552,0.88364977,0.86794304,0.85199303,0.83663035,0.82265214,0.81079698,0.80171613,0.79593906,0.79383403,0.79556824,0.80107465,0.81003345,0.82187582,0.83581464,0.85090296,0.86611539,0.88044317,0.89298977,0.90305357,0.91018599,0.91421774,0.91525118,0.91362206,0.90983837,0.90450663,0.89825698,0.89167695,0.88526055,0.87937529
0.96807398,0.97302770,0.97775194,0.98206379,0.98558518,0.98782841,0.98831022,0.98666996,0.98276654,0.97673239,0.96897201,0.96010449,0.95086146,0.94196212,0.93399084,0.92730182,0.92196847,0.91778569,0.91432286,0.91101619,0.90728267,0.90263497,0.89677689,0.88966398,0.88152035,0.87281161,0.86418116,0.85636283,0.85008495,0.84598035,0.84451350,0.84593194,0.85024460,0.85722562,0.86643962,0.87728208,0.88902854,0.90088677,0.91204798,0.92173454,0.92924347,0.93398518,0.93551699,0.93357066,0.92807243,0.91915442,0.90715563,0.89261153,0.87623127,0.85886211,0.84144193,0.82494169,0.81030143,0.79836420,0.78981352,0.78511987,0.78450184,0.78790673,0.79501406,0.80526339,0.81790500,0.83206921,0.84684702,0.86137353,0.87490441,0.88687667,0.89694677,0.90500174,0.91114293,0.91564588,0.91890295,0.92135825,0.92344417,0.92552820,0.92787552,0.93063000,0.93381302,0.93733667,0.94102671,0.94464965,0.94793929,0.95061943,0.95242219,0.95310306,0.95245536,0.95032658,0.94663762,0.94140395,0.93475565,0.92695152,0.91838198,0.90955608,0.90107004,0.89355758,0.88762631,0.88378765,0.88238997,0.88356469,0.88719375,0.89290333
0.83777815,0.84416762,0.85610400,0.87249063,0.89183659,0.91241617,0.93244256,0.95024161,0.96441107,0.97395139,0.97835518,0.97764536,0.97235705,0.96346479,0.95226286,0.94021223,0.92877082,0.91922578,0.91254675,0.90927752,0.90947982,0.91273721,0.91821867,0.92479325,0.93118010,0.93611363,0.93850284,0.93756548,0.93292208,0.92464034,0.91322691,0.89957035,0.88484472,0.87038723,0.85756482,0.84764365,0.84167263,0.84038900,0.84415097,0.85289970,0.86615158,0.88302042,0.90226848,0.92238495,0.94168928,0.95845512,0.97104840,0.97807000,0.97849056,0.97176362,0.95790312,0.93751358,0.91176557,0.88231492,0.85117125,0.82052810,0.79257242,0.76929450,0.75231927,0.74277687,0.74122455,0.74762499,0.76137879,0.78140249,0.80623949,0.83418927,0.86344071,0.89219830,0.91879324,0.94177540,0.95998515,0.97260561,0.97919633,0.97970861,0.97448143,0.96421591,0.94992645,0.93286779,0.91444015,0.89607861,0.87913600,0.86477200,0.85386108,0.84693099,0.84413905,0.84528867,0.84988214,0.85720069,0.86639875,0.87659791,0.88696743,0.89678156,0.90544973,0.91252095,0.91766916,0.92066857,0.92136872,0.91967693,0.91555206,0.90900936
0.95169880,0.95398661,0.95674988,0.95954912,0.96185596,0.96318040,0.96317286,0.96168494,0.95878330,0.95472151,0.94988239,0.94470713,0.93962724,0.93501139,0.93113377,0.92816370,0.92617137,0.92514165,0.92498863,0.92556626,0.92667447,0.92806370,0.92944188,0.93048808,0.93087466,0.93029769,0.92851215,0.92536680,0.92083168,0.91501207,0.90814454,0.90057432,0.89271735,0.88501344,0.87787861,0.87166393,0.86662643,0.86291432,0.86056623,0.85952135,0.85963616,0.86070321,0.86246841,0.86464557,0.86692889,0.86900576,0.87057297,0.87135799,0.87114561,0.86980732,0.86732901,0.86383088,0.85957367,0.85494683,0.85043726,0.84658078,0.84390216,0.84285207,0.84375014,0.84674281,0.85178205,0.85862793,0.86687384,0.87598979,0.88537648,0.89442213,0.90255448,0.90928288,0.91422752,0.91713584,0.91788797,0.91649396,0.91308621,0.90790927,0.90130807,0.89371378,0.88562543,0.87758517,0.87014669,0.86383782,0.85912094,0.85635560,0.85576843,0.85743454,0.86127320,0.86705887,0.87444649,0.88300757,0.89227203,0.90176969,0.91106598,0.91978838,0.92764203,0.93441551,0.93997887,0.94427633,0.94731611,0.94915853,0.94990306,0.94967404
0.94728217,0.94248846,0.93656121,0.93004455,0.92323525,0.91617307,0.90871607,0.90067686,0.89197993,0.88279556,0.87361129,0.86521852,0.85861296,0.85482922,0.85474553,0.85890118,0.86736597,0.87968873,0.89493498,0.91180514,0.92880950,0.94446658,0.95748931,0.96692821,0.97225164,0.97335683,0.97051923,0.96429875,0.95542659,0.94469630,0.93287650,0.92065493,0.90861399,0.89723211,0.88690044,0.87794436,0.87064015,0.86522137,0.86187340,0.86071907,0.86180082,0.86506581,0.87035855,0.87742318,0.88591493,0.89541807,0.90546733,0.91556990,0.92522582,0.93394590,0.94126713,0.94676686,0.95007707,0.95089950,0.94902137,0.94432993,0.93682349,0.92661689,0.91394055,0.89913356,0.88263218,0.86495563,0.84669074,0.82847633,0.81098748,0.79491826,0.78096066,0.76977695,0.76196360,0.75800713,0.75823553,0.76277159,0.77149638,0.78403086,0.79974214,0.81777737,0.83712436,0.85669359,0.87541188,0.89231550,0.90662947,0.91782206,0.92562764,0.93003703,0.93125993,0.92966908,0.92573727,0.91997885,0.91290430,0.90499258,0.89668127,0.88836990,0.88042908,0.87320705,0.86702682,0.86217044,0.85885175,0.85718301,0.85714378,0.85856089
0.94353721,0.93654808,0.92974004,0.92409299,0.92036819,0.91901666,0.92013644,0.92348693,0.92855740,0.93467565,0.94113411,0.94730729,0.95273774,0.95717608,0.96057198,0.96302397,0.96470412,0.96577755,0.96633655,0.96636450,0.96573722,0.96426029,0.96173179,0.95801392,0.95309453,0.94712276,0.94040931,0.93339042,0.92656318,0.92040571,0.91529882,0.91146514,0.90893763,0.90756321,0.90703963,0.90697704,0.90697091,0.90667116,0.90583453,0.90435129,0.90224406,0.89964191,0.89673819,0.89374280,0.89083982,0.88815920,0.88576706,0.88367446,0.88185984,0.88029742,0.87898251,0.87794655,0.87725743,0.87700522,0.87727669,0.87812533,0.87954441,0.88145024,0.88368078,0.88601139,0.88818584,0.88995715,0.89113059,0.89160044,0.89137385,0.89057714,0.88944376,0.88828600,0.88745526,0.88729739,0.88811019,0.89010929,0.89340673,0.89800355,0.90379532,0.91058715,0.91811403,0.92606278,0.93409266,0.94185294,0.94899713,0.95519438,0.96013978,0.96356546,0.96525421,0.96505597,0.96290618,0.95884325,0.95302196,0.94571924,0.93732993,0.92835103,0.91935395,0.91094639,0.90372623,0.89823190,0.89489383,0.89399203,0.89562343,0.89968197
0.96568046,0.95660479,0.94768689,0.93910210,0.93079547,0.92258538,0.91429802,0.90590137,0.89760536,0.88990189,0.88353049,0.87937290,0.87829581,0.88097402,0.88773059,0.89842732,0.91242806,0.92864278,0.94564466,0.96183955,0.97565858,0.98574150,0.99108255,0.99111873,0.98575370,0.97532291,0.96051623,0.94227925,0.92171355,0.89999098,0.87828878,0.85774487,0.83942648,0.82430283,0.81321287,0.80682254,0.80557149,0.80961547,0.81877540,0.83250676,0.84990112,0.86972754,0.89051421,0.91066383,0.92859002,0.94285841,0.95231515,0.95618753,0.95414583,0.94632125,0.93328110,0.91596763,0.89561024,0.87362229,0.85149293,0.83068288,0.81253085,0.79817501,0.78849207,0.78405526,0.78511143,0.79157718,0.80305396,0.81886132,0.83808716,0.85965192,0.88238265,0.90509116,0.92665042,0.94606327,0.96251861,0.97543143,0.98446494,0.98953435,0.99079373,0.98860838,0.98351577,0.97617809,0.96732954,0.95772132,0.94806768,0.93899681,0.93101080,0.92445833,0.91952284,0.91622746,0.91445577,0.91398574,0.91453212,0.91579147,0.91748279,0.91937781,0.92131627,0.92320492,0.92500190,0.92669181,0.92825800,0.92965892,0.93081422,0.93160294
0.95514761,0.95933455,0.96406518,0.96886516,0.97317965,0.97642377,0.97803276,0.97751132,0.97448097,0.96872317,0.96021387,0.94914440,0.93592366,0.92115864,0.90561282,0.89014585,0.87564031,0.86292390,0.85269619,0.84546905,0.84152807,0.84091913,0.84345973,0.84877090,0.85632187,0.86547946,0.87555462,0.88584182,0.89564969,0.90432461,0.91127031,0.91596752,0.91799690,0.91706655,0.91304273,0.90597942,0.89614031,0.88400592,0.87026027,0.85575387,0.84144451,0.82832071,0.81731674,0.80922966,0.80464935,0.80391066,0.80707359,0.81393296,0.82405423,0.83682847,0.85153728,0.86741800,0.88372126,0.89975572,0.91491776,0.92870744,0.94073390,0.95071480,0.95847409,0.96394108,0.96715166,0.96825016,0.96748869,0.96522015,0.96188181,0.95796795,0.95399273,0.95044656,0.94775160,0.94622254,0.94603888,0.94723315,0.94969667,0.95320180,0.95743632,0.96204399,0.96666468,0.97096811,0.97467708,0.97757861,0.97952386,0.98041974,0.98021688,0.97889846,0.97647379,0.97297849,0.96848072,0.96309097,0.95697170,0.95034254,0.94347806,0.93669626,0.93033792,0.92473894,0.92019935,0.91695340,0.91514516,0.91481262,0.91588165,0.91816931
0.96524244,0.96971893,0.97336548,0.97577516,0.97638277,0.97453673,0.96962692,0.96124619,0.94935013,0.93437397,0.91727049,0.89944846,0.88261329,0.86853410,0.85877815,0.85446115,0.85605934,0.86331758,0.87527024,0.89037034,0.90670291,0.92224327,0.93511448,0.94380196,0.94729558,0.94514684,0.93744667,0.92474312,0.90792561,0.88810286,0.86649617,0.84435985,0.82292981,0.80339230,0.78685885,0.77433404,0.76666714,0.76448703,0.76812818,0.77756254,0.79235485,0.81165696,0.83425099,0.85864182,0.88318976,0.90626605,0.92640925,0.94246031,0.95365870,0.95968866,0.96067399,0.95712748,0.94986719,0.93991511,0.92839298,0.91642716,0.90506974,0.89523794,0.88767058,0.88289825,0.88122442,0.88271588,0.88720319,0.89429328,0.90339692,0.91377293,0.92458810,0.93498890,0.94417711,0.95147964,0.95640290,0.95866388,0.95819465,0.95512111,0.94972179,0.94237513,0.93350570,0.92353871,0.91286996,0.90185368,0.89080676,0.88002300,0.86979006,0.86040102,0.85215584,0.84535063,0.84025693,0.83709560,0.83601138,0.83705385,0.84016898,0.84520215,0.85191065,0.85998051,0.86904181,0.87867707,0.88842026,0.89774776,0.90606650,0.91270739
0.93371419,0.93196451,0.93192695,0.93377505,0.93738795,0.94237829,0.94816808,0.95409906,0.95955555,0.96407325,0.96740914,0.96955664,0.97070350,0.97114449,0.97117188,0.97097097,0.97054601,0.96969412,0.96803424,0.96508618,0.96038320,0.95359342,0.94462218,0.93367148,0.92124254,0.90808122,0.89507846,0.88314749,0.87310211,0.86555877,0.86087835,0.85915467,0.86024688,0.86384373,0.86954200,0.87691961,0.88558784,0.89521415,0.90551615,0.91623509,0.92710190,0.93780962,0.94800368,0.95729558,0.96529914,0.97168172,0.97621827,0.97883456,0.97962805,0.97886024,0.97692092,0.97427114,0.97137645,0.96864355,0.96637276,0.96473443,0.96377221,0.96342991,0.96359348,0.96413681,0.96496026,0.96601337,0.96729802,0.96885327,0.97072754,0.97294640,0.97548492,0.97825198,0.98109044,0.98379289,0.98612863,0.98787478,0.98884406,0.98890300,0.98797746,0.98604577,0.98312287,0.97924126,0.97443481,0.96873115,0.96215535,0.95474450,0.94656928,0.93775639,0.92850515,0.91909273,0.90986531,0.90121550,0.89354923,0.88724745,0.88262928,0.87992238,0.87924506,0.88060151,0.88388820,0.88890697,0.89537920,0.90295613,0.91122303,0.91969779
0.99172585,0.98958968,0.98629766,0.98220813,0.97764448,0.97288916,0.96818380,0.96373268,0.95970693,0.95624697,0.95346163,0.95142329,0.95015979,0.94964501,0.94979130,0.95044698,0.95140190,0.95240276,0.95317829,0.95347213,0.95307936,0.95188107,0.94986990,0.94716056,0.94398079,0.94064216,0.93749408,0.93486837,0.93302404,0.93210215,0.93209937,0.93286552,0.93412592,0.93552504,0.93668322,0.93725566,0.93698237,0.93571967,0.93344855,0.93026004,0.92632315,0.92184406,0.91702667,0.91204378,0.90702487,0.90206261,0.89723460,0.89263323,0.88839361,0.88470992,0.88183348,0.88005033,0.87964155,0.88083386,0.88375083,0.88837538,0.89453225,0.90189536,0.91001937,0.91838990,0.92648255,0.93381943,0.94001307,0.94479093,0.94799872,0.94958545,0.94957717,0.94804811,0.94509821,0.94084329,0.93542030,0.92900484,0.92183428,0.91422688,0.90658792,0.89939649,0.89317106,0.88841695,0.88556351,0.88490125,0.88653069,0.89033287,0.89596818,0.90290491,0.91047331,0.91793631,0.92456565,0.92971232,0.93286264,0.93367515,0.93199735,0.92786468,0.92148600,0.91322074,0.90355216,0.89305921,0.88238719,0.87221494,0.86321532,0.85600632
0.89058900,0.89614044,0.90409597,0.91432756,0.92617012,0.93850133,0.94992705,0.95903574,0.96466745,0.96613791,0.96336748,0.95688782,0.94772798,0.93720980,0.92670092,0.91738000,0.91006172,0.90511289,0.90246854,0.90173473,0.90234577,0.90373394,0.90546946,0.90733975,0.90935455,0.91168335,0.91454841,0.91810585,0.92234773,0.92705080,0.93178416,0.93597309,0.93900250,0.94033448,0.93961211,0.93672679,0.93183607,0.92533191,0.91777068,0.90978401,0.90199181,0.89493560,0.88904278,0.88462296,0.88188881,0.88098766,0.88202890,0.88509507,0.89023102,0.89741349,0.90651053,0.91724443,0.92917240,0.94169540,0.95409906,0.96562241,0.97554306,0.98326283,0.98837743,0.99071718,0.99035225,0.98756357,0.98278777,0.97654918,0.96939334,0.96183441,0.95432405,0.94724249,0.94090677,0.93558665,0.93151760,0.92890263,0.92789900,0.92859207,0.93096333,0.93486325,0.93999971,0.94595010,0.95219976,0.95820270,0.96345450,0.96756309,0.97030282,0.97164003,0.97172435,0.97084765,0.96937933,0.96769173,0.96609149,0.96477054,0.96378587,0.96307008,0.96246737,0.96178382,0.96083777,0.95949701,0.95769358,0.95541409,0.95267004,0.94945821
0.95545380,0.94716134,0.93697070,0.92544789,0.91317557,0.90077247,0.88890253,0.87826602,0.86956922,0.86347431,0.86053500,0.86112735,0.86538689,0.87316345,0.88400265,0.89715965,0.91164600,0.92630602,0.93991557,0.95129350,0.95941404,0.96350799,0.96314074,0.95825795,0.94919345,0.93663885,0.92157936,0.90520349,0.88879721,0.87363332,0.86086675,0.85144499,0.84604038,0.84500827,0.84837147,0.85582921,0.86678674,0.88040177,0.89564359,0.91136192,0.92636230,0.93948543,0.94968696,0.95611387,0.95817238,0.95558183,0.94840828,0.93707257,0.92232925,0.90521542,0.88697232,0.86894582,0.85247491,0.83877935,0.82885822,0.82340991,0.82278176,0.82695351,0.83555463,0.84791111,0.86311483,0.88010641,0.89776264,0.91498050,0.93075159,0.94422318,0.95474392,0.96189422,0.96550194,0.96564456,0.96263810,0.95701320,0.94947794,0.94086778,0.93208383,0.92402229,0.91749972,0.91318052,0.91151394,0.91268807,0.91660704,0.92289530,0.93092987,0.93989762,0.94887182,0.95689974,0.96309176,0.96670316,0.96720051,0.96430748,0.95802693,0.94863888,0.93667627,0.92288178,0.90815021,0.89346099,0.87980524,0.86811115,0.85917121,0.85357468
0.89705741,0.90280705,0.91068248,0.91936779,0.92734386,0.93316416,0.93570959,0.93437479,0.92915265,0.92060418,0.90972496,0.89774078,0.88587861,0.87516107,0.86626365,0.85945691,0.85463586,0.85142058,0.84929870,0.84777506,0.84649483,0.84531533,0.84431457,0.84374028,0.84391654,0.84513416,0.84755304,0.85113977,0.85565373,0.86068282,0.86571854,0.87025235,0.87387155,0.87633459,0.87761094,0.87787919,0.87748595,0.87687633,0.87651165,0.87679152,0.87799438,0.88024541,0.88351388,0.88763580,0.89235359,0.89736242,0.90235337,0.90704625,0.91120827,0.91465914,0.91726591,0.91893327,0.91959474,0.91920850,0.91775959,0.91526708,0.91179353,0.90745311,0.90241512,0.89690107,0.89117474,0.88552649,0.88025416,0.87564356,0.87195141,0.86939254,0.86813169,0.86827908,0.86988834,0.87295529,0.87741722,0.88315301,0.88998526,0.89768595,0.90598680,0.91459484,0.92321284,0.93156274,0.93940884,0.94657675,0.95296407,0.95853988,0.96333269,0.96740903,0.97084715,0.97371175,0.97603509,0.97780911,0.97899019,0.97951608,0.97933122,0.97841454,0.97680265,0.97460129,0.97198064,0.96915308,0.96633640,0.96370863,0.96136316,0.95927255
0.92481698,0.92618477,0.92586981,0.92396398,0.92048330,0.91540752,0.90876021,0.90070664,0.89163966,0.88222326,0.87337231,0.86616140,0.86167391,0.86081772,0.86414373,0.87170464,0.88298448,0.89691673,0.91199220,0.92644151,0.93846322,0.94645983,0.94924342,0.94617877,0.93724491,0.92301181,0.90454398,0.88325402,0.86073410,0.83859263,0.81831709,0.80117534,0.78815776,0.77995436,0.77695580,0.77926584,0.78671530,0.79887247,0.81505122,0.83432308,0.85554186,0.87738911,0.89844464,0.91728062,0.93257178,0.94320923,0.94840273,0.94775711,0.94131140,0.92953529,0.91328357,0.89371554,0.87219091,0.85015579,0.82903226,0.81012200,0.79453083,0.78311635,0.77645750,0.77484257,0.77827162,0.78646986,0.79891029,0.81484538,0.83334876,0.85336789,0.87378742,0.89350086,0.91148569,0.92687492,0.93901779,0.94752230,0.95227497,0.95343552,0.95140793,0.94679195,0.94032176,0.93279948,0.92503068,0.91776766,0.91166371,0.90723873,0.90485532,0.90470329,0.90679111,0.91094432,0.91681149,0.92388005,0.93150406,0.93894537,0.94542798,0.95020276,0.95261668,0.95217847,0.94861151,0.94188568,0.93222298,0.92007533,0.90607766,0.89098260
0.97726151,0.96756066,0.95530566,0.94135410,0.92649365,0.91135938,0.89641488,0.88199780,0.86841105,0.85602629,0.84536025,0.83709048,0.83199399,0.83081441,0.83408480,0.84194694,0.85401221,0.86930231,0.88629340,0.90306642,0.91754437,0.92777760,0.93222618,0.92998769,0.92092930,0.90570287,0.88564519,0.86258671,0.83860657,0.81577745,0.79594067,0.78054157,0.77054061,0.76639907,0.76812466,0.77535301,0.78743939,0.80353992,0.82267069,0.84374452,0.86559378,0.88699275,0.90669311,0.92348154,0.93626081,0.94414741,0.94657123,0.94335841,0.93477924,0.92154713,0.90476369,0.88581422,0.86622755,0.84752016,0.83104718,0.81788117,0.80873386,0.80392861,0.80342224,0.80686729,0.81370017,0.82323838,0.83477106,0.84763108,0.86124218,0.87514021,0.88897225,0.90248011,0.91547605,0.92781795,0.93938926,0.95008653,0.95981487,0.96848930,0.97603928,0.98241324,0.98758141,0.99153579,0.99428801,0.99586589,0.99631024,0.99567328,0.99401941,0.99142878,0.98800284,0.98387064,0.97919373,0.97416768,0.96901822,0.96399091,0.95933422,0.95527691,0.95200198,0.94962017,0.94814680,0.94748579,0.94742427,0.94764015,0.94772374,0.94721261
0.94942249,0.94139583,0.93390737,0.92747324,0.92238682,0.91873475,0.91645559,0.91542439,0.91553930,0.91678517,0.91925494,0.92312137,0.92856531,0.93567925,0.94437168,0.95429879,0.96484439,0.97515888,0.98425487,0.99114444,0.99499217,0.99525346,0.99176905,0.98479615,0.97496959,0.96320168,0.95054170,0.93802330,0.92652831,0.91669064,0.90885374,0.90308338,0.89922615,0.89699515,0.89606065,0.89612468,0.89696458,0.89844021,0.90046899,0.90298136,0.90587315,0.90897120,0.91202390,0.91472104,0.91673963,0.91780491,0.91775234,0.91657509,0.91444510,0.91170140,0.90880673,0.90628064,0.90462178,0.90423449,0.90537274,0.90811058,0.91234213,0.91780832,0.92414281,0.93092649,0.93774004,0.94420583,0.95001413,0.95493322,0.95880651,0.96154242,0.96310285,0.96349482,0.96276761,0.96101482,0.95837861,0.95505239,0.95127767,0.94733244,0.94351032,0.94009274,0.93731843,0.93535589,0.93428416,0.93408525,0.93464945,0.93579223,0.93727958,0.93885747,0.94028115,0.94134011,0.94187610,0.94179327,0.94106113,0.93971246,0.93783811,0.93558007,0.93312275,0.93068135,0.92848605,0.92676096,0.92569837,0.92542982,0.92599739,0.92732906
0.97101048,0.96630477,0.96112677,0.95577417,0.95043148,0.94519799,0.94014204,0.93536608,0.93106299,0.92754478,0.92523044,0.92458951,0.92605022,0.92989076,0.93613809,0.94449856,0.95433876,0.96472558,0.97452339,0.98253484,0.98766284,0.98906626,0.98628174,0.97929064,0.96852057,0.95478385,0.93916690,0.92289193,0.90717519,0.89310352,0.88154495,0.87310106,0.86809988,0.86662079,0.86853777,0.87356631,0.88130197,0.89124431,0.90280665,0.91531799,0.92802666,0.94011549,0.95073545,0.95905979,0.96435506,0.96605970,0.96385780,0.95773400,0.94799825,0.93527347,0.92044570,0.90458287,0.88883357,0.87431980,0.86203832,0.85278242,0.84709186,0.84523357,0.84721053,0.85279233,0.86155871,0.87294773,0.88630169,0.90090705,0.91602786,0.93093424,0.94492898,0.95737460,0.96772231,0.97554191,0.98054997,0.98263222,0.98185566,0.97846666,0.97287321,0.96561179,0.95730222,0.94859567,0.94012221,0.93244386,0.92601808,0.92117397,0.91810207,0.91685589,0.91736291,0.91944168,0.92282221,0.92716799,0.93209864,0.93721365,0.94211757,0.94644665,0.94989561,0.95224209,0.95336512,0.95325442,0.95200750,0.94981343,0.94692392,0.94361446
0.95755614,0.96096087,0.96403516,0.96686301,0.96945924,0.97173803,0.97350495,0.97448206,0.97436698,0.97291681,0.97003772,0.96585664,0.96075300,0.95533712,0.95037389,0.94666308,0.94489785,0.94552880,0.94866153,0.95401082,0.96092420,0.96847387,0.97560088,0.98128409,0.98470094,0.98534976,0.98311249,0.97825029,0.97133768,0.96315266,0.95454702,0.94632292,0.93913803,0.93345322,0.92952525,0.92743619,0.92714288,0.92852718,0.93143056,0.93566363,0.94099068,0.94709770,0.95355867,0.95981695,0.96519587,0.96894610,0.97032786,0.96871631,0.96371103,0.95522717,0.94354805,0.92932576,0.91352598,0.89732419,0.88196955,0.86863909,0.85830613,0.85164365,0.84897579,0.85028041,0.85523596,0.86329781,0.87378590,0.88596585,0.89911065,0.91253665,0.92561541,0.93776924,0.94846204,0.95719731,0.96353197,0.96710860,0.96770191,0.96526907,0.95999070,0.95228909,0.94281452,0.93239654,0.92196438,0.91244747,0.90467174,0.89926876,0.89661290,0.89679639,0.89964457,0.90476586,0.91162489,0.91962357,0.92817554,0.93676226,0.94496456,0.95246932,0.95905624,0.96457336,0.96891131,0.97198454,0.97372424,0.97408258,0.97304385,0.97063516
0.96468338,0.96204425,0.95771788,0.95221414,0.94592730,0.93909407,0.93180412,0.92405731,0.91585049,0.90726920,0.89855852,0.89015214,0.88264883,0.87673843,0.87309084,0.87223084,0.87442413,0.87959829,0.88731489,0.89679886,0.90702022,0.91681398,0.92501760,0.93060357,0.93278709,0.93109477,0.92538858,0.91584790,0.90291947,0.88724903,0.86960879,0.85083201,0.83176144,0.81321327,0.79595411,0.78068604,0.76803403,0.75853092,0.75259760,0.75051900,0.75241962,0.75824388,0.76774716,0.78050148,0.79591742,0.81328074,0.83179979,0.85065825,0.86906712,0.88631083,0.90178330,0.91501200,0.92567004,0.93357798,0.93869768,0.94112086,0.94105402,0.93880099,0.93474353,0.92932030,0.92300445,0.91628028,0.90961972,0.90345995,0.89818349,0.89410227,0.89144672,0.89036003,0.89089698,0.89302597,0.89663317,0.90152793,0.90744927,0.91407417,0.92102879,0.92790389,0.93427552,0.93973126,0.94390078,0.94648830,0.94730271,0.94628110,0.94350147,0.93918193,0.93366565,0.92739327,0.92086602,0.91460451,0.90910825,0.90482055,0.90210189,0.90121304,0.90230680,0.90542579,0.91050289,0.91736107,0.92571108,0.93514738,0.94514511,0.95506271
0.97938918,0.98173029,0.98388681,0.98549536,0.98617866,0.98559914,0.98350002,0.97973607,0.97429706,0.96732565,0.95912771,0.95017063,0.94106401,0.93251897,0.92528549,0.92007153,0.91745241,0.91778303,0.92112811,0.92722540,0.93549246,0.94507957,0.95496211,0.96405721,0.97134523,0.97597664,0.97734933,0.97514796,0.96934494,0.96016927,0.94805518,0.93358433,0.91743455,0.90034300,0.88308528,0.86646503,0.85130454,0.83842552,0.82861236,0.82255519,0.82077709,0.82355592,0.83085565,0.84228335,0.85708491,0.87418679,0.89228228,0.90995237,0.92580460,0.93860994,0.94741804,0.95163568,0.95106000,0.94586587,0.93655486,0.92387814,0.90874867,0.89215615,0.87509524,0.85851151,0.84326475,0.83010504,0.81965533,0.81239447,0.80863760,0.80851483,0.81195251,0.81866457,0.82816063,0.83977576,0.85272228,0.86615924,0.87927111,0.89134456,0.90183163,0.91038916,0.91688849,0.92139521,0.92412413,0.92537993,0.92549551,0.92477972,0.92348236,0.92178014,0.91978203,0.91754887,0.91511946,0.91253494,0.90985487,0.90716157,0.90455338,0.90213095,0.89998268,0.89817512,0.89675187,0.89574118,0.89516895,0.89507136,0.89550052,0.89651734
0.90038071,0.91010285,0.92059160,0.93163262,0.94271497,0.95309733,0.96194225,0.96848895,0.97222330,0.97300196,0.97109693,0.96714632,0.96202059,0.95663488,0.95175091,0.94781363,0.94485903,0.94251335,0.94008359,0.93672025,0.93161690,0.92420349,0.91429113,0.90213732,0.88841905,0.87412217,0.86037338,0.84825157,0.83861702,0.83198965,0.82849534,0.82788367,0.82960649,0.83293508,0.83708834,0.84134517,0.84512152,0.84800335,0.84973932,0.85020601,0.84936347,0.84721829,0.84380617,0.83919810,0.83352613,0.82701788,0.82002507,0.81303213,0.80663509,0.80148877,0.79822845,0.79737940,0.79927168,0.80397707,0.81128126,0.82069781,0.83152232,0.84291802,0.85401859,0.86403104,0.87232297,0.87848188,0.88234106,0.88397237,0.88365203,0.88180869,0.87896359,0.87567208,0.87247284,0.86984825,0.86819633,0.86781207,0.86887550,0.87144390,0.87544791,0.88069250,0.88686573,0.89355738,0.90028895,0.90655397,0.91186598,0.91580941,0.91808758,0.91856141,0.91727299,0.91445013,0.91049046,0.90592710,0.90137997,0.89749842,0.89490089,0.89411685,0.89553548,0.89936479,0.90560368,0.91402881,0.92419669,0.93546129,0.94700708,0.95789728
0.92148998,0.93085337,0.93741065,0.94065693,0.94011650,0.93544124,0.92653109,0.91364497,0.89746911,0.87911636,0.86004483,0.84190250,0.82632242,0.81470437,0.80802301,0.80669674,0.81053977,0.81880385,0.83029972,0.84357503,0.85711667,0.86954411,0.87976447,0.88707024,0.89117269,0.89217611,0.89050750,0.88682068,0.88189442,0.87653990,0.87152671,0.86752996,0.86509583,0.86461983,0.86633241,0.87028804,0.87635744,0.88422546,0.89339853,0.90322613,0.91293845,0.92169940,0.92867072,0.93307949,0.93428046,0.93180496,0.92539101,0.91499304,0.90077343,0.88308099,0.86242309,0.83943718,0.81486619,0.78953899,0.76435413,0.74026285,0.71824615,0.69928172,0.68429894,0.67412355,0.66941727,0.67061972,0.67790119,0.69113361,0.70988489,0.73343816,0.76083383,0.79092888,0.82246609,0.85414506,0.88468881,0.91290203,0.93772027,0.95825122,0.97381067,0.98395471,0.98850836,0.98758835,0.98161541,0.97131016,0.95766651,0.94189828,0.92535840,0.90943489,0.89543258,0.88445353,0.87729046,0.87434695,0.87559513,0.88057653,0.88844646,0.89805615,0.90806195,0.91704792,0.92364722,0.92664996,0.92508938,0.91830297,0.90596945,0.88812475
0.93916075,0.94502164,0.95119125,0.95690783,0.96151823,0.96464514,0.96627358,0.96673839,0.96662090,0.96658556,0.96720252,0.96880307,0.97140364,0.97471326,0.97821733,0.98131151,0.98344953,0.98426781,0.98365802,0.98177349,0.97897261,0.97571806,0.97246082,0.96953908,0.96711573,0.96516586,0.96351171,0.96189117,0.96003885,0.95775823,0.95496774,0.95171244,0.94814279,0.94447099,0.94092016,0.93768177,0.93489220,0.93263189,0.93094324,0.92985746,0.92941883,0.92969592,0.93077406,0.93272950,0.93559216,0.93930787,0.94371227,0.94852575,0.95337341,0.95782733,0.96146275,0.96391642,0.96493475,0.96440222,0.96234545,0.95891402,0.95434498,0.94892084,0.94293181,0.93664994,0.93031864,0.92415534,0.91836149,0.91313187,0.90865586,0.90510656,0.90261783,0.90125415,0.90098183,0.90165139,0.90299908,0.90467173,0.90627263,0.90742138,0.90781611,0.90728577,0.90582171,0.90358189,0.90086677,0.89807183,0.89562631,0.89393048,0.89330329,0.89394893,0.89594579,0.89925551,0.90374567,0.90921745,0.91543025,0.92211814,0.92899700,0.93576523,0.94210336,0.94767862,0.95215909,0.95523846,0.95666866,0.95629389,0.95407730,0.95011177
0.95155944,0.95293357,0.95427474,0.95560900,0.95664092,0.95681264,0.95543167,0.95183958,0.94558437,0.93655779,0.92506651,0.91182112,0.89784527,0.88432523,0.87243186,0.86315086,0.85715311,0.85472550,0.85576955,0.85986082,0.86635150,0.87449207,0.88354665,0.89288148,0.90201393,0.91062034,0.91851053,0.92558336,0.93177928,0.93704354,0.94130797,0.94449285,0.94652459,0.94736120,0.94701608,0.94557195,0.94317975,0.94004204,0.93638461,0.93242338,0.92833437,0.92423359,0.92017051,0.91613574,0.91208015,0.90794092,0.90366882,0.89925158,0.89472914,0.89019897,0.88581143,0.88175709,0.87824883,0.87550142,0.87371099,0.87303601,0.87358106,0.87538473,0.87841276,0.88255763,0.88764529,0.89344923,0.89971114,0.90616628,0.91257066,0.91872616,0.92449906,0.92982862,0.93472345,0.93924612,0.94348871,0.94754421,0.95147925,0.95531363,0.95901052,0.96247891,0.96558725,0.96818456,0.97012374,0.97128168,0.97157180,0.97094713,0.96939505,0.96692704,0.96356834,0.95935263,0.95432521,0.94855536,0.94215588,0.93530404,0.92825710,0.92135513,0.91500604,0.90965163,0.90571752,0.90355421,0.90337928,0.90523130,0.90894472,0.91415115
0.68427770,0.67550719,0.66985172,0.66771491,0.66903972,0.67331035,0.67964576,0.68696814,0.69421197,0.70052862,0.70544064,0.70891113,0.71131343,0.71331025,0.71567193,0.71907594,0.72393185,0.73026856,0.73770602,0.74551545,0.75275357,0.75844115,0.76174772,0.76214480,0.75949853,0.75408831,0.74655386,0.73778791,0.72880013,0.72057980,0.71398165,0.70965070,0.70799217,0.70918188,0.71320512,0.71990751,0.72904271,0.74030636,0.75335251,0.76779548,0.78320479,0.79910255,0.81497125,0.83027636,0.84450320,0.85720265,0.86803699,0.87681625,0.88351683,0.88827844,0.89137917,0.89319375,0.89414215,0.89463793,0.89504435,0.89564462,0.89662894,0.89809740,0.90007476,0.90253160,0.90540631,0.90862371,0.91210819,0.91579098,0.91961231,0.92352036,0.92746879,0.93141416,0.93531371,0.93912309,0.94279271,0.94626196,0.94945132,0.95225404,0.95452980,0.95610328,0.95676940,0.95630638,0.95449564,0.95114699,0.94612575,0.93937794,0.93094911,0.92099298,0.90976810,0.89762267,0.88497001,0.87225836,0.85993858,0.84843271,0.83810555,0.82924060,0.82202145,0.81651910,0.81268533,0.81035159,0.80923324,0.80893974,0.80899215,0.80884954
0.95190003,0.95973897,0.96725666,0.97400689,0.97938136,0.98270092,0.98333044,0.98079896,0.97490444,0.96578377,0.95393360,0.94017628,0.92557538,0.91131442,0.89855889,0.88832328,0.88136229,0.87810072,0.87860912,0.88262524,0.88961439,0.89885598,0.90954013,0.92085821,0.93207467,0.94257295,0.95187516,0.95964029,0.96564924,0.96978550,0.97201889,0.97239697,0.97104485,0.96817062,0.96407056,0.95912752,0.95379660,0.94857544,0.94396041,0.94039386,0.93821049,0.93759196,0.93853824,0.94086157,0.94420554,0.94808728,0.95195676,0.95526419,0.95752539,0.95837566,0.95760523,0.95517288,0.95119800,0.94593464,0.93973320,0.93299681,0.92613879,0.91954657,0.91355498,0.90842975,0.90436000,0.90145743,0.89975962,0.89923532,0.89979083,0.90127731,0.90349985,0.90622964,0.90921969,0.91222429,0.91502060,0.91743034,0.91933834,0.92070528,0.92157210,0.92205509,0.92233161,0.92261818,0.92314414,0.92412461,0.92573689,0.92810344,0.93128295,0.93526932,0.93999713,0.94535109,0.95117718,0.95729343,0.96349915,0.96958196,0.97532307,0.98050188,0.98490125,0.98831466,0.99055560,0.99146831,0.99093832,0.98890028,0.98534132,0.98029855
0.91002911,0.89441646,0.87894361,0.86478446,0.85273629,0.84322884,0.83640697,0.83225630,0.83073138,0.83184716,0.83570582,0.84245088,0.85216228,0.86472371,0.87970256,0.89628067,0.91326298,0.92917334,0.94242672,0.95154886,0.95540192,0.95337103,0.94547393,0.93237161,0.91527900,0.89579519,0.87568767,0.85667157,0.84022179,0.82744599,0.81903071,0.81525708,0.81606821,0.82116247,0.83008498,0.84229576,0.85720377,0.87416828,0.89247998,0.91134042,0.92985830,0.94707631,0.96203255,0.97385005,0.98183860,0.98558766,0.98502926,0.98045538,0.97248360,0.96197626,0.94992757,0.93734001,0.92511224,0.91395728,0.90436218,0.89659055,0.89072012,0.88670073,0.88441521,0.88372783,0.88451016,0.88664201,0.88999280,0.89439398,0.89961592,0.90536062,0.91127670,0.91699635,0.92218665,0.92660299,0.93013076,0.93280391,0.93479398,0.93637086,0.93784268,0.93948820,0.94149641,0.94392718,0.94670168,0.94962414,0.95242915,0.95484247,0.95664045,0.95769406,0.95798800,0.95761166,0.95672615,0.95551718,0.95414670,0.95271641,0.95125239,0.94971426,0.94802511,0.94611247,0.94394688,0.94156529,0.93907044,0.93660380,0.93429733,0.93221475
0.97446859,0.96658936,0.95758027,0.94783910,0.93769546,0.92743925,0.91735652,0.90776235,0.89902172,0.89155128,0.88579795,0.88219466,0.88109830,0.88271980,0.88705887,0.89385635,0.90257448,0.91241132,0.92235101,0.93124670,0.93792879,0.94132654,0.94058794,0.93518160,0.92496630,0.91021858,0.89161543,0.87017540,0.84716694,0.82399600,0.80208652,0.78276747,0.76717818,0.75620011,0.75041852,0.75011240,0.75526702,0.76560163,0.78060466,0.79957094,0.82163768,0.84581909,0.87104117,0.89618007,0.92010652,0.94173810,0.96009787,0.97437534,0.98398321,0.98860231,0.98820765,0.98307046,0.97373445,0.96096805,0.94569836,0.92893494,0.91169349,0.89492848,0.87948152,0.86604897,0.85516816,0.84721856,0.84243208,0.84090602,0.84261362,0.84740901,0.85502704,0.86508079,0.87706213,0.89035012,0.90423140,0.91793356,0.93066966,0.94168945,0.95033045,0.95606183,0.95851442,0.95749275,0.95296862,0.94505930,0.93399708,0.92009781,0.90373581,0.88533012,0.86534321,0.84428994,0.82275103,0.80138332,0.78091924,0.76214934,0.74588557,0.73290774,0.72389951,0.71938368,0.71966694,0.72480290,0.73457886,0.74852738,0.76595951,0.78601287
0.94631587,0.94226199,0.93651166,0.92939429,0.92108721,0.91166389,0.90118695,0.88981640,0.87789948,0.86601410,0.85495005,0.84562886,0.83897891,0.83579304,0.83659942,0.84157276,0.85050318,0.86282702,0.87771051,0.89416698,0.91118247,0.92782553,0.94332334,0.95709601,0.96875164,0.97805289,0.98487084,0.98914204,0.99084090,0.98997344,0.98659073,0.98081430,0.97286233,0.96306520,0.95186302,0.93978289,0.92739977,0.91528892,0.90398003,0.89392187,0.88546335,0.87885211,0.87424706,0.87173760,0.87136112,0.87311123,0.87693333,0.88270831,0.89023002,0.89918509,0.90914390,0.91957004,0.92985131,0.93935047,0.94746883,0.95371256,0.95774990,0.95944930,0.95889177,0.95635610,0.95228054,0.94720850,0.94172804,0.93641472,0.93178506,0.92826435,0.92616864,0.92569727,0.92693101,0.92983107,0.93423640,0.93985993,0.94628728,0.95298346,0.95931334,0.96457990,0.96808075,0.96917896,0.96738003,0.96240367,0.95423813,0.94316667,0.92975955,0.91483072,0.89936396,0.88441874,0.87102890,0.86010814,0.85237425,0.84829987,0.84809229,0.85169968,0.85883712,0.86902401,0.88162436,0.89588396,0.91096171,0.92595614,0.93993154,0.95194911
0.98378151,0.98196961,0.98071329,0.98010456,0.98009762,0.98051845,0.98109253,0.98149313,0.98140601,0.98059932,0.97898279,0.97664032,0.97382532,0.97091716,0.96834601,0.96650117,0.96564240,0.96583434,0.96692090,0.96854836,0.97023506,0.97147342,0.97184111,0.97109485,0.96922439,0.96645408,0.96319224,0.95994036,0.95718358,0.95528719,0.95442310,0.95454274,0.95540223,0.95663287,0.95783856,0.95869549,0.95902899,0.95884892,0.95833577,0.95778177,0.95750261,0.95774186,0.95859225,0.95995349,0.96153779,0.96292229,0.96363640,0.96326341,0.96153304,0.95838367,0.95398113,0.94869106,0.94301263,0.93748976,0.93262054,0.92878437,0.92620120,0.92492855,0.92489198,0.92593723,0.92788702,0.93058617,0.93392281,0.93782108,0.94220938,0.94697555,0.95192450,0.95675386,0.96105848,0.96436755,0.96620900,0.96618900,0.96406918,0.95982420,0.95366585,0.94602702,0.93750765,0.92879336,0.92056300,0.91340342,0.90774696,0.90384118,0.90175250,0.90139742,0.90258958,0.90508821,0.90863498,0.91297116,0.91783377,0.92293669,0.92794786,0.93247543,0.93607327,0.93827093,0.93862575,0.93678792,0.93256442,0.92596639,0.91722635,0.90677776
0.92541241,0.91783069,0.90965555,0.90168136,0.89452212,0.88857192,0.88399608,0.88075676,0.87867162,0.87749709,0.87702018,0.87713895,0.87791204,0.87956393,0.88244217,0.88693378,0.89335732,0.90185397,0.91230235,0.92427928,0.93707956,0.94979558,0.96144346,0.97111059,0.97809379,0.98199885,0.98278126,0.98072141,0.97634206,0.97028822,0.96319688,0.95558563,0.94778346,0.93991716,0.93195255,0.92377683,0.91529806,0.90653463,0.89767040,0.88906080,0.88118769,0.87457357,0.86967570,0.86678519,0.86595530,0.86697567,0.86939885,0.87261296,0.87594429,0.87876695,0.88059674,0.88115079,0.88036403,0.87836373,0.87541299,0.87183995,0.86797100,0.86408301,0.86038296,0.85701464,0.85408456,0.85169372,0.84996074,0.84902496,0.84902468,0.85005365,0.85210632,0.85502684,0.85847727,0.86193684,0.86473772,0.86613423,0.86539496,0.86190187,0.85523840,0.84525107,0.83207476,0.81611986,0.79802709,0.77860189,0.75874222,0.73937262,0.72139310,0.70564557,0.69289482,0.68381674,0.67898456,0.67884573,0.68368614,0.69358515,0.70837044,0.72758529,0.75048077,0.77604113,0.80304409,0.83015051,0.85601117,0.87937472,0.89918016,0.91462021
0.95591728,0.95305792,0.94905434,0.94390012,0.93767304,0.93056408,0.92288752,0.91507152,0.90763031,0.90111979,0.89608018,0.89297161,0.89211110,0.89362046,0.89739411,0.90309366,0.91017263,0.91793104,0.92559539,0.93241474,0.93775964,0.94120741,0.94259830,0.94205117,0.93993511,0.93680203,0.93329289,0.93003479,0.92754723,0.92617358,0.92604850,0.92710511,0.92911750,0.93176717,0.93471740,0.93767881,0.94045249,0.94294374,0.94514662,0.94710670,0.94887398,0.95045951,0.95180776,0.95279229,0.95323591,0.95295062,0.95178694,0.94968024,0.94668224,0.94296943,0.93882576,0.93460279,0.93066585,0.92733744,0.92484984,0.92331590,0.92272323,0.92295100,0.92380407,0.92505571,0.92648887,0.92792747,0.92925205,0.93039867,0.93134410,0.93208379,0.93261009,0.93289767,0.93290035,0.93255989,0.93182439,0.93067086,0.92912575,0.92727756,0.92527718,0.92332506,0.92164736,0.92046603,0.91996950,0.92028957,0.92148847,0.92355709,0.92642248,0.92996127,0.93401468,0.93840135,0.94292551,0.94738006,0.95154634,0.95519411,0.95808603,0.95998957,0.96069734,0.96005304,0.95797836,0.95449410,0.94972962,0.94391640,0.93736446,0.93042365
0.95467451,0.95075284,0.94650394,0.94219846,0.93793700,0.93372213,0.92953903,0.92542284,0.92149832,0.91798669,0.91518319,0.91341453,0.91298781,0.91414168,0.91700769,0.92158629,0.92773684,0.93517869,0.94349891,0.95216451,0.96054024,0.96791605,0.97354841,0.97671717,0.97679468,0.97331973,0.96606544,0.95508959,0.94075721,0.92372861,0.90491094,0.88537812,0.86627013,0.84868744,0.83359701,0.82176315,0.81370988,0.80971412,0.80982267,0.81388204,0.82156995,0.83241939,0.84583099,0.86107537,0.87729259,0.89349948,0.90861546,0.92151365,0.93109790,0.93639862,0.93667436,0.93150236,0.92084166,0.90505565,0.88488809,0.86139492,0.83584275,0.80959105,0.78397735,0.76022273,0.73936884,0.72224960,0.70949290,0.70154137,0.69867819,0.70104523,0.70864461,0.72132186,0.73873617,0.76032890,0.78530444,0.81263601,0.84110450,0.86937100,0.89607592,0.91995119,0.93992805,0.95522296,0.96538805,0.97031968,0.97022707,0.96557085,0.95698666,0.94521010,0.93101681,0.91518565,0.89848561,0.88168012,0.86553730,0.85083312,0.83833656,0.82877117,0.82275479,0.82072657,0.82287519,0.82908454,0.83891035,0.85159600,0.86612780,0.88132238
0.95880395,0.95142746,0.94046897,0.92636937,0.90951035,0.89034049,0.86951179,0.84798119,0.82703952,0.80824764,0.79328238,0.78371777,0.78078358,0.78515037,0.79678471,0.81490424,0.83804244,0.86421244,0.89114219,0.91654210,0.93836251,0.95500264,0.96544351,0.96929292,0.96674664,0.95848426,0.94552626,0.92908106,0.91040675,0.89070374,0.87104538,0.85234394,0.83534341,0.82062718,0.80862958,0.79964342,0.79382074,0.79116862,0.79154590,0.79466738,0.80012130,0.80740245,0.81595898,0.82524709,0.83478491,0.84419632,0.85323709,0.86179919,0.86989331,0.87761408,0.88509532,0.89246449,0.89980496,0.90713248,0.91438887,0.92145193,0.92815736,0.93432599,0.93978977,0.94441089,0.94809097,0.95077004,0.95241780,0.95302088,0.95257095,0.95105745,0.94846736,0.94479185,0.94003783,0.93424064,0.92747393,0.91985374,0.91153544,0.90270440,0.89356283,0.88431659,0.87516570,0.86630158,0.85791233,0.85019477,0.84336962,0.83769428,0.83346717,0.83101916,0.83068978,0.83278987,0.83755509,0.84509752,0.85536358,0.86810625,0.88287805,0.89904776,0.91583990,0.93239201,0.94782121,0.96129062,0.97206690,0.97956290,0.98336279,0.98323067
0.93442059,0.92966599,0.92634290,0.92484416,0.92526978,0.92741837,0.93082807,0.93486103,0.93881668,0.94205184,0.94408453,0.94466153,0.94377862,0.94165282,0.93865606,0.93522698,0.93178064,0.92863434,0.92596316,0.92379093,0.92201421,0.92044955,0.91888988,0.91715515,0.91512534,0.91274947,0.91003099,0.90699621,0.90365622,0.89997415,0.89584798,0.89111475,0.88557674,0.87904499,0.87139126,0.86259785,0.85279466,0.84227576,0.83149108,0.82101394,0.81148920,0.80356990,0.79785185,0.79481495,0.79477828,0.79787342,0.80403746,0.81302462,0.82443313,0.83774239,0.85235490,0.86763773,0.88295956,0.89772091,0.91137653,0.92345029,0.93354349,0.94133865,0.94660095,0.94918008,0.94901410,0.94613607,0.94068252,0.93290118,0.92315522,0.91192064,0.89977396,0.88736873,0.87540041,0.86456190,0.85549408,0.84873750,0.84469203,0.84358991,0.84548542,0.85026183,0.85765332,0.86727771,0.87867440,0.89134105,0.90476351,0.91843500,0.93186416,0.94457480,0.95610285,0.96599703,0.97382824,0.97921033,0.98183146,0.98149203,0.97814242,0.97191275,0.96312613,0.95228975,0.94006101,0.92719169,0.91445686,0.90257891,0.89215771,0.88361612
0.95428710,0.95060400,0.94477958,0.93753392,0.92948432,0.92111482,0.91279454,0.90483314,0.89755240,0.89134770,0.88671472,0.88422579,0.88445372,0.88785677,0.89464960,0.90469101,0.91741668,0.93183764,0.94661233,0.96018666,0.97098224,0.97760275,0.97902302,0.97472793,0.96477786,0.94979224,0.93085837,0.90938563,0.88693273,0.86503683,0.84506965,0.82813750,0.81503245,0.80623101,0.80192831,0.80209084,0.80651015,0.81484478,0.82664406,0.84135546,0.85832285,0.87678626,0.89589308,0.91472804,0.93236353,0.94792625,0.96067090,0.97004826,0.97575540,0.97775850,0.97628398,0.97177991,0.96485494,0.95620561,0.94654436,0.93653931,0.92677349,0.91772660,0.90977705,0.90321808,0.89827921,0.89514423,0.89395921,0.89482728,0.89779104,0.90280704,0.90971918,0.91823874,0.92793791,0.93826079,0.94855274,0.95810526,0.96621081,0.97222074,0.97559952,0.97596919,0.97314017,0.96712651,0.95814574,0.94660562,0.93308070,0.91828174,0.90301994,0.88816716,0.87461170,0.86320987,0.85473370,0.84981654,0.84889976,0.85218505,0.85959792,0.87076796,0.88503132,0.90145837,0.91890697,0.93609787,0.95170586,0.96445820,0.97323125,0.97713667
0.96907487,0.96823675,0.96616437,0.96309538,0.95920784,0.95460077,0.94931086,0.94336264,0.93683914,0.92995246,0.92309100,0.91682395,0.91185361,0.90891923,0.90866863,0.91152270,0.91756075,0.92645224,0.93745209,0.94946560,0.96117571,0.97121246,0.97833610,0.98160173,0.98047787,0.97490094,0.96526117,0.95232804,0.93713364,0.92083746,0.90459624,0.88945838,0.87629468,0.86576800,0.85833557,0.85427146,0.85369436,0.85658785,0.86280580,0.87206265,0.88391486,0.89774445,0.91275645,0.92800048,0.94242109,0.95493548,0.96452985,0.97036091,0.97184637,0.96872968,0.96110814,0.94942036,0.93439557,0.91697392,0.89821088,0.87918025,0.86088921,0.84421462,0.82986480,0.81836562,0.81006501,0.80514808,0.80365459,0.80549274,0.81044674,0.81817911,0.82823185,0.84003219,0.85290832,0.86611850,0.87889419,0.89049391,0.90026209,0.90768488,0.91243476,0.91439733,0.91367630,0.91057628,0.90556686,0.89923358,0.89222318,0.88519013,0.87875000,0.87344321,0.86971032,0.86787783,0.86815216,0.87061888,0.87524465,0.88188089,0.89026943,0.90005197,0.91078524,0.92196322,0.93304607,0.94349395,0.95280215,0.96053361,0.96634467,0.97000100
0.90489829,0.91628389,0.92721780,0.93742070,0.94657672,0.95438030,0.96057281,0.96495905,0.96740228,0.96780520,0.96609005,0.96219153,0.95607127,0.94775471,0.93738276,0.92526425,0.91191272,0.89805181,0.88457946,0.87248980,0.86276219,0.85623658,0.85349958,0.85480450,0.86004137,0.86876185,0.88025188,0.89363597,0.90799193,0.92245451,0.93629098,0.94893896,0.96000644,0.96924279,0.97649592,0.98167249,0.98471508,0.98560306,0.98437582,0.98116915,0.97625126,0.97004363,0.96311540,0.95614578,0.94985714,0.94492864,0.94190631,0.94112665,0.94266900,0.94634576,0.95173227,0.95822994,0.96515051,0.97180597,0.97758895,0.98203175,0.98483756,0.98588391,0.98520374,0.98295275,0.97937297,0.97476023,0.96944043,0.96375510,0.95805357,0.95268668,0.94799706,0.94430256,0.94187264,0.94090064,0.94147753,0.94357343,0.94703251,0.95158422,0.95687071,0.96248669,0.96802545,0.97312306,0.97749342,0.98094856,0.98340229,0.98485879,0.98539080,0.98511378,0.98416210,0.98267179,0.98077214,0.97858547,0.97623225,0.97383758,0.97153444,0.96946068,0.96774868,0.96650902,0.96581178,0.96566992,0.96602877,0.96676424,0.96768993,0.96857141
0.95494366,0.95220366,0.94817711,0.94301607,0.93684078,0.92978398,0.92204517,0.91394030,0.90593174,0.89862651,0.89273663,0.88900335,0.88809549,0.89049851,0.89641426,0.90569038,0.91779328,0.93183171,0.94662987,0.96084144,0.97308969,0.98211491,0.98690927,0.98682169,0.98162032,0.97150779,0.95709142,0.93931681,0.91937613,0.89860370,0.87837012,0.85998418,0.84460892,0.83319532,0.82643438,0.82472685,0.82816849,0.83654943,0.84936691,0.86585175,0.88500906,0.90567353,0.92657822,0.94643404,0.96401540,0.97824591,0.98827687,0.99355135,0.99384715,0.98929384,0.98036145,0.96782135,0.95268260,0.93610935,0.91932718,0.90352660,0.88977267,0.87892840,0.87159832,0.86809606,0.86843754,0.87235842,0.87935268,0.88872719,0.89966631,0.91130026,0.92277147,0.93329383,0.94220126,0.94898330,0.95330696,0.95502555,0.95417578,0.95096518,0.94575144,0.93901516,0.93132717,0.92331130,0.91560419,0.90881363,0.90347787,0.90002837,0.89875880,0.89980313,0.90312541,0.90852314,0.91564466,0.92401960,0.93309950,0.94230447,0.95107079,0.95889457,0.96536692,0.97019726,0.97322298,0.97440558,0.97381507,0.97160590,0.96798854,0.96320050
0.97174124,0.97176267,0.97135537,0.97088601,0.97055328,0.97032928,0.96996193,0.96904406,0.96713646,0.96391481,0.95930061,0.95353767,0.94718950,0.94105312,0.93600657,0.93282378,0.93199819,0.93361571,0.93730748,0.94229686,0.94753410,0.95189212,0.95438146,0.95433789,0.95154219,0.94624876,0.93912042,0.93108747,0.92316353,0.91625775,0.91102101,0.90775487,0.90639688,0.90657902,0.90773991,0.90926119,0.91059536,0.91135810,0.91136935,0.91064120,0.90932360,0.90762740,0.90574776,0.90380831,0.90183933,0.89979306,0.89758847,0.89516989,0.89255995,0.88988953,0.88739368,0.88537194,0.88412105,0.88385549,0.88463496,0.88631722,0.88854960,0.89080442,0.89245384,0.89287121,0.89153999,0.88814970,0.88266112,0.87532907,0.86667971,0.85744723,0.84848218,0.84064754,0.83471952,0.83130760,0.83080330,0.83336062,0.83890534,0.84716521,0.85771182,0.87000473,0.88343167,0.89734152,0.91107084,0.92396668,0.93540991,0.94484290,0.95180303,0.95596136,0.95716175,0.95545398,0.95111294,0.94463708,0.93672186,0.92820777,0.92000672,0.91301430,0.90801836,0.90561554,0.90614647,0.90965780,0.91589496,0.92432500,0.93418511,0.94454970
0.90920329,0.91036027,0.91364639,0.91883516,0.92543608,0.93280643,0.94028166,0.94729354,0.95345041,0.95856438,0.96262563,0.96573669,0.96802912,0.96958771,0.97040316,0.97036566,0.96929955,0.96702799,0.96344820,0.95859519,0.95267566,0.94606221,0.93924890,0.93277869,0.92715986,0.92278972,0.91990135,0.91854240,0.91858714,0.91977452,0.92175983,0.92416533,0.92661807,0.92876853,0.93029163,0.93087701,0.93021966,0.92802119,0.92400892,0.91797403,0.90982335,0.89963387,0.88769573,0.87453008,0.86087277,0.84762152,0.83575245,0.82621833,0.81984466,0.81723980,0.81873266,0.82434552,0.83380301,0.84657159,0.86191919,0.87898299,0.89683438,0.91453433,0.93117710,0.94592474,0.95803741,0.96690444,0.97207940,0.97331835,0.97061649,0.96423467,0.95470622,0.94281560,0.92954516,0.91599228,0.90326585,0.89237581,0.88413198,0.87906731,0.87739709,0.87901935,0.88355443,0.89041518,0.89889371,0.90824926,0.91778329,0.92689275,0.93509841,0.94205150,0.94752562,0.95140280,0.95366182,0.95437340,0.95370271,0.95191489,0.94937591,0.94654033,0.94392006,0.94203302,0.94133666,0.94215650,0.94462322,0.94863122,0.95382904,0.95964635
0.95631943,0.96372011,0.96999396,0.97459987,0.97700021,0.97673682,0.97351075,0.96725274,0.95817126,0.94676748,0.93381144,0.92027960,0.90726055,0.89584069,0.88698518,0.88143030,0.87960113,0.88156452,0.88702243,0.89534528,0.90564070,0.91684892,0.92785315,0.93759171,0.94515873,0.94988260,0.95137524,0.94954978,0.94460821,0.93700379,0.92738473,0.91652691,0.90526356,0.89441919,0.88475345,0.87691785,0.87142578,0.86863427,0.86873465,0.87175011,0.87753831,0.88579887,0.89608624,0.90782936,0.92035963,0.93294842,0.94485374,0.95537376,0.96390267,0.96998257,0.97334461,0.97393326,0.97190936,0.96763068,0.96161167,0.95446736,0.94684926,0.93938173,0.93260758,0.92694915,0.92268819,0.91996449,0.91879013,0.91907407,0.92065099,0.92330857,0.92680919,0.93090435,0.93534252,0.93987348,0.94425233,0.94824650,0.95164721,0.95428509,0.95604779,0.95689612,0.95687435,0.95611113,0.95480857,0.95322007,0.95161975,0.95026884,0.94938504,0.94912003,0.94954844,0.95066926,0.95241785,0.95468510,0.95733880,0.96024221,0.96326544,0.96628777,0.96919149,0.97185063,0.97411933,0.97582493,0.97676910,0.97673846,0.97552337,0.97294167
0.86387392,0.86833815,0.87166102,0.87354701,0.87356396,0.87118452,0.86586169,0.85712897,0.84470921,0.82861247,0.80920330,0.78722220,0.76375352,0.74014104,0.71786169,0.69837490,0.68296907,0.67262728,0.66793089,0.66901314,0.67556675,0.68690071,0.70203440,0.71981237,0.73902168,0.75849561,0.77719222,0.79424282,0.80897235,0.82089864,0.82972021,0.83530185,0.83766377,0.83697659,0.83355968,0.82787796,0.82053056,0.81222547,0.80373704,0.79584691,0.78927401,0.78460279,0.78222119,0.78227918,0.78467586,0.78907854,0.79497198,0.80173086,0.80870496,0.81530411,0.82107047,0.82572788,0.82920258,0.83161442,0.83324231,0.83447125,0.83572987,0.83742789,0.83990160,0.84337369,0.84793059,0.85351761,0.85994965,0.86693376,0.87409956,0.88103399,0.88731777,0.89256108,0.89643672,0.89870885,0.89925612,0.89808794,0.89535279,0.89133734,0.88645497,0.88122290,0.87622837,0.87208588,0.86938888,0.86865980,0.87030250,0.87456070,0.88148601,0.89091877,0.90248472,0.91560925,0.92954963,0.94344361,0.95637170,0.96742876,0.97579988,0.98083387,0.98210686,0.97946820,0.97306182,0.96331893,0.95092154,0.93673997,0.92175048,0.90694178
0.93638597,0.93218645,0.92951567,0.92801772,0.92711859,0.92619356,0.92472823,0.92243856,0.91932641,0.91566320,0.91191180,0.90861059,0.90625080,0.90517666,0.90552944,0.90724358,0.91008986,0.91374950,0.91789727,0.92227127,0.92671278,0.93116854,0.93565925,0.94022669,0.94487746,0.94954076,0.95405292,0.95817306,0.96162573,0.96415912,0.96560335,0.96591374,0.96518805,0.96365364,0.96162804,0.95946356,0.95748921,0.95596361,0.95504832,0.95480506,0.95521393,0.95620423,0.95768715,0.95957956,0.96181217,0.96432022,0.96702099,0.96978697,0.97242523,0.97467241,0.97621082,0.97670518,0.97585406,0.97344536,0.96940352,0.96381723,0.95694043,0.94916543,0.94097333,0.93287193,0.92533410,0.91874852,0.91339157,0.90942329,0.90690447,0.90582701,0.90614704,0.90781014,0.91076100,0.91493509,0.92023507,0.92650040,0.93348060,0.94082305,0.94808248,0.95475433,0.96032792,0.96435017,0.96648756,0.96657335,0.96462999,0.96086166,0.95561798,0.94933691,0.94247857,0.93546400,0.92863083,0.92221300,0.91634599,0.91109243,0.90647867,0.90253071,0.89929860,0.89686198,0.89531440,0.89473005,0.89512161,0.89640090,0.89835367,0.90063706
0.91199341,0.91523968,0.92020217,0.92666919,0.93417552,0.94206033,0.94955915,0.95591616,0.96049735,0.96288403,0.96292898,0.96076548,0.95676832,0.95147634,0.94549246,0.93938108,0.93358117,0.92834969,0.92374264,0.91963394,0.91576499,0.91181281,0.90746211,0.90246768,0.89669665,0.89014590,0.88293509,0.87528081,0.86746020,0.85977261,0.85250672,0.84591735,0.84021311,0.83555328,0.83205030,0.82977384,0.82875290,0.82897380,0.83037391,0.83283290,0.83616504,0.84011610,0.84436825,0.84855445,0.85228242,0.85516597,0.85686087,0.85710090,0.85572992,0.85272544,0.84821030,0.84245001,0.83583526,0.82885078,0.82203331,0.81592254,0.81100998,0.80769106,0.80622597,0.80671427,0.80908639,0.81311360,0.81843487,0.82459750,0.83110628,0.83747517,0.84327538,0.84817398,0.85195913,0.85454991,0.85599168,0.85643991,0.85613682,0.85538489,0.85452074,0.85389116,0.85383201,0.85464956,0.85660317,0.85988780,0.86461572,0.87079795,0.87832833,0.88697429,0.89637936,0.90608096,0.91554467,0.92421297,0.93156359,0.93716991,0.94075489,0.94222928,0.94170693,0.93949272,0.93604345,0.93190738,0.92765153,0.92378844,0.92071321,0.91865929
0.88272757,0.88135393,0.88235785,0.88580820,0.89146141,0.89881078,0.90717959,0.91584069,0.92413899,0.93159158,0.93794543,0.94318210,0.94747193,0.95109156,0.95432653,0.95738267,0.96032647,0.96306684,0.96538054,0.96697312,0.96755927,0.96694217,0.96507211,0.96207047,0.95821404,0.95388454,0.94949648,0.94542105,0.94192349,0.93912754,0.93701357,0.93544877,0.93424075,0.93320093,0.93220235,0.93121887,0.93033748,0.92974226,0.92967506,0.93038294,0.93206454,0.93482700,0.93866139,0.94344010,0.94893436,0.95484608,0.96084589,0.96660930,0.97184445,0.97630838,0.97981185,0.98221582,0.98342439,0.98337887,0.98205638,0.97947389,0.97569624,0.97084489,0.96510311,0.95871438,0.95197169,0.94519808,0.93872057,0.93284155,0.92781225,0.92381252,0.92093987,0.91920854,0.91855746,0.91886456,0.91996431,0.92166558,0.92376779,0.92607437,0.92840379,0.93059894,0.93253584,0.93413237,0.93535651,0.93623256,0.93684307,0.93732407,0.93785225,0.93862446,0.93983151,0.94163041,0.94411952,0.94732132,0.95117655,0.95555092,0.96025382,0.96506526,0.96976558,0.97416172,0.97810427,0.98149191,0.98426244,0.98637322,0.98777611,0.98839326
0.98099304,0.97855247,0.97661668,0.97540734,0.97483783,0.97457841,0.97416975,0.97315755,0.97121809,0.96824734,0.96439564,0.96004268,0.95572102,0.95200721,0.94940547,0.94824829,0.94863277,0.95040228,0.95317326,0.95639850,0.95945299,0.96172608,0.96270499,0.96203785,0.95956974,0.95535028,0.94961650,0.94275749,0.93526837,0.92770059,0.92061292,0.91452641,0.90988467,0.90702117,0.90613516,0.90727818,0.91035279,0.91512401,0.92124267,0.92827842,0.93575835,0.94320647,0.95017871,0.95628915,0.96122465,0.96474803,0.96669246,0.96695182,0.96547229,0.96224947,0.95733313,0.95083862,0.94296147,0.93398962,0.92430729,0.91438549,0.90475675,0.89597531,0.88856744,0.88297984,0.87953503,0.87840167,0.87958530,0.88294042,0.88820108,0.89502298,0.90302844,0.91184529,0.92113237,0.93058818,0.93994332,0.94894171,0.95731874,0.96478495,0.97102295,0.97570123,0.97850450,0.97917551,0.97756032,0.97364763,0.96759328,0.95972378,0.95051659,0.94055962,0.93049642,0.92096645,0.91255018,0.90572710,0.90085113,0.89814370,0.89770122,0.89951110,0.90346956,0.90939544,0.91703617,0.92606534,0.93607462,0.94656547,0.95694739,0.96654866
0.89244401,0.90585391,0.91806987,0.92885426,0.93785804,0.94456910,0.94835124,0.94857313,0.94479786,0.93698196,0.92562454,0.91181599,0.89715947,0.88356948,0.87298231,0.86703420,0.86677166,0.87245249,0.88347857,0.89847519,0.91550182,0.93235316,0.94689174,0.95735008,0.96255075,0.96201413,0.95594856,0.94514172,0.93078790,0.91429271,0.89709369,0.88052440,0.86573395,0.85365791,0.84502415,0.84037119,0.84005825,0.84425451,0.85290651,0.86569379,0.88199106,0.90085703,0.92106611,0.94119036,0.95972704,0.97525581,0.98660135,0.99297413,0.99406498,0.99007741,0.98169260,0.96997437,0.95623112,0.94185794,0.92818322,0.91634071,0.90718060,0.90122503,0.89866520,0.89939099,0.90304171,0.90906598,0.91678197,0.92543311,0.93423807,0.94243675,0.94933451,0.95434554,0.95703404,0.95714894,0.95464703,0.94969858,0.94267183,0.93409526,0.92460061,0.91485327,0.90547945,0.89700083,0.88978625,0.88402682,0.87973682,0.87677821,0.87490312,0.87380646,0.87318051,0.87276381,0.87237868,0.87195431,0.87153457,0.87127183,0.87140923,0.87225356,0.87414121,0.87739850,0.88229845,0.88901632,0.89758743,0.90787186,0.91953125,0.93202277
0.97492814,0.97385744,0.97283724,0.97227177,0.97230217,0.97277425,0.97327792,0.97325302,0.97213931,0.96953450,0.96532040,0.95972382,0.95329485,0.94680616,0.94109596,0.93689071,0.93464748,0.93445155,0.93599232,0.93862375,0.94149652,0.94373289,0.94460566,0.94368161,0.94089934,0.93656716,0.93128556,0.92581490,0.92091945,0.91722173,0.91509599,0.91461953,0.91558646,0.91757485,0.92004725,0.92245899,0.92434961,0.92539989,0.92544727,0.92446382,0.92251001,0.91968191,0.91606917,0.91173636,0.90673216,0.90112270,0.89503767,0.88871369,0.88251899,0.87694771,0.87257922,0.87000648,0.86974517,0.87214029,0.87728810,0.88498858,0.89473808,0.90576449,0.91709983,0.92767906,0.93644997,0.94247867,0.94503704,0.94366355,0.93819384,0.92876250,0.91578094,0.89989794,0.88194947,0.86290378,0.84380545,0.82572033,0.80968152,0.79663562,0.78738919,0.78255710,0.78251621,0.78736967,0.79692699,0.81070429,0.82794722,0.84767647,0.86875392,0.88996423,0.91010501,0.92807694,0.94296497,0.95410306,0.96111672,0.96394049,0.96280943,0.95822619,0.95090669,0.94170986,0.93155796,0.92135511,0.91191123,0.90387748,0.89769788,0.89357998
0.95529407,0.94657598,0.93745727,0.92825766,0.91911531,0.91001321,0.90083559,0.89144316,0.88175139,0.87179488,0.86176271,0.85199545,0.84294339,0.83509432,0.82888711,0.82462955,0.82243847,0.82221424,0.82365510,0.82630887,0.82965220,0.83318210,0.83650159,0.83938239,0.84179232,0.84388320,0.84594358,0.84832793,0.85137766,0.85534987,0.86036646,0.86639143,0.87323779,0.88059999,0.88810243,0.89535250,0.90198642,0.90769961,0.91225812,0.91549263,0.91728143,0.91753018,0.91615684,0.91308744,0.90826565,0.90167449,0.89336531,0.88348642,0.87230304,0.86020164,0.84767516,0.83528922,0.82363402,0.81326897,0.80466913,0.79818170,0.79399912,0.79215241,0.79252453,0.79488014,0.79890564,0.80425212,0.81057428,0.81756043,0.82495069,0.83254372,0.84019379,0.84780188,0.85530438,0.86266284,0.86985681,0.87688046,0.88374208,0.89046454,0.89708451,0.90364867,0.91020617,0.91679808,0.92344527,0.93013739,0.93682521,0.94341833,0.94978940,0.95578463,0.96123946,0.96599696,0.96992639,0.97293899,0.97499909,0.97612897,0.97640754,0.97596322,0.97496225,0.97359381,0.97205329,0.97052513,0.96916597,0.96808896,0.96734957,0.96693351
0.92935285,0.93164109,0.93581362,0.94107094,0.94648013,0.95117336,0.95450468,0.95613975,0.95607057,0.95456419,0.95206699,0.94909210,0.94611658,0.94350809,0.94149050,0.94014682,0.93944942,0.93930311,0.93958705,0.94018627,0.94100911,0.94199222,0.94309755,0.94430562,0.94560858,0.94700421,0.94849045,0.95005905,0.95168648,0.95332138,0.95486989,0.95618263,0.95704915,0.95720513,0.95635524,0.95421028,0.95053253,0.94518080,0.93814556,0.92956661,0.91972878,0.90903622,0.89797001,0.88703789,0.87672659,0.86746597,0.85961058,0.85343842,0.84916188,0.84694184,0.84689580,0.84909298,0.85353375,0.86011667,0.86860114,0.87857789,0.88945959,0.90050160,0.91085625,0.91965670,0.92611866,0.92964333,0.92990293,0.92689287,0.92094025,0.91266617,0.90290817,0.89261662,0.88274326,0.87414056,0.86748697,0.86324593,0.86165882,0.86276443,0.86643371,0.87240689,0.88032305,0.88973679,0.90012285,0.91087545,0.92131217,0.93069309,0.93826208,0.94331151,0.94526418,0.94375978,0.93872929,0.93044102,0.91950527,0.90683234,0.89354648,0.88086720,0.86997510,0.86188200,0.85732412,0.85669162,0.86000069,0.86690604,0.87674487,0.88860000
0.92146894,0.92450667,0.92852436,0.93336447,0.93870537,0.94415968,0.94937418,0.95410662,0.95826250,0.96188739,0.96512183,0.96813530,0.97105887,0.97393421,0.97669078,0.97915440,0.98108259,0.98221510,0.98232538,0.98125977,0.97895637,0.97544243,0.97081599,0.96522093,0.95882532,0.95181004,0.94437006,0.93672606,0.92913987,0.92192511,0.91544478,0.91009065,0.90624439,0.90422647,0.90424293,0.90634229,0.91039286,0.91608653,0.92296940,0.93049409,0.93808395,0.94519763,0.95138254,0.95630894,0.95978134,0.96172922,0.96218376,0.96124931,0.95907823,0.95585481,0.95179002,0.94712481,0.94213645,0.93714084,0.93248484,0.92852513,0.92559462,0.92396139,0.92378864,0.92510457,0.92779016,0.93158909,0.93613947,0.94102262,0.94582015,0.95016883,0.95380293,0.95657665,0.95846377,0.95953672,0.95993159,0.95980846,0.95931608,0.95856848,0.95763708,0.95655805,0.95535066,0.95403957,0.95267374,0.95133548,0.95013654,0.94920200,0.94864600,0.94854599,0.94892251,0.94973029,0.95086372,0.95217630,0.95351013,0.95472877,0.95574594,0.95654288,0.95717028,0.95773388,0.95836690,0.95919519,0.96030242,0.96170227,0.96332250,0.96500323
0.96670205,0.96485216,0.96326412,0.96220888,0.96178872,0.96193295,0.96240951,0.96285542,0.96282757,0.96187129,0.95959911,0.95576762,0.95033819,0.94350878,0.93570831,0.92755162,0.91976013,0.91306027,0.90807610,0.90523492,0.90470259,0.90636007,0.90982451,0.91450952,0.91971204,0.92470906,0.92884742,0.93161324,0.93267292,0.93188468,0.92928511,0.92505965,0.91950707,0.91300663,0.90599278,0.89893763,0.89233698,0.88669365,0.88249182,0.88015892,0.88001621,0.88222380,0.88673014,0.89323790,0.90119714,0.90983330,0.91821142,0.92533145,0.93024308,0.93216401,0.93058430,0.92534070,0.91664983,0.90509525,0.89157114,0.87719093,0.86317424,0.85072688,0.84092822,0.83463718,0.83242432,0.83453293,0.84086819,0.85101118,0.86425326,0.87964683,0.89606946,0.91229883,0.92709614,0.93929475,0.94788925,0.95211869,0.95153657,0.94605964,0.93598817,0.92199279,0.90506613,0.88644247,0.86749296,0.84960768,0.83407763,0.82198916,0.81414129,0.81099266,0.81264102,0.81883397,0.82900666,0.84233975,0.85783072,0.87437172,0.89082902,0.90612004,0.91928491,0.92954936,0.93637565,0.93949765,0.93893663,0.93499446,0.92822272,0.91936754
0.91745565,0.91350981,0.91035530,0.90827903,0.90739014,0.90761191,0.90871276,0.91037306,0.91227425,0.91418836,0.91604413,0.91795036,0.92016825,0.92303729,0.92687187,0.93185270,0.93793898,0.94482335,0.95194244,0.95854428,0.96380120,0.96694594,0.96740338,0.96489082,0.95946717,0.95152361,0.94172045,0.93088623,0.91990084,0.90958551,0.90061854,0.89348796,0.88848298,0.88571710,0.88516925,0.88672708,0.89021879,0.89542544,0.90207369,0.90981560,0.91820724,0.92669880,0.93464659,0.94135188,0.94612457,0.94836277,0.94763468,0.94374717,0.93678750,0.92712942,0.91540152,0.90242307,0.88911785,0.87642010,0.86518675,0.85612736,0.84975889,0.84638657,0.84610767,0.84883130,0.85430649,0.86215157,0.87188062,0.88292588,0.89465810,0.90640882,0.91749812,0.92727028,0.93513666,0.94062207,0.94340862,0.94337001,0.94058947,0.93535706,0.92814494,0.91956292,0.91030024,0.90106146,0.89250511,0.88519267,0.87955282,0.87586301,0.87424736,0.87468806,0.87704585,0.88108533,0.88650154,0.89294518,0.90004617,0.90743554,0.91476685,0.92173698,0.92810533,0.93370898,0.93847066,0.94239693,0.94556512,0.94809945,0.95013880,0.95180039
0.97718365,0.97405894,0.97182263,0.97036981,0.96922469,0.96765169,0.96482696,0.96003372,0.95283908,0.94321361,0.93156725,0.91869375,0.90563616,0.89350285,0.88327325,0.87563217,0.87086358,0.86881984,0.86896671,0.87048964,0.87243702,0.87387134,0.87400096,0.87227194,0.86841031,0.86241628,0.85452197,0.84512922,0.83474446,0.82392348,0.81323232,0.80322415,0.79442681,0.78733368,0.78239065,0.77997446,0.78036210,0.78369480,0.78994402,0.79888797,0.81010629,0.82299716,0.83681674,0.85073633,0.86390969,0.87554153,0.88494870,0.89160764,0.89518481,0.89554957,0.89277162,0.88710643,0.87897216,0.86892083,0.85760513,0.84574149,0.83406959,0.82330884,0.81411378,0.80703115,0.80246301,0.80064043,0.80161160,0.80524676,0.81125958,0.81924205,0.82870783,0.83913770,0.85002099,0.86088803,0.87133103,0.88101332,0.88966958,0.89710107,0.90317066,0.90780067,0.91097493,0.91274360,0.91322787,0.91262062,0.91117998,0.90921376,0.90705509,0.90503147,0.90343164,0.90247564,0.90229345,0.90291600,0.90427969,0.90624228,0.90860611,0.91114289,0.91361539,0.91579233,0.91745538,0.91839948,0.91842978,0.91735976,0.91501479,0.91124389
0.98486095,0.98580184,0.98589334,0.98486071,0.98233486,0.97790344,0.97118279,0.96190561,0.95001375,0.93574009,0.91966153,0.90270573,0.88610090,0.87126736,0.85966044,0.85258422,0.85100208,0.85537259,0.86553755,0.88068254,0.89938099,0.91971989,0.93949275,0.95643466,0.96846808,0.97392740,0.97173491,0.96150938,0.94359849,0.91903647,0.88943716,0.85683899,0.82352156,0.79181450,0.76391616,0.74173598,0.72676872,0.72000457,0.72187586,0.73223919,0.75039172,0.77512032,0.80478237,0.83741612,0.87087695,0.90299293,0.93173005,0.95535423,0.97257479,0.98265398,0.98546856,0.98151357,0.97184487,0.95796417,0.94165799,0.92480863,0.90919929,0.89633685,0.88731342,0.88272218,0.88263537,0.88664323,0.89394468,0.90347410,0.91404508,0.92449179,0.93379089,0.94115212,0.94607144,0.94834692,0.94806270,0.94554906,0.94132789,0.93605131,0.93043890,0.92521653,0.92105779,0.91852860,0.91803592,0.91978357,0.92373953,0.92962119,0.93690462,0.94486286,0.95263413,0.95931621,0.96407758,0.96627109,0.96553343,0.96185327,0.95559465,0.94746791,0.93844892,0.92965590,0.92220081,0.91703638,0.91482085,0.91581876,0.91985053,0.92629534
0.99731093,0.99582597,0.99332817,0.99026420,0.98705569,0.98402341,0.98132315,0.97891311,0.97656703,0.97393580,0.97064701,0.96642022,0.96116949,0.95506650,0.94854612,0.94224942,0.93691340,0.93322917,0.93169775,0.93251503,0.93551185,0.94016404,0.94567173,0.95109191,0.95549615,0.95812078,0.95847989,0.95642136,0.95211932,0.94601094,0.93869593,0.93082404,0.92299560,0.91569473,0.90926468,0.90392325,0.89980536,0.89701390,0.89565889,0.89587006,0.89777665,0.90145857,0.90688236,0.91384049,0.92191363,0.93047085,0.93871434,0.94576519,0.95077655,0.95305394,0.95216009,0.94798444,0.94076468,0.93105730,0.91966412,0.90752977,0.89562907,0.88486383,0.87598392,0.86954128,0.86587713,0.86513595,0.86729503,0.87219776,0.87958075,0.88909023,0.90028820,0.91265390,0.92558837,0.93843002,0.95048608,0.96108062,0.96961463,0.97562912,0.97885955,0.97927046,0.97706204,0.97264598,0.96659400,0.95956776,0.95224188,0.94523252,0.93904203,0.93402611,0.93038554,0.92817920,0.92735185,0.92776817,0.92924521,0.93157826,0.93455822,0.93798198,0.94165892,0.94541669,0.94910837,0.95262110,0.95588377,0.95887011,0.96159270,0.96408463
0.94188711,0.95390577,0.96584103,0.97710167,0.98700662,0.99485224,0.99998999,1.00190242,1.00026661,0.99499730,0.98626600,0.97449626,0.96033814,0.94462600,0.92832399,0.91246323,0.89807373,0.88611396,0.87740091,0.87254451,0.87189155,0.87548519,0.88304639,0.89398195,0.90742129,0.92228006,0.93734544,0.95137487,0.96319854,0.97181563,0.97647518,0.97673428,0.97248926,0.96397830,0.95175727,0.93665267,0.91969697,0.90205227,0.88492784,0.86949661,0.85681535,0.84775286,0.84293012,0.84267647,0.84700490,0.85560901,0.86788291,0.88296351,0.89979301,0.91719752,0.93397571,0.94899071,0.96125722,0.97001649,0.97479253,0.97542457,0.97207307,0.96519888,0.95551751,0.94393270,0.93145546,0.91911574,0.90787507,0.89854792,0.89173909,0.88780290,0.88682759,0.88864623,0.89287225,0.89895505,0.90624889,0.91408649,0.92184881,0.92902314,0.93524391,0.94031286,0.94419824,0.94701513,0.94899109,0.95042268,0.95162869,0.95290569,0.95448986,0.95652813,0.95905970,0.96200840,0.96518597,0.96830581,0.97100726,0.97288945,0.97355354,0.97265061,0.96993077,0.96528814,0.95879470,0.95071681,0.94150892,0.93178176,0.92224555,0.91363252
0.94190194,0.95045939,0.95635681,0.95931201,0.95899754,0.95508725,0.94734944,0.93576583,0.92064635,0.90270702,0.88308381,0.86326815,0.84496670,0.82990567,0.81961202,0.81520961,0.81726527,0.82571030,0.83984910,0.85845191,0.87991416,0.90245500,0.92432234,0.94397327,0.96020654,0.97223489,0.97969780,0.98262529,0.98136975,0.97652390,0.96884039,0.95916348,0.94837638,0.93736227,0.92697315,0.91799905,0.91113254,0.90692671,0.90575028,0.90774678,0.91280695,0.92056278,0.93040829,0.94154786,0.95306751,0.96402029,0.97351383,0.98078786,0.98527167,0.98661524,0.98469305,0.97958441,0.97153729,0.96092466,0.94820165,0.93387031,0.91845507,0.90248906,0.88650810,0.87104758,0.85663722,0.84378992,0.83298348,0.82463604,0.81907874,0.81652990,0.81707550,0.82065969,0.82708746,0.83603912,0.84709429,0.85976166,0.87351020,0.88779853,0.90209997,0.91592257,0.92882436,0.94042502,0.95041507,0.95856420,0.96472890,0.96885921,0.97100293,0.97130506,0.97000064,0.96739967,0.96386479,0.95978338,0.95553682,0.95147040,0.94786691,0.94492687,0.94275733,0.94136999,0.94068785,0.94055839,0.94077045,0.94107244,0.94118998,0.94084238
0.99338491,0.99502839,0.99721079,0.99962329,1.00177625,1.00312248,1.00317802,1.00161605,0.99831822,0.99337925,0.98707109,0.97978061,0.97193790,0.96395181,0.95616451,0.94883077,0.94212019,0.93613490,0.93093266,0.92654655,0.92299629,0.92029088,0.91842557,0.91737726,0.91710193,0.91753610,0.91860278,0.92022057,0.92231303,0.92481473,0.92767050,0.93082689,0.93421771,0.93774859,0.94128609,0.94465626,0.94765407,0.95006245,0.95167661,0.95232836,0.95190476,0.95035682,0.94769629,0.94398188,0.93929954,0.93374340,0.92740409,0.92036873,0.91273342,0.90462461,0.89622329,0.88778380,0.87964020,0.87219470,0.86588705,0.86114810,0.85834549,0.85773185,0.85940633,0.86329729,0.86916960,0.87665443,0.88529497,0.89459856,0.90408478,0.91332054,0.92193696,0.92962786,0.93613457,0.94122583,0.94468237,0.94629407,0.94587348,0.94328454,0.93848047,0.93154160,0.92270282,0.91236101,0.90105714,0.88943251,0.87816536,0.86789860,0.85917241,0.85237401,0.84771321,0.84522655,0.84480642,0.84624704,0.84929591,0.85369908,0.85923048,0.86570022,0.87294214,0.88078678,0.88902999,0.89740828,0.90558999,0.91318664,0.91978304,0.92497976
0.94774627,0.93103472,0.90839748,0.88175318,0.85326607,0.82514064,0.79942934,0.77787839,0.76182781,0.75216900,0.74935003,0.75340956,0.76401831,0.78051203,0.80190953,0.82692032,0.85395539,0.88115979,0.90648510,0.92781337,0.94313192,0.95074365,0.94948334,0.93890231,0.91938468,0.89216757,0.85925418,0.82322715,0.78698690,0.75345219,0.72526575,0.70454573,0.69271401,0.69041750,0.69754095,0.71329453,0.73634929,0.76499096,0.79726694,0.83111054,0.86443805,0.89522436,0.92156923,0.94176773,0.95439412,0.95840069,0.95322322,0.93887657,0.91601926,0.88596688,0.85063997,0.81244224,0.77407716,0.73832229,0.70778847,0.68469428,0.67068296,0.66670132,0.67294937,0.68889857,0.71336693,0.74463449,0.78058080,0.81882935,0.85688891,0.89228804,0.92270359,0.94608593,0.96078177,0.96565151,0.96017231,0.94451435,0.91957510,0.88695850,0.84889023,0.80806849,0.76745938,0.73005560,0.69862447,0.67547439,0.66226616,0.65988890,0.66841003,0.68709855,0.71451171,0.74862930,0.78701714,0.82700253,0.86584844,0.90091814,0.92982744,0.95058381,0.96171145,0.96235851,0.95237830,0.93237317,0.90368892,0.86834955,0.82892723,0.78834993
0.84952327,0.83711027,0.82846576,0.82417950,0.82438892,0.82880372,0.83677891,0.84742250,0.85972001,0.87265669,0.88532029,0.89697233,0.90708267,0.91532979,0.92157522,0.92582366,0.92818018,0.92881351,0.92793051,0.92576305,0.92256493,0.91861425,0.91421496,0.90969220,0.90537741,0.90158300,0.89856943,0.89651045,0.89546333,0.89535024,0.89595556,0.89694108,0.89787877,0.89829819,0.89774320,0.89583118,0.89230706,0.88708505,0.88027247,0.87217252,0.86326542,0.85416982,0.84558909,0.83824818,0.83282829,0.82990633,0.82990528,0.83306011,0.83940153,0.84875757,0.86077121,0.87493053,0.89060722,0.90709919,0.92367355,0.93960724,0.95422388,0.96692604,0.97722314,0.98475495,0.98931059,0.99084190,0.98946980,0.98548119,0.97931456,0.97153273,0.96278340,0.95374958,0.94509439,0.93740623,0.93115062,0.92663480,0.92398946,0.92316971,0.92397433,0.92607988,0.92908390,0.93255058,0.93605257,0.93920441,0.94168503,0.94324952,0.94373215,0.94304416,0.94116965,0.93816255,0.93414585,0.92931217,0.92392339,0.91830543,0.91283503,0.90791628,0.90394730,0.90127994,0.90017765,0.90077793,0.90306569,0.90686235,0.91183301,0.91751097
0.90750944,0.92381327,0.93912411,0.95302438,0.96503481,0.97460958,0.98118461,0.98427407,0.98359391,0.97918003,0.97146612,0.96129345,0.94984078,0.93848199,0.92859601,0.92136511,0.91759975,0.91762340,0.92123861,0.92778004,0.93624268,0.94545912,0.95429032,0.96179376,0.96734014,0.97066289,0.97184025,0.97122294,0.96932956,0.96673478,0.96397283,0.96147199,0.95952601,0.95829867,0.95785017,0.95817073,0.95920771,0.96087796,0.96306388,0.96559828,0.96824790,0.97070623,0.97260455,0.97354502,0.97315352,0.97114358,0.96737882,0.96191982,0.95504388,0.94723114,0.93911745,0.93142095,0.92485463,0.92003927,0.91743104,0.91727432,0.91958542,0.92416654,0.93064421,0.93852287,0.94724305,0.95623471,0.96495963,0.97294035,0.97977656,0.98515278,0.98884166,0.99070666,0.99070625,0.98889897,0.98544700,0.98061457,0.97475771,0.96830321,0.96171703,0.95546470,0.94996878,0.94556920,0.94249278,0.94083616,0.94056469,0.94152649,0.94347872,0.94612123,0.94913192,0.95219879,0.95504504,0.95744543,0.95923422,0.96030630,0.96061386,0.96016049,0.95899424,0.95719970,0.95488889,0.95219010,0.94923432,0.94613909,0.94299115,0.93982975
0.96046729,0.96404455,0.96826134,0.97244521,0.97585283,0.97780602,0.97780350,0.97558891,0.97116620,0.96476610,0.95677810,0.94766882,0.93790763,0.92791535,0.91804330,0.90858052,0.89977986,0.89188864,0.88516986,0.87990326,0.87636209,0.87476988,0.87524754,0.87776516,0.88211216,0.88789535,0.89456788,0.90148554,0.90798074,0.91344142,0.91738100,0.91948794,0.91964811,0.91793865,0.91459808,0.90998104,0.90450772,0.89861703,0.89272964,0.88722367,0.88242193,0.87858745,0.87592286,0.87456950,0.87460428,0.87603433,0.87879188,0.88273264,0.88764074,0.89324177,0.89922348,0.90526137,0.91104530,0.91630227,0.92081153,0.92440939,0.92698406,0.92846277,0.92879594,0.92794343,0.92586733,0.92253370,0.91792338,0.91204937,0.90497635,0.89683745,0.88784332,0.87828032,0.86849690,0.85888012,0.84982616,0.84171023,0.83486054,0.82953994,0.82593646,0.82416204,0.82425707,0.82619753,0.82990151,0.83523269,0.84199985,0.84995357,0.85878289,0.86811603,0.87752897,0.88656436,0.89476118,0.90169264,0.90700775,0.91047076,0.91199212,0.91164532,0.90966591,0.90643115,0.90242208,0.89817238,0.89421081,0.89100457,0.88891044,0.88813858
0.96158229,0.96314592,0.96351696,0.96274028,0.96102362,0.95868204,0.95605006,0.95339139,0.95083642,0.94836720,0.94585404,0.94313034,0.94008051,0.93671241,0.93319033,0.92981619,0.92696043,0.92495830,0.92399809,0.92403243,0.92474049,0.92555691,0.92576609,0.92464260,0.92160633,0.91635647,0.90895406,0.89983455,0.88974768,0.87963750,0.87048830,0.86316911,0.85830889,0.85622659,0.85692578,0.86014792,0.86546455,0.87238146,0.88042793,0.88921113,0.89842710,0.90783223,0.91719051,0.92621820,0.93454834,0.94173153,0.94727886,0.95073993,0.95179845,0.95036130,0.94661731,0.94104788,0.93438210,0.92750201,0.92131466,0.91661637,0.91397616,0.91366147,0.91561927,0.91951340,0.92480636,0.93086540,0.93706872,0.94288975,0.94794495,0.95200006,0.95494129,0.95672630,0.95733401,0.95673145,0.95486902,0.95170667,0.94726308,0.94167278,0.93523224,0.92841753,0.92186208,0.91629250,0.91243117,0.91088330,0.91203138,0.91595978,0.92242613,0.93088617,0.94056778,0.95057912,0.96002994,0.96814283,0.97433483,0.97825729,0.97979169,0.97900939,0.97611067,0.97136180,0.96504700,0.95744539,0.94883467,0.93951389,0.92983157,0.92020322
0.94350252,0.93739838,0.92979470,0.92121528,0.91214345,0.90297048,0.89395791,0.88522612,0.87677736,0.86855286,0.86051223,0.85271418,0.84537442,0.83888108,0.83375828,0.83058125,0.82985766,0.83189907,0.83671087,0.84392853,0.85282120,0.86236992,0.87141049,0.87881447,0.88367151,0.88543542,0.88400469,0.87972274,0.87330017,0.86567647,0.85785034,0.85071330,0.84491951,0.84081541,0.83843852,0.83757751,0.83787216,0.83892440,0.84039202,0.84204393,0.84376812,0.84553620,0.84734011,0.84912381,0.85073393,0.85190779,0.85230675,0.85158910,0.84950557,0.84599265,0.84123861,0.83570257,0.83007737,0.82519979,0.82192416,0.82098405,0.82287032,0.82775028,0.83544359,0.84545792,0.85707418,0.86946155,0.88179714,0.89336643,0.90362664,0.91222549,0.91897885,0.92382118,0.92674778,0.92776874,0.92688856,0.92411711,0.91950711,0.91320529,0.90549966,0.89684504,0.88785380,0.87924705,0.87177205,0.86610080,0.86273126,0.86191285,0.86361319,0.86753352,0.87316922,0.87990221,0.88710503,0.89423462,0.90089685,0.90686996,0.91208518,0.91657339,0.92039474,0.92357198,0.92604602,0.92766584,0.92821422,0.92746150,0.92523096,0.92145701
0.96050179,0.96171308,0.96248214,0.96252755,0.96142505,0.95866506,0.95374557,0.94628799,0.93615519,0.92354685,0.90904798,0.89361403,0.87848778,0.86505739,0.85467674,0.84847738,0.84720239,0.85108916,0.85981962,0.87254553,0.88798423,0.90456939,0.92063265,0.93458872,0.94509800,0.95118713,0.95231721,0.94839876,0.93976065,0.92708478,0.91132050,0.89359143,0.87510448,0.85706731,0.84061639,0.82675543,0.81630227,0.80984271,0.80769176,0.80986450,0.81606119,0.82567170,0.83780384,0.85133754,0.86500400,0.87748474,0.88752273,0.89403463,0.89621263,0.89360422,0.88616032,0.87424588,0.85861078,0.84032408,0.82067830,0.80107387,0.78289556,0.76739342,0.75557992,0.74815267,0.74544918,0.74743580,0.75372949,0.76364736,0.77627701,0.79055921,0.80537460,0.81962646,0.83231353,0.84258887,0.84980342,0.85353486,0.85360379,0.85007902,0.84327315,0.83372811,0.82218985,0.80957103,0.79690129,0.78526539,0.77573163,0.76927413,0.76669556,0.76855779,0.77512910,0.78635524,0.80185885,0.82096830,0.84277269,0.86619664,0.89008617,0.91329559,0.93476594,0.95358702,0.96903828,0.98060759,0.98799091,0.99107826,0.98993263,0.98476744
0.97515289,0.97966346,0.98252525,0.98395834,0.98421198,0.98352633,0.98210350,0.98009373,0.97759936,0.97469559,0.97146212,0.96801663,0.96453952,0.96128120,0.95854733,0.95666243,0.95591782,0.95651369,0.95850754,0.96178106,0.96603491,0.97081577,0.97557280,0.97973455,0.98279161,0.98436938,0.98427705,0.98252419,0.97930327,0.97494309,0.96984405,0.96440920,0.95898525,0.95382498,0.94907709,0.94480269,0.94101151,0.93770626,0.93492245,0.93275270,0.93134886,0.93090130,0.93160005,0.93358719,0.93691197,0.94149932,0.94713991,0.95350439,0.96017950,0.96671874,0.97269744,0.97776169,0.98166269,0.98427172,0.98557550,0.98565594,0.98466117,0.98277544,0.98019494,0.97711351,0.97371915,0.97019865,0.96674546,0.96356490,0.96087205,0.95887976,0.95777763,0.95770575,0.95872893,0.96081773,0.96384139,0.96757552,0.97172420,0.97595309,0.97992803,0.98335227,0.98599609,0.98771459,0.98845183,0.98823298,0.98714803,0.98533192,0.98294579,0.98016236,0.97715698,0.97410340,0.97117202,0.96852756,0.96632362,0.96469260,0.96373165,0.96348710,0.96394121,0.96500493,0.96651961,0.96826835,0.96999549,0.97143082,0.97231380,0.97241331
0.95157574,0.94589450,0.93982537,0.93359556,0.92721532,0.92055054,0.91344409,0.90585248,0.89795901,0.89022972,0.88339169,0.87833264,0.87594085,0.87691913,0.88161400,0.88989777,0.90113025,0.91421009,0.92770766,0.94005575,0.94976370,0.95561766,0.95683381,0.95314239,0.94479479,0.93250101,0.91731613,0.90050096,0.88338173,0.86722869,0.85316504,0.84210880,0.83474291,0.83150460,0.83258464,0.83792900,0.84724045,0.85998204,0.87538844,0.89249230,0.91017143,0.92721851,0.94242977,0.95470381,0.96313844,0.96711231,0.96634012,0.96089426,0.95119096,0.93794460,0.92209790,0.90473830,0.88701130,0.87003949,0.85485342,0.84233686,0.83318639,0.82788347,0.82667723,0.82957665,0.83635244,0.84654994,0.85951492,0.87443324,0.89038411,0.90640383,0.92155470,0.93499211,0.94602209,0.95414294,0.95906691,0.96072148,0.95923274,0.95489630,0.94814207,0.93949886,0.92956315,0.91897353,0.90838982,0.89847354,0.88986569,0.88315833,0.87885899,0.87734950,0.87884442,0.88335601,0.89067351,0.90036288,0.91179048,0.92416976,0.93662630,0.94827260,0.95828234,0.96595356,0.97075275,0.97233572,0.97054609,0.96539664,0.95704151,0.94574766
0.94226930,0.93531789,0.92878094,0.92323451,0.91907348,0.91645324,0.91526825,0.91517645,0.91566902,0.91617414,0.91617417,0.91531090,0.91345595,0.91073107,0.90747499,0.90416492,0.90131081,0.89934532,0.89853326,0.89891983,0.90032792,0.90240366,0.90469734,0.90675865,0.90822219,0.90886278,0.90860906,0.90751524,0.90570153,0.90328131,0.90029598,0.89667615,0.89224142,0.88674120,0.87992867,0.87165093,0.86193341,0.85103708,0.83947279,0.82796664,0.81738135,0.80860787,0.80244780,0.79950875,0.80013138,0.80436031,0.81196119,0.82247695,0.83530831,0.84980021,0.86531618,0.88128803,0.89723559,0.91275901,0.92751298,0.94117551,0.95342443,0.96393130,0.97237727,0.97848846,0.98208248,0.98311388,0.98170584,0.97815819,0.97292714,0.96657888,0.95972464,0.95294927,0.94674642,0.94147208,0.93732418,0.93434989,0.93247645,0.93155623,0.93141441,0.93188811,0.93284928,0.93420837,0.93590081,0.93786262,0.94000366,0.94218748,0.94422485,0.94588459,0.94692084,0.94711116,0.94629747,0.94442048,0.94154009,0.93783782,0.93360055,0.92918926,0.92499813,0.92141107,0.91876204,0.91730424,0.91719031,0.91846331,0.92105550,0.92479156
0.97222950,0.97831032,0.98336667,0.98748011,0.99070486,0.99305273,0.99448848,0.99493590,0.99429352,0.99245829,0.98935452,0.98496466,0.97935737,0.97270793,0.96530628,0.95754949,0.94991801,0.94293702,0.93712694,0.93294843,0.93074881,0.93071716,0.93285497,0.93696702,0.94267424,0.94944665,0.95665154,0.96361060,0.96965941,0.97420334,0.97676537,0.97702263,0.97482981,0.97022900,0.96344672,0.95487939,0.94506814,0.93466410,0.92438438,0.91496000,0.90707765,0.90131902,0.89810254,0.89763347,0.89986845,0.90450006,0.91096558,0.91848162,0.92610357,0.93280522,0.93757117,0.93949293,0.93785848,0.93222627,0.92247591,0.90883058,0.89184899,0.87238800,0.85153992,0.83055070,0.81072654,0.79333694,0.77952162,0.77020823,0.76604632,0.76736220,0.77413735,0.78601150,0.80230966,0.82209070,0.84421367,0.86741722,0.89040629,0.91194009,0.93091498,0.94643657,0.95787584,0.96490563,0.96751517,0.96600170,0.96093969,0.95312996,0.94353228,0.93318667,0.92312958,0.91431194,0.90752555,0.90334417,0.90208424,0.90378875,0.90823589,0.91497138,0.92336068,0.93265485,0.94206206,0.95081603,0.95823407,0.96375918,0.96698351,0.96765353
0.92653185,0.92147225,0.91881876,0.91916039,0.92262699,0.92885215,0.93702682,0.94603692,0.95465966,0.96177873,0.96657349,0.96864292,0.96804071,0.96521883,0.96089759,0.95589483,0.95095355,0.94660460,0.94309090,0.94036482,0.93815329,0.93607011,0.93374508,0.93093697,0.92760308,0.92391036,0.92018780,0.91683451,0.91420693,0.91251272,0.91173557,0.91160735,0.91163271,0.91115987,0.90948163,0.90594504,0.90004820,0.89150648,0.88027919,0.86655675,0.85071670,0.83326252,0.81476054,0.79578806,0.77690094,0.75862264,0.74145083,0.72587308,0.71238149,0.70147658,0.69365436,0.68937539,0.68901981,0.69283637,0.70089555,0.71305626,0.72895327,0.74800863,0.76946625,0.79244528,0.81600512,0.83921351,0.86120992,0.88125760,0.89878069,0.91338516,0.92486467,0.93319371,0.93851084,0.94109515,0.94133834,0.93971477,0.93675094,0.93299519,0.92898827,0.92523512,0.92217878,0.92017759,0.91948714,0.92024825,0.92248149,0.92608879,0.93086194,0.93649815,0.94262216,0.94881408,0.95464159,0.95969419,0.96361692,0.96614065,0.96710611,0.96647853,0.96435066,0.96093247,0.95652766,0.95149907,0.94622700,0.94106564,0.93630316,0.93213018
0.96024695,0.95862863,0.95878995,0.96054482,0.96333447,0.96639011,0.96892237,0.97029579,0.97015345,0.96847026,0.96553154,0.96185030,0.95804870,0.95473355,0.95239310,0.95133327,0.95165956,0.95329936,0.95605004,0.95963508,0.96375172,0.96810040,0.97239398,0.97635176,0.97968813,0.98210595,0.98330267,0.98299274,0.98094394,0.97702035,0.97122115,0.96370434,0.95478756,0.94492378,0.93465618,0.92456093,0.91518903,0.90701701,0.90041354,0.89562421,0.89277260,0.89187221,0.89284211,0.89551989,0.89966832,0.90497648,0.91105963,0.91746493,0.92368873,0.92920897,0.93353136,0.93624369,0.93706881,0.93590549,0.93284696,0.92817062,0.92229845,0.91573391,0.90898741,0.90250506,0.89661518,0.89150276,0.88721596,0.88370152,0.88085941,0.87860292,0.87690904,0.87584618,0.87557222,0.87630305,0.87825992,0.88160885,0.88640779,0.89257446,0.89988323,0.90799187,0.91649242,0.92497452,0.93308658,0.94058050,0.94732943,0.95331514,0.95858912,0.96321865,0.96723304,0.97058502,0.97313865,0.97468828,0.97500539,0.97390306,0.97130285,0.96728737,0.96212402,0.95625152,0.95022916,0.94465710,0.94008292,0.93691233,0.93534106,0.93531996
0.88843930,0.88168454,0.87551578,0.87031740,0.86621598,0.86311032,0.86075231,0.85885662,0.85721070,0.85575624,0.85462147,0.85409633,0.85455746,0.85636214,0.85973767,0.86469301,0.87097363,0.87807041,0.88528077,0.89180913,0.89688573,0.89988017,0.90038861,0.89828038,0.89369943,0.88702517,0.87880517,0.86967593,0.86028792,0.85124703,0.84307843,0.83621191,0.83098255,0.82763848,0.82634748,0.82719742,0.83018898,0.83522311,0.84208864,0.85045648,0.85988639,0.86984946,0.87976579,0.88905268,0.89717622,0.90369831,0.90831240,0.91086389,0.91135410,0.90992943,0.90685943,0.90250834,0.89730475,0.89171228,0.88620277,0.88123120,0.87721120,0.87449032,0.87332569,0.87386253,0.87611903,0.87998133,0.88521132,0.89146853,0.89834488,0.90540825,0.91224864,0.91851912,0.92396431,0.92843185,0.93186594,0.93428641,0.93575967,0.93636912,0.93619237,0.93529050,0.93371152,0.93150648,0.92875313,0.92557903,0.92217577,0.91879766,0.91574250,0.91331680,0.91179259,0.91136506,0.91212061,0.91402310,0.91692210,0.92058231,0.92472868,0.92909715,0.93347943,0.93775077,0.94187365,0.94587603,0.94980890,0.95369324,0.95746854,0.96095526
0.95605301,0.96061438,0.96485316,0.96815018,0.97009612,0.97055948,0.96968219,0.96781267,0.96539971,0.96287751,0.96057108,0.95864322,0.95709183,0.95579216,0.95456777,0.95326773,0.95182846,0.95030466,0.94886396,0.94775004,0.94722658,0.94751814,0.94876273,0.95098619,0.95410178,0.95793154,0.96224121,0.96677765,0.97129917,0.97559257,0.97947609,0.98279279,0.98540177,0.98717488,0.98800401,0.98781949,0.98661528,0.98447366,0.98158041,0.97822302,0.97476834,0.97162070,0.96916714,0.96772017,0.96746998,0.96845642,0.97056665,0.97355868,0.97710515,0.98084727,0.98444750,0.98763008,0.99020257,0.99205642,0.99315005,0.99348212,0.99306462,0.99190445,0.98999921,0.98734791,0.98397267,0.97994384,0.97539961,0.97055221,0.96567641,0.96108065,0.95706608,0.95388241,0.95169095,0.95054348,0.95038218,0.95106091,0.95238249,0.95414329,0.95617435,0.95836920,0.96069198,0.96316478,0.96583798,0.96875221,0.97190221,0.97521214,0.97852899,0.98163596,0.98428258,0.98622449,0.98726325,0.98727680,0.98623386,0.98418984,0.98126697,0.97762511,0.97343202,0.96884089,0.96398043,0.95895843,0.95387534,0.94884106,0.94398623,0.93946051
0.98713714,0.98692048,0.98726361,0.98782110,0.98811115,0.98764391,0.98603455,0.98308050,0.97879170,0.97337384,0.96717411,0.96060571,0.95407027,0.94789527,0.94229841,0.93738234,0.93315579,0.92957060,0.92656236,0.92408327,0.92211983,0.92069298,0.91984245,0.91960072,0.91996401,0.92086788,0.92217398,0.92367133,0.92509185,0.92613641,0.92650582,0.92593104,0.92419841,0.92116758,0.91678163,0.91106985,0.90414424,0.89619125,0.88746000,0.87824804,0.86888496,0.85971408,0.85107220,0.84326853,0.83656468,0.83115861,0.82717490,0.82466306,0.82360382,0.82392186,0.82550222,0.82820703,0.83188893,0.83639873,0.84158604,0.84729375,0.85334944,0.85955753,0.86569659,0.87152451,0.87679261,0.88126701,0.88475380,0.88712295,0.88832590,0.88840246,0.88747514,0.88573151,0.88339818,0.88071190,0.87789369,0.87513089,0.87257011,0.87032091,0.86846748,0.86708351,0.86624448,0.86603205,0.86652768,0.86779536,0.86985719,0.87266795,0.87609614,0.87991792,0.88382813,0.88746846,0.89046951,0.89249978,0.89331312,0.89278565,0.89093517,0.88791898,0.88401069,0.87956040,0.87494652,0.87052813,0.86660629,0.86339946,0.86103442,0.85955013
0.94483202,0.94015240,0.93639744,0.93373092,0.93213997,0.93149173,0.93159332,0.93224623,0.93328952,0.93462873,0.93624913,0.93821380,0.94064726,0.94370698,0.94754575,0.95226922,0.95789389,0.96431162,0.97126688,0.97835266,0.98502931,0.99066757,0.99461293,0.99626380,0.99515255,0.99101690,0.98384998,0.97392101,0.96176282,0.94812774,0.93391787,0.92009927,0.90761161,0.89728459,0.88977013,0.88549553,0.88463835,0.88712005,0.89261371,0.90056130,0.91019775,0.92058172,0.93063509,0.93919457,0.94507866,0.94717110,0.94451840,0.93643458,0.92260129,0.90314882,0.87870282,0.85038407,0.81975450,0.78870981,0.75932707,0.73368292,0.71366295,0.70078484,0.69605617,0.69988275,0.71203577,0.73167772,0.75743960,0.78753666,0.81990738,0.85236065,0.88271862,0.90894630,0.92926334,0.94223683,0.94685614,0.94259080,0.92943076,0.90790571,0.87907806,0.84450353,0.80615501,0.76630886,0.72739770,0.69183943,0.66185679,0.63930573,0.62553125,0.62126796,0.62659669,0.64096133,0.66324188,0.69187217,0.72498644,0.76057646,0.79664229,0.83132269,0.86299583,0.89034673,0.91240281,0.92854327,0.93848967,0.94228491,0.94026529,0.93302719
0.91962225,0.91714623,0.91631563,0.91779607,0.92184658,0.92823989,0.93628097,0.94492366,0.95296237,0.95925815,0.96294986,0.96360486,0.96127896,0.95647709,0.95002918,0.94291320,0.93606622,0.93022385,0.92581906,0.92295622,0.92145868,0.92097160,0.92109060,0.92148312,0.92197382,0.92257662,0.92347061,0.92493073,0.92723435,0.93056879,0.93496269,0.94025681,0.94611945,0.95210068,0.95771115,0.96250615,0.96615622,0.96848992,0.96950228,0.96933086,0.96820863,0.96640698,0.96418310,0.96174278,0.95922467,0.95670592,0.95422366,0.95180347,0.94948512,0.94733749,0.94545827,0.94395870,0.94293760,0.94245189,0.94249165,0.94296597,0.94370353,0.94446791,0.94498459,0.94497465,0.94418893,0.94243721,0.93960841,0.93568007,0.93071761,0.92486570,0.91833467,0.91138481,0.90431026,0.89742324,0.89103851,0.88545762,0.88095304,0.87775244,0.87602435,0.87586664,0.87729991,0.88026717,0.88464061,0.89023491,0.89682475,0.90416339,0.91199885,0.92008505,0.92818683,0.93607959,0.94354575,0.95037089,0.95634264,0.96125437,0.96491461,0.96716122,0.96787785,0.96700876,0.96456811,0.96064043,0.95537108,0.94894805,0.94157857,0.93346523
0.97656717,0.97496123,0.97292299,0.97020002,0.96659469,0.96202434,0.95653608,0.95028420,0.94348767,0.93638711,0.92921698,0.92220024,0.91556326,0.90956081,0.90449694,0.90072767,0.89863645,0.89858171,0.90082524,0.90545779,0.91234156,0.92108626,0.93106794,0.94148932,0.95147107,0.96015695,0.96681363,0.97090805,0.97215104,0.97050353,0.96614996,0.95945041,0.95088601,0.94101103,0.93042005,0.91973125,0.90958033,0.90061479,0.89347823,0.88877657,0.88702449,0.88857702,0.89355806,0.90180182,0.91282352,0.92583183,0.93978784,0.95350592,0.96578298,0.97553630,0.98192772,0.98445449,0.98299295,0.97779036,0.96940964,0.95864026,0.94639340,0.93360042,0.92113015,0.90973403,0.90002044,0.89245290,0.88736190,0.88495932,0.88534595,0.88850784,0.89430257,0.90244244,0.91248429,0.92383607,0.93578690,0.94756187,0.95839655,0.96762015,0.97473313,0.97946430,0.98179580,0.98195036,0.98034264,0.97750428,0.97399733,0.97033263,0.96690806,0.96397626,0.96164472,0.95990398,0.95867376,0.95785393,0.95736702,0.95718238,0.95731765,0.95781949,0.95873141,0.96005949,0.96174687,0.96366509,0.96562484,0.96740322,0.96877960,0.96956960
0.87390565,0.87701062,0.88350557,0.89314506,0.90533305,0.91918443,0.93362599,0.94752269,0.95981018,0.96961227,0.97632508,0.97965629,0.97961726,0.97647512,0.97067887,0.96277664,0.95334071,0.94291244,0.93197345,0.92094221,0.91018933,0.90006081,0.89089797,0.88304443,0.87683562,0.87257150,0.87047814,0.87066749,0.87310523,0.87759557,0.88378806,0.89120695,0.89929859,0.90748885,0.91524065,0.92210221,0.92773940,0.93194886,0.93465312,0.93588192,0.93574598,0.93441024,0.93207177,0.92894557,0.92525833,0.92124771,0.91716352,0.91326658,0.90982267,0.90709004,0.90530160,0.90464414,0.90523844,0.90712428,0.91025327,0.91449114,0.91962856,0.92539826,0.93149501,0.93759534,0.94337451,0.94851989,0.95274087,0.95577658,0.95740337,0.95744378,0.95577775,0.95235581,0.94721212,0.94047424,0.93236673,0.92320610,0.91338642,0.90335653,0.89359099,0.88455826,0.87668972,0.87035347,0.86583549,0.86332926,0.86293317,0.86465306,0.86840687,0.87402908,0.88127386,0.88981786,0.89926461,0.90915328,0.91897417,0.92819259,0.93628117,0.94275848,0.94722944,0.94942140,0.94920878,0.94662103,0.94183132,0.93512743,0.92686959,0.91744232
0.93518970,0.93764050,0.94021676,0.94209944,0.94249816,0.94082503,0.93681813,0.93059211,0.92261042,0.91359031,0.90436596,0.89574177,0.88836675,0.88265243,0.87874431,0.87654362,0.87576595,0.87601751,0.87686961,0.87791628,0.87880747,0.87925886,0.87904563,0.87799108,0.87596023,0.87286431,0.86867676,0.86345587,0.85736586,0.85068713,0.84380835,0.83719727,0.83135230,0.82674251,0.82374675,0.82260356,0.82338082,0.82596979,0.83010253,0.83538715,0.84135259,0.84749400,0.85331132,0.85833712,0.86215366,0.86440268,0.86479372,0.86311641,0.85925995,0.85323879,0.84521978,0.83554275,0.82472589,0.81344890,0.80251033,0.79276076,0.78501880,0.77998121,0.77814122,0.77972823,0.78467921,0.79264606,0.80303708,0.81508473,0.82792813,0.84069721,0.85258675,0.86291165,0.87113955,0.87690195,0.87998904,0.88033620,0.87800966,0.87319681,0.86620264,0.85744984,0.84747754,0.83693229,0.82654609,0.81709874,0.80936510,0.80405202,0.80173264,0.80278795,0.80736546,0.81536234,0.82643669,0.84004544,0.85550297,0.87205159,0.88893361,0.90545534,0.92103554,0.93523374,0.94775765,0.95845188,0.96727326,0.97425883,0.97949276,0.98307654
0.80256835,0.82045862,0.84167361,0.86494662,0.88868748,0.91114042,0.93058637,0.94555714,0.95502177,0.95850822,0.95613538,0.94855052,0.93678813,0.92208313,0.90567893,0.88866848,0.87189588,0.85593020,0.84110638,0.82761298,0.81559726,0.80525559,0.79688345,0.79087202,0.78765377,0.78761360,0.79099049,0.79779616,0.80777161,0.82039215,0.83491920,0.85048607,0.86619679,0.88121550,0.89482706,0.90645907,0.91566624,0.92208880,0.92540336,0.92528618,0.92140469,0.91344494,0.90117223,0.88451275,0.86363720,0.83902560,0.81149573,0.78218492,0.75248475,0.72393772,0.69811187,0.67647256,0.66026933,0.65045097,0.64761477,0.65198855,0.66343836,0.68149203,0.70536943,0.73401355,0.76612160,0.80017989,0.83450942,0.86732907,0.89684124,0.92133866,0.93932550,0.94963946,0.95155865,0.94487694,0.92993566,0.90760564,0.87922149,0.84647698,0.81129550,0.77569203,0.74164215,0.71096975,0.68525970,0.66579548,0.65351777,0.64899781,0.65242060,0.66357594,0.68185881,0.70628397,0.73552108,0.76795621,0.80178258,0.83511800,0.86614041,0.89322654,0.91507595,0.93080261,0.93998124,0.94264314,0.93922459,0.93047922,0.91737047,0.90096225
0.89272958,0.90010121,0.91058729,0.92320214,0.93662680,0.94944605,0.96038569,0.96850399,0.97330376,0.97475098,0.97320671,0.96929787,0.96376236,0.95730534,0.95049595,0.94371982,0.93718813,0.93099005,0.92516693,0.91978422,0.91498068,0.91098301,0.90808432,0.90659442,0.90677639,0.90878599,0.91262848,0.91814205,0.92501046,0.93280047,0.94101445,0.94914646,0.95673084,0.96337564,0.96877815,0.97272438,0.97507746,0.97576168,0.97474803,0.97204556,0.96769988,0.96179750,0.95447265,0.94591247,0.93635697,0.92609217,0.91543687,0.90472525,0.89428868,0.88443977,0.87546097,0.86759866,0.86106206,0.85602507,0.85262855,0.85098044,0.85115225,0.85317160,0.85701239,0.86258483,0.86972853,0.87821090,0.88773271,0.89794092,0.90844778,0.91885413,0.92877407,0.93785811,0.94581226,0.95241146,0.95750680,0.96102688,0.96297439,0.96341926,0.96248961,0.96036153,0.95724820,0.95338887,0.94903741,0.94445070,0.93987647,0.93554104,0.93163731,0.92831390,0.92566673,0.92373386,0.92249469,0.92187382,0.92174984,0.92196882,0.92236178,0.92276498,0.92304043,0.92309411,0.92288834,0.92244604,0.92184510,0.92120297,0.92065263,0.92031242
0.96741682,0.97047770,0.97325775,0.97585942,0.97831150,0.98056835,0.98252643,0.98405619,0.98504323,0.98542927,0.98524289,0.98461120,0.98374799,0.98291958,0.98239460,0.98238816,0.98301203,0.98424157,0.98590720,0.98771324,0.98928180,0.99021375,0.99015519,0.98885621,0.98621110,0.98227283,0.97724116,0.97142835,0.96521123,0.95897961,0.95309105,0.94783962,0.94344246,0.94004369,0.93773057,0.93655459,0.93654897,0.93773620,0.94012273,0.94368225,0.94833238,0.95391251,0.96017036,0.96676359,0.97327983,0.97927404,0.98431819,0.98805477,0.99024424,0.99079739,0.98978620,0.98743136,0.98406872,0.98010114,0.97594442,0.97197691,0.96850104,0.96572198,0.96374484,0.96258790,0.96220587,0.96251618,0.96342139,0.96482289,0.96662416,0.96872498,0.97101035,0.97333984,0.97554270,0.97742271,0.97877404,0.97940615,0.97917305,0.97800056,0.97590527,0.97300018,0.96948491,0.96562137,0.96169894,0.95799534,0.95474069,0.95209130,0.95011779,0.94880889,0.94808883,0.94784340,0.94794851,0.94829486,0.94880426,0.94943500,0.95017659,0.95103660,0.95202372,0.95313218,0.95433161,0.95556463,0.95675215,0.95780368,0.95862859,0.95914397
0.90888218,0.91122717,0.91557985,0.92161566,0.92882344,0.93653915,0.94399162,0.95036605,0.95488701,0.95691583,0.95604954,0.95220364,0.94566025,0.93706748,0.92738415,0.91777315,0.90945654,0.90355286,0.90092165,0.90204033,0.90693401,0.91516938,0.92591208,0.93803582,0.95026301,0.96131347,0.97003959,0.97553147,0.97718318,0.97471947,0.96818862,0.95793168,0.94453960,0.92880726,0.91168939,0.89425764,0.87765471,0.86303922,0.85151692,0.84405741,0.84140126,0.84396733,0.85177437,0.86439234,0.88093638,0.90011191,0.92031083,0.93975127,0.95664525,0.96937386,0.97664792,0.97763420,0.97203217,0.96009407,0.94258892,0.92071861,0.89599961,0.87012622,0.84483140,0.82175829,0.80235158,0.78777365,0.77884607,0.77601491,0.77933704,0.78848553,0.80277322,0.82119479,0.84248796,0.86521319,0.88784948,0.90890147,0.92701009,0.94105775,0.95025714,0.95421396,0.95295534,0.94692010,0.93691154,0.92401833,0.90951302,0.89473949,0.88100107,0.86945996,0.86105584,0.85644890,0.85598881,0.85970874,0.86734071,0.87834856,0.89197430,0.90729484,0.92328612,0.93889201,0.95309425,0.96497943,0.97379816,0.97901194,0.98032370,0.97768888
0.91306561,0.92735498,0.93942190,0.94893692,0.95554917,0.95890478,0.95870737,0.95480920,0.94731128,0.93664449,0.92360472,0.90932361,0.89517024,0.88259535,0.87294326,0.86726475,0.86616479,0.86971314,0.87743452,0.88838114,0.90127529,0.91469724,0.92728526,0.93791347,0.94581876,0.95065980,0.95250554,0.95176414,0.94907277,0.94517344,0.94079839,0.93658346,0.93301885,0.93043748,0.92903261,0.92889116,0.93002771,0.93240751,0.93595266,0.94053276,0.94594727,0.95191016,0.95804721,0.96391360,0.96903352,0.97295779,0.97532939,0.97594372,0.97479010,0.97206403,0.96814581,0.96354796,0.95884044,0.95456711,0.95116869,0.94892568,0.94793067,0.94809302,0.94917246,0.95083263,0.95270229,0.95443203,0.95573660,0.95641779,0.95636748,0.95555538,0.95400855,0.95179091,0.94898931,0.94570972,0.94208248,0.93827235,0.93448620,0.93097188,0.92800346,0.92585216,0.92474631,0.92482736,0.92611091,0.92846232,0.93159432,0.93509029,0.93845152,0.94116188,0.94275914,0.94290080,0.94141347,0.93831786,0.93382648,0.92831543,0.92227646,0.91625783,0.91080393,0.90640240,0.90344457,0.90220107,0.90281044,0.90527611,0.90946680,0.91511665
0.95727204,0.95237031,0.94628071,0.93912452,0.93101899,0.92211748,0.91264414,0.90291526,0.89334175,0.88440903,0.87663387,0.87050159,0.86639133,0.86450097,0.86478523,0.86691921,0.87029663,0.87406683,0.87720936,0.87863969,0.87733450,0.87246125,0.86349408,0.85029928,0.83317725,0.81285489,0.79042983,0.76727450,0.74491283,0.72488442,0.70861141,0.69728151,0.69175802,0.69252277,0.69965338,0.71283128,0.73137440,0.75428723,0.78032217,0.80804798,0.83592305,0.86237277,0.88587060,0.90502208,0.91865000,0.92587668,0.92619721,0.91953597,0.90627742,0.88726390,0.86375524,0.83734959,0.80986936,0.78322131,0.75924371,0.73955616,0.72542844,0.71768281,0.71664053,0.72211746,0.73346733,0.74966551,0.76942131,0.79130446,0.81387110,0.83577632,0.85586370,0.87322655,0.88724011,0.89756775,0.90414696,0.90716148,0.90700565,0.90424478,0.89957313,0.89376912,0.88764651,0.88200045,0.87754925,0.87487488,0.87436745,0.87618102,0.88020794,0.88607846,0.89318899,0.90075902,0.90791183,0.91377009,0.91755430,0.91867089,0.91677779,0.91181884,0.90402318,0.89387138,0.88203507,0.86930016,0.85648507,0.84436421,0.83360463,0.82471981
0.95424467,0.95261003,0.95308998,0.95558020,0.95956759,0.96425506,0.96872682,0.97211964,0.97376750,0.97329506,0.97064810,0.96606285,0.95998804,0.95298160,0.94560588,0.93834248,0.93153973,0.92539685,0.91998019,0.91526088,0.91116097,0.90759601,0.90450496,0.90186265,0.89967464,0.89795810,0.89671551,0.89590910,0.89544292,0.89515700,0.89483477,0.89422194,0.89305336,0.89108336,0.88811525,0.88402573,0.87878091,0.87244142,0.86515614,0.85714545,0.84867686,0.84003652,0.83150052,0.82330993,0.81565301,0.80865714,0.80239185,0.79688201,0.79212816,0.78812938,0.78490299,0.78249653,0.78098856,0.78047736,0.78105916,0.78279943,0.78570316,0.78969057,0.79458413,0.80011127,0.80592356,0.81163005,0.81683960,0.82120521,0.82446330,0.82646188,0.82717368,0.82669324,0.82521976,0.82303035,0.82044929,0.81781941,0.81547968,0.81375095,0.81292884,0.81328102,0.81504469,0.81842072,0.82356198,0.83055541,0.83939979,0.84998329,0.86206605,0.87527340,0.88910389,0.90295387,0.91615726,0.92803634,0.93795728,0.94538319,0.94991816,0.95133679,0.94959631,0.94483081,0.93732980,0.92750561,0.91585487,0.90291961,0.88925154,0.87538153
0.88865720,0.87167416,0.85732743,0.84648368,0.83970171,0.83723898,0.83906539,0.84488147,0.85414291,0.86609614,0.87982867,0.89433431,0.90858932,0.92163219,0.93263782,0.94097699,0.94625384,0.94831747,0.94724879,0.94332815,0.93699264,0.92879241,0.91935229,0.90934102,0.89944554,0.89034557,0.88268341,0.87702590,0.87381914,0.87334035,0.87565491,0.88058869,0.88772544,0.89643573,0.90593808,0.91538560,0.92396518,0.93099256,0.93598696,0.93871233,0.93917932,0.93760941,0.93437005,0.92989537,0.92460898,0.91886423,0.91291247,0.90690234,0.90090606,0.89496233,0.88912255,0.88348752,0.87822508,0.87356480,0.86977187,0.86710784,0.86578863,0.86595094,0.86763476,0.87078552,0.87527332,0.88092246,0.88754190,0.89494765,0.90297063,0.91144860,0.92020522,0.92902400,0.93762700,0.94566752,0.95274316,0.95843065,0.96233797,0.96416498,0.96376040,0.96116316,0.95661873,0.95056566,0.94359382,0.93638094,0.92961841,0.92393814,0.91985157,0.91770811,0.91767573,0.91974212,0.92373120,0.92932836,0.93610845,0.94356268,0.95112365,0.95819038,0.96415666,0.96844568,0.97055182,0.97008735,0.96682866,0.96075374,0.95206227,0.94117053
0.91661078,0.92235637,0.92902634,0.93648053,0.94440516,0.95234930,0.95977929,0.96614920,0.97098178,0.97394880,0.97493572,0.97407554,0.97174159,0.96849735,0.96501085,0.96194841,0.95986625,0.95911972,0.95980717,0.96176030,0.96458438,0.96774085,0.97065522,0.97282657,0.97391518,0.97379089,0.97253465,0.97039666,0.96772351,0.96487218,0.96213061,0.95966257,0.95748820,0.95550307,0.95352871,0.95137963,0.94892821,0.94615020,0.94313943,0.94008872,0.93724234,0.93483236,0.93301470,0.93182102,0.93113863,0.93072384,0.93024592,0.92935110,0.92773167,0.92518434,0.92164525,0.91719500,0.91203446,0.90643848,0.90069999,0.89507834,0.88976461,0.88487118,0.88044654,0.87650909,0.87308880,0.87026360,0.86817890,0.86704318,0.86709842,0.86857105,0.87161405,0.87625401,0.88235633,0.88961819,0.89759246,0.90573873,0.91349171,0.92033325,0.92585420,0.92979456,0.93205566,0.93268424,0.93183472,0.92972035,0.92656629,0.92257573,0.91791660,0.91272967,0.90715337,0.90135581,0.89556242,0.89006912,0.88523392,0.88144582,0.87907536,0.87841629,0.87963064,0.88270957,0.88745928,0.89351549,0.90038410,0.90749911,0.91428598,0.92021767
0.98193433,0.98046740,0.97910677,0.97781554,0.97640522,0.97461648,0.97221813,0.96910228,0.96535302,0.96127049,0.95734194,0.95416394,0.95233164,0.95231895,0.95437542,0.95846205,0.96423925,0.97110968,0.97830729,0.98501488,0.99048718,0.99415578,0.99569681,0.99505125,0.99239806,0.98809068,0.98257398,0.97630113,0.96966735,0.96297136,0.95640773,0.95008555,0.94406326,0.93838662,0.93311766,0.92834591,0.92417906,0.92071606,0.91801096,0.91603830,0.91467063,0.91367553,0.91273499,0.91148433,0.90956381,0.90667332,0.90262024,0.89735210,0.89096892,0.88371395,0.87594539,0.86809473,0.86061880,0.85395264,0.84846856,0.84444492,0.84204601,0.84131288,0.84216439,0.84440703,0.84775238,0.85184067,0.85626930,0.86062478,0.86451638,0.86760880,0.86965074,0.87049568,0.87011205,0.86858143,0.86608525,0.86288258,0.85928254,0.85561529,0.85220526,0.84934937,0.84730174,0.84626483,0.84638534,0.84775201,0.85039285,0.85427055,0.85927691,0.86522924,0.87187243,0.87889002,0.88592591,0.89261622,0.89862801,0.90369980,0.90767671,0.91053290,0.91237531,0.91342548,0.91398122,0.91436361,0.91485891,0.91566554,0.91685558,0.91835722
0.96571889,0.95835330,0.94800757,0.93459583,0.91804826,0.89836443,0.87567746,0.85031713,0.82285887,0.79414758,0.76528838,0.73760086,0.71253762,0.69157281,0.67607030,0.66714477,0.66553079,0.67147512,0.68466583,0.70420881,0.72865855,0.75610483,0.78431158,0.81089700,0.83353834,0.85018019,0.85922395,0.85967815,0.85125386,0.83439585,0.81024691,0.78055008,0.74749992,0.71355915,0.68126030,0.65301145,0.63092290,0.61666646,0.61137390,0.61557673,0.62918601,0.65150920,0.68130043,0.71684019,0.75604113,0.79657637,0.83602603,0.87203637,0.90248295,0.92562671,0.94024954,0.94575522,0.94222305,0.93040541,0.91166568,0.88786049,0.86117669,0.83393983,0.80841460,0.78661849,0.77016771,0.76016926,0.75716666,0.76113941,0.77155022,0.78742925,0.80748200,0.83020758,0.85401580,0.87733458,0.89870290,0.91684720,0.93074153,0.93965217,0.94316738,0.94121160,0.93404268,0.92223025,0.90661404,0.88824290,0.86829797,0.84800610,0.82855175,0.81099615,0.79621215,0.78484083,0.77727308,0.77365564,0.77391738,0.77780915,0.78494889,0.79486418,0.80702642,0.82087378,0.83582295,0.85127262,0.86660263,0.88117373,0.89433184,0.90541963
0.82890685,0.81297532,0.80143178,0.79550794,0.79570835,0.80176875,0.81274475,0.82721026,0.84352161,0.86009118,0.87561480,0.88921158,0.90045861,0.90932830,0.91605762,0.92099037,0.92443451,0.92656754,0.92740696,0.92684416,0.92472327,0.92093643,0.91550515,0.90862391,0.90065537,0.89208042,0.88341890,0.87514348,0.86760949,0.86101795,0.85541875,0.85074978,0.84689785,0.84376226,0.84130249,0.83955712,0.83863035,0.83865163,0.83972163,0.84186086,0.84497616,0.84885528,0.85319183,0.85763451,0.86184829,0.86557237,0.86866133,0.87110120,0.87299890,0.87455042,0.87599760,0.87758492,0.87952638,0.88198808,0.88508663,0.88889828,0.89347015,0.89882516,0.90495503,0.91180116,0.91922868,0.92700285,0.93477855,0.94211153,0.94849546,0.95342264,0.95645899,0.95731916,0.95592539,0.95243601,0.94723563,0.94088725,0.93405513,0.92741316,0.92155668,0.91693414,0.91381025,0.91226524,0.91222589,0.91351737,0.91591992,0.91921513,0.92321044,0.92773824,0.93263399,0.93770421,0.94269844,0.94729849,0.95113318,0.95382000,0.95502631,0.95453627,0.95230558,0.94848780,0.94342119,0.93757476,0.93146185,0.92553839,0.92010746,0.91525146
0.93132521,0.92451519,0.91922612,0.91596303,0.91493768,0.91602767,0.91877880,0.92245596,0.92614034,0.92886250,0.92975201,0.92817853,0.92385921,0.91691245,0.90784816,0.89749614,0.88688478,0.87709020,0.86908080,0.86358280,0.86098933,0.86132739,0.86428560,0.86929380,0.87563475,0.88256388,0.88941334,0.89566269,0.90096744,0.90514647,0.90813800,0.90993994,0.91055306,0.90994349,0.90803497,0.90473294,0.89997312,0.89378064,0.88632238,0.87793686,0.86913081,0.86053951,0.85285613,0.84674279,0.84274054,0.84119603,0.84221948,0.84568150,0.85124803,0.85844459,0.86673504,0.87559830,0.88458730,0.89336027,0.90168075,0.90939089,0.91636867,0.92248281,0.92755957,0.93137148,0.93365219,0.93413492,0.93260544,0.92895682,0.92323250,0.91564654,0.90657519,0.89652061,0.88605384,0.87574861,0.86611941,0.85757556,0.85039927,0.84474942,0.84068704,0.83821353,0.83730996,0.83796650,0.84019427,0.84401700,0.84944590,0.85644529,0.86489941,0.87459048,0.88519550,0.89630477,0.90745974,0.91820278,0.92812856,0.93692579,0.94440089,0.95047931,0.95518576,0.95860957,0.96086432,0.96205175,0.96223820,0.96144823,0.95967523,0.95690393
0.95829365,0.96392747,0.96980449,0.97547775,0.98034847,0.98375619,0.98510062,0.98397299,0.98026914,0.97425656,0.96657527,0.95816590,0.95013446,0.94357768,0.93940103,0.93816382,0.93997980,0.94449159,0.95092327,0.95820117,0.96512015,0.97052484,0.97347356,0.97335781,0.96996085,0.96345197,0.95432583,0.94330500,0.93122828,0.91894620,0.90723957,0.89676927,0.88805661,0.88148657,0.87732221,0.87571831,0.87672556,0.88028240,0.88619773,0.89413276,0.90359282,0.91393890,0.92442489,0.93426039,0.94269244,0.94909413,0.95304524,0.95439039,0.95326353,0.95007349,0.94545192,0.94017183,0.93504942,0.93084435,0.92817275,0.92744385,0.92882621,0.93224420,0.93740073,0.94381928,0.95089706,0.95796147,0.96432444,0.96933136,0.97240389,0.97307726,0.97103282,0.96612536,0.95840341,0.94811928,0.93572566,0.92185561,0.90728492,0.89287771,0.87951906,0.86804104,0.85915064,0.85336835,0.85098506,0.85204214,0.85633572,0.86344317,0.87276680,0.88358886,0.89513122,0.90661405,0.91730895,0.92658387,0.93393894,0.93903328,0.94170298,0.94196941,0.94003610,0.93627183,0.93117799,0.92534043,0.91936799,0.91382294,0.90915064,0.90561735
0.98020396,0.98126611,0.98093813,0.97932380,0.97640209,0.97211006,0.96642968,0.95945546,0.95142741,0.94272394,0.93382022,0.92522599,0.91742042,0.91079987,0.90564907,0.90213799,0.90034002,0.90026126,0.90186919,0.90510976,0.90990670,0.91614225,0.92362498,0.93205482,0.94099733,0.94987755,0.95800016,0.96459658,0.96889458,0.97020095,0.96798542,0.96195349,0.95209735,0.93871793,0.92241537,0.90404979,0.88467787,0.86547264,0.84763445,0.83230068,0.82046028,0.81287835,0.81003493,0.81208118,0.81881609,0.82968616,0.84380983,0.86002764,0.87697688,0.89318752,0.90719290,0.91764659,0.92343466,0.92377241,0.91827521,0.90699573,0.89042313,0.86944424,0.84527066,0.81934012,0.79320223,0.76840040,0.74636047,0.72829529,0.71513173,0.70746366,0.70553206,0.70923083,0.71813486,0.73154610,0.74855274,0.76809700,0.78904775,0.81027411,0.83071675,0.84945301,0.86575192,0.87911547,0.88930283,0.89633548,0.90048193,0.90222257,0.90219656,0.90113517,0.89978749,0.89884631,0.89888188,0.90029066,0.90326426,0.90778128,0.91362228,0.92040529,0.92763676,0.93477081,0.94126826,0.94664770,0.95052227,0.95261933,0.95278302,0.95096248
0.96008791,0.95750143,0.94894501,0.93519165,0.91734499,0.89674829,0.87488351,0.85327055,0.83337274,0.81650993,0.80377826,0.79597574,0.79353563,0.79647392,0.80436051,0.81632480,0.83110453,0.84714210,0.86272536,0.87616131,0.88596320,0.89102504,0.89075667,0.88515666,0.87481033,0.86081315,0.84463212,0.82792757,0.81236237,0.79942529,0.79029056,0.78572761,0.78606535,0.79120587,0.80067525,0.81369581,0.82926517,0.84623217,0.86336544,0.87941636,0.89318114,0.90356701,0.90966515,0.91082836,0.90674625,0.89750670,0.88363000,0.86606358,0.84612964,0.82542534,0.80568331,0.78860768,0.77570585,0.76813775,0.76660190,0.77127251,0.78179340,0.79732651,0.81664521,0.83825714,0.86054010,0.88187511,0.90076474,0.91592938,0.92637875,0.93145962,0.93088245,0.92473009,0.91345044,0.89783298,0.87896795,0.85818609,0.83697828,0.81689690,0.79944413,0.78595591,0.77749292,0.77475083,0.77800093,0.78706934,0.80135794,0.81990506,0.84147831,0.86468808,0.88810794,0.91038903,0.93035709,0.94708524,0.95993911,0.96859476,0.97303245,0.97351058,0.97052479,0.96475661,0.95701512,0.94817424,0.93910751,0.93062249,0.92339753,0.91792518
0.97158947,0.96313810,0.95528651,0.94864439,0.94356620,0.94014285,0.93824266,0.93759072,0.93786726,0.93880094,0.94023413,0.94214481,0.94462086,0.94779564,0.95176310,0.95649574,0.96178768,0.96723871,0.97228567,0.97627686,0.97857518,0.97866894,0.97626712,0.97135896,0.96422577,0.95540344,0.94560452,0.93561701,0.92619995,0.91799517,0.91146892,0.90688995,0.90434230,0.90376434,0.90500097,0.90785487,0.91212512,0.91762596,0.92418524,0.93162730,0.93974931,0.94830079,0.95697480,0.96541530,0.97324078,0.98007984,0.98561153,0.98960176,0.99192849,0.99259050,0.99169879,0.98945330,0.98611064,0.98194989,0.97724313,0.97223546,0.96713654,0.96212279,0.95734714,0.95295167,0.94907839,0.94587406,0.94348725,0.94205751,0.94169926,0.94248358,0.94442209,0.94745586,0.95145139,0.95620455,0.96145176,0.96688705,0.97218296,0.97701303,0.98107367,0.98410418,0.98590372,0.98634490,0.98538325,0.98306207,0.97951147,0.97494116,0.96962668,0.96388972,0.95807415,0.95251972,0.94753598,0.94337917,0.94023443,0.93820492,0.93730867,0.93748238,0.93859050,0.94043751,0.94278113,0.94534523,0.94783171,0.94993178,0.95133751,0.95175479
0.94690656,0.94738436,0.94775665,0.94801973,0.94810842,0.94793039,0.94739971,0.94646555,0.94513374,0.94347880,0.94164548,0.93983869,0.93830232,0.93728887,0.93702310,0.93766443,0.93927287,0.94178388,0.94499685,0.94858146,0.95210319,0.95506649,0.95696961,0.95736231,0.95589658,0.95236232,0.94670321,0.93901231,0.92951060,0.91851456,0.90640014,0.89357073,0.88043518,0.86739855,0.85486419,0.84324165,0.83295244,0.82442611,0.81808153,0.81429279,0.81334350,0.81537730,0.82035465,0.82802621,0.83793095,0.84942294,0.86172491,0.87400084,0.88543578,0.89530975,0.90305408,0.90828292,0.91079783,0.91056875,0.90769944,0.90238751,0.89488981,0.88550108,0.87454907,0.86240381,0.84949389,0.83631995,0.82345588,0.81153135,0.80119358,0.79305214,0.78761495,0.78522757,0.78602806,0.78992803,0.79662495,0.80564447,0.81640476,0.82829062,0.84072351,0.85321513,0.86539656,0.87701988,0.88793565,0.89805432,0.90730332,0.91559220,0.92279545,0.92875751,0.93331827,0.93635132,0.93780416,0.93772920,0.93629642,0.93378323,0.93054206,0.92695151,0.92336085,0.92003988,0.91714478,0.91470713,0.91264711,0.91080618,0.90898976,0.90700917
0.97901345,0.97875020,0.97951208,0.98156921,0.98477899,0.98863977,0.99241333,0.99529036,0.99656430,0.99577751,0.99281047,0.98789841,0.98157628,0.97456853,0.96765045,0.96151174,0.95664980,0.95331171,0.95149225,0.95098246,0.95145250,0.95254635,0.95396478,0.95551777,0.95713634,0.95884431,0.96070033,0.96272741,0.96484951,0.96685281,0.96838266,0.96897865,0.96814108,0.96541536,0.96047679,0.95319903,0.94369312,0.93231028,0.91960905,0.90629393,0.89313765,0.88090076,0.87026129,0.86176319,0.85578726,0.85254329,0.85207825,0.85429366,0.85896533,0.86576051,0.87425017,0.88391747,0.89416609,0.90433289,0.91370922,0.92157280,0.92722945,0.93006097,0.92957403,0.92544385,0.91754704,0.90597941,0.89105650,0.87329746,0.85339469,0.83217363,0.81054674,0.78946537,0.76987179,0.75265276,0.73859580,0.72834914,0.72238712,0.72098270,0.72418930,0.73183412,0.74352533,0.75867419,0.77653183,0.79623762,0.81687403,0.83752138,0.85730661,0.87544177,0.89125093,0.90418635,0.91383671,0.91993106,0.92234231,0.92109299,0.91636436,0.90850674,0.89804611,0.88567992,0.87225520,0.85872467,0.84608078,0.83527317,0.82711829,0.82221333
0.93336364,0.92795695,0.92144089,0.91431752,0.90690471,0.89941190,0.89204270,0.88509002,0.87899327,0.87433778,0.87179304,0.87200212,0.87544815,0.88232959,0.89247491,0.90531785,0.91994160,0.93518504,0.94979197,0.96257646,0.97257535,0.97916292,0.98211094,0.98158818,0.97810455,0.97241454,0.96539983,0.95795187,0.95087199,0.94480024,0.94017673,0.93723328,0.93600875,0.93637959,0.93809765,0.94082883,0.94418906,0.94777621,0.95119881,0.95410263,0.95619594,0.95727233,0.95722873,0.95607520,0.95393350,0.95102285,0.94763329,0.94408945,0.94070949,0.93776486,0.93544730,0.93384818,0.93295328,0.93265375,0.93277074,0.93308950,0.93339717,0.93351873,0.93334595,0.93285607,0.93211815,0.93128713,0.93058696,0.93028519,0.93066204,0.93197674,0.93443404,0.93815349,0.94314420,0.94928754,0.95633029,0.96388983,0.97147261,0.97850567,0.98438007,0.98850303,0.99035478,0.98954390,0.98585531,0.97928441,0.97005308,0.95860449,0.94557669,0.93175720,0.91802282,0.90527087,0.89434836,0.88598598,0.88074216,0.87896152,0.88075008,0.88596793,0.89423902,0.90497622,0.91741904,0.93068080,0.94380186,0.95580623,0.96575881,0.97282151
0.97208198,0.96439980,0.95738083,0.95172563,0.94786999,0.94595233,0.94583639,0.94718237,0.94954923,0.95250330,0.95570754,0.95897131,0.96225167,0.96560998,0.96913931,0.97288435,0.97677676,0.98060405,0.98402157,0.98660668,0.98794300,0.98771526,0.98579172,0.98227365,0.97749931,0.97200054,0.96642105,0.96141378,0.95753847,0.95517975,0.95450047,0.95543703,0.95773392,0.96100656,0.96481641,0.96874085,0.97242402,0.97560069,0.97809335,0.97978938,0.98060969,0.98048126,0.97932356,0.97705428,0.97361314,0.96899710,0.96329640,0.95671960,0.94959824,0.94236633,0.93551626,0.92953826,0.92485484,0.92176314,0.92039636,0.92071182,0.92250711,0.92546059,0.92918699,0.93329704,0.93744940,0.94138614,0.94494746,0.94806605,0.95074622,0.95303551,0.95499716,0.95668995,0.95815940,0.95944023,0.96056684,0.96158643,0.96256876,0.96360770,0.96481246,0.96628948,0.96811911,0.97033303,0.97289849,0.97571397,0.97861819,0.98141129,0.98388416,0.98585022,0.98717338,0.98778702,0.98770072,0.98699474,0.98580442,0.98429915,0.98266066,0.98106471,0.97966865,0.97860447,0.97797562,0.97785420,0.97827556,0.97922834,0.98064011,0.98236132
0.86289034,0.86499132,0.86936694,0.87534678,0.88221307,0.88930927,0.89612057,0.90231868,0.90776951,0.91250766,0.91668582,0.92051037,0.92417547,0.92780758,0.93142890,0.93494444,0.93815248,0.94077478,0.94250062,0.94303714,0.94215802,0.93974249,0.93579799,0.93046285,0.92398929,0.91671147,0.90900603,0.90125327,0.89380572,0.88696844,0.88099238,0.87607939,0.87239491,0.87008243,0.86927305,0.87008439,0.87260594,0.87687204,0.88282762,0.89029503,0.89895082,0.90832072,0.91779778,0.92668507,0.93425926,0.93984745,0.94290607,0.94308973,0.94029909,0.93470017,0.92671246,0.91696798,0.90624784,0.89540553,0.88528771,0.87666222,0.87016092,0.86624145,0.86516820,0.86700976,0.87164843,0.87879701,0.88801935,0.89875282,0.91033292,0.92202141,0.93304055,0.94261469,0.95001964,0.95463703,0.95600914,0.95388747,0.94826783,0.93940595,0.92780924,0.91420380,0.89947889,0.88461455,0.87060069,0.85835670,0.84866085,0.84209602,0.83901603,0.83953345,0.84352738,0.85066772,0.86045164,0.87224752,0.88534239,0.89898967,0.91245525,0.92506051,0.93622108,0.94547933,0.95252807,0.95722260,0.95957867,0.95975530,0.95802326,0.95472195
0.91581770,0.91420446,0.91218880,0.91026113,0.90875415,0.90789460,0.90786909,0.90887729,0.91115199,0.91493750,0.92043148,0.92770750,0.93664200,0.94686912,0.95778030,0.96857496,0.97835635,0.98625651,0.99156674,0.99384834,0.99300177,0.98928066,0.98324830,0.97568604,0.96747151,0.95944995,0.95232096,0.94655888,0.94237685,0.93973596,0.93839264,0.93797137,0.93804663,0.93821865,0.93817094,0.93770273,0.93673562,0.93529878,0.93350020,0.93149274,0.92944266,0.92750554,0.92581166,0.92445944,0.92351380,0.92300526,0.92292669,0.92322616,0.92379719,0.92447006,0.92500875,0.92511870,0.92446840,0.92272519,0.91960262,0.91491288,0.90861603,0.90085640,0.89197751,0.88250958,0.87312774,0.86458413,0.85762203,0.85288352,0.85082393,0.85164579,0.85526215,0.86129479,0.86910773,0.87787116,0.88664662,0.89448171,0.90050244,0.90399259,0.90445306,0.90163734,0.89556335,0.88650423,0.87496242,0.86163173,0.84735131,0.83305391,0.81970926,0.80826258,0.79956845,0.79432233,0.79299430,0.79577230,0.80252377,0.81278414,0.82577885,0.84048130,0.85570380,0.87021260,0.88285342,0.89267042,0.89900221,0.90154138,0.90034983,0.89582907
0.95786756,0.95262674,0.94796501,0.94425509,0.94166810,0.94021416,0.93979668,0.94026917,0.94148392,0.94332470,0.94571860,0.94862653,0.95201676,0.95582936,0.95994183,0.96414505,0.96813673,0.97153570,0.97391715,0.97486489,0.97403366,0.97121106,0.96636768,0.95968444,0.95154995,0.94252659,0.93328964,0.92454925,0.91696775,0.91108526,0.90726520,0.90566756,0.90625293,0.90881464,0.91303088,0.91852503,0.92492152,0.93188655,0.93914743,0.94648982,0.95373717,0.96072078,0.96725049,0.97309563,0.97798296,0.98161423,0.98370054,0.98400665,0.98239563,0.97886384,0.97355854,0.96677389,0.95892591,0.95051098,0.94205574,0.93406735,0.92699237,0.92118970,0.91691938,0.91434520,0.91354599,0.91452952,0.91724308,0.92157720,0.92736191,0.93435825,0.94225019,0.95064309,0.95907391,0.96703595,0.97401734,0.97954911,0.98325585,0.98490095,0.98441838,0.98192519,0.97771205,0.97221286,0.96595843,0.95952139,0.95346086,0.94827377,0.94435779,0.94198754,0.94130338,0.94231002,0.94488190,0.94877259,0.95362694,0.95899648,0.96435989,0.96915123,0.97279718,0.97476312,0.97460423,0.97201592,0.96687575,0.95926920,0.94949313,0.93803361
0.93016123,0.92964782,0.93017996,0.93209002,0.93553962,0.94043321,0.94637026,0.95266109,0.95841656,0.96270141,0.96472199,0.96400644,0.96053410,0.95478120,0.94766778,0.94041253,0.93432131,0.93054996,0.92988733,0.93260158,0.93837952,0.94636991,0.95531944,0.96377178,0.97028917,0.97365504,0.97302413,0.96800097,0.95864411,0.94540851,0.92904878,0.91051004,0.89083013,0.87106845,0.85226506,0.83542289,0.82149807,0.81138150,0.80585840,0.80554112,0.81078070,0.82157253,0.83747778,0.85758329,0.88051794,0.90453413,0.92765069,0.94784149,0.96324488,0.97236405,0.97422983,0.96850320,0.95550517,0.93617332,0.91195546,0.88465886,0.85627781,0.82882142,0.80415974,0.78389962,0.76929479,0.76118886,0.75998591,0.76564289,0.77767947,0.79520384,0.81695638,0.84137399,0.86667781,0.89098404,0.91243350,0.92933127,0.94028378,0.94431855,0.94097171,0.93033113,0.91302862,0.89018135,0.86329002,0.83410687,0.80448986,0.77625932,0.75107157,0.73031962,0.71506630,0.70601012,0.70347989,0.70745146,0.71757955,0.73323884,0.75357117,0.77753776,0.80397634,0.83166293,0.85937663,0.88596387,0.91039755,0.93182583,0.94960540,0.96331575
0.93925288,0.93401234,0.92935957,0.92554478,0.92276980,0.92119582,0.92093344,0.92201940,0.92439099,0.92787145,0.93217686,0.93694824,0.94180457,0.94640515,0.95050678,0.95400140,0.95692421,0.95942890,0.96173471,0.96405737,0.96654096,0.96920833,0.97194317,0.97450842,0.97659643,0.97789776,0.97817174,0.97730190,0.97532354,0.97241784,0.96887485,0.96503531,0.96122613,0.95770566,0.95463166,0.95205828,0.94996001,0.94827360,0.94694423,0.94596191,0.94537724,0.94529157,0.94582384,0.94706278,0.94901791,0.95158337,0.95452587,0.95750193,0.96010203,0.96191266,0.96258232,0.96187717,0.95971385,0.95616322,0.95142502,0.94578094,0.93953821,0.93297781,0.92631956,0.91971135,0.91324322,0.90697998,0.90100177,0.89543950,0.89049393,0.88643120,0.88355410,0.88215454,0.88245816,0.88457414,0.88846256,0.89392736,0.90063697,0.90816826,0.91606410,0.92389204,0.93129183,0.93800282,0.94386726,0.94881213,0.95281690,0.95587821,0.95798232,0.95909368,0.95916280,0.95815098,0.95606465,0.95298868,0.94910811,0.94471013,0.94016282,0.93587301,0.93223075,0.92955160,0.92802842,0.92770242,0.92845844,0.93004404,0.93210623,0.93423668
0.88695112,0.88400130,0.88114920,0.87862795,0.87652300,0.87478682,0.87327656,0.87180786,0.87021494,0.86840572,0.86640111,0.86435001,0.86251622,0.86123902,0.86087438,0.86172789,0.86399154,0.86769576,0.87268514,0.87862288,0.88502370,0.89131083,0.89688775,0.90121300,0.90386566,0.90459137,0.90332291,0.90017441,0.89541262,0.88941224,0.88260419,0.87542603,0.86828233,0.86152033,0.85542218,0.85021140,0.84606784,0.84314417,0.84157742,0.84149107,0.84298644,0.84612512,0.85090690,0.85724952,0.86497632,0.87381701,0.88342357,0.89340038,0.90334375,0.91288428,0.92172418,0.92966290,0.93660639,0.94255890,0.94759963,0.95184967,0.95543675,0.95846533,0.96099819,0.96305281,0.96461205,0.96564560,0.96613599,0.96610212,0.96561384,0.96479329,0.96380188,0.96281540,0.96199274,0.96144519,0.96121351,0.96125790,0.96146345,0.96166022,0.96165370,0.96125981,0.96033690,0.95880871,0.95667400,0.95400200,0.95091610,0.94757073,0.94412739,0.94073561,0.93752258,0.93459268,0.93203563,0.92993934,0.92840216,0.92753942,0.92748018,0.92835290,0.93026185,0.93325869,0.93731527,0.94230365,0.94798802,0.95403046,0.96001022,0.96545322
0.94821945,0.94946755,0.94947684,0.94898567,0.94874655,0.94936407,0.95115565,0.95407176,0.95770074,0.96136226,0.96427120,0.96573408,0.96533095,0.96303896,0.95926734,0.95479493,0.95062273,0.94777290,0.94707754,0.94900273,0.95354651,0.96023262,0.96820034,0.97636875,0.98363778,0.98908177,0.99209579,0.99246828,0.99037131,0.98627873,0.98083685,0.97472114,0.96851242,0.96261878,0.95725590,0.95248263,0.94827445,0.94460895,0.94153584,0.93921022,0.93787890,0.93782300,0.93927206,0.94231306,0.94681953,0.95242180,0.95852967,0.96440594,0.96927744,0.97246042,0.97347432,0.97212012,0.96850769,0.96302803,0.95627762,0.94895246,0.94173416,0.93519107,0.92971226,0.92548368,0.92250564,0.92064160,0.91968225,0.91940732,0.91963050,0.92021901,0.92108775,0.92217447,0.92340794,0.92468193,0.92584589,0.92671759,0.92711669,0.92691117,0.92606457,0.92467013,0.92296110,0.92129155,0.92008925,0.91978919,0.92076069,0.92324311,0.92730287,0.93282043,0.93950901,0.94696003,0.95470486,0.96227941,0.96927852,0.97539062,0.98040894,0.98422114,0.98678477,0.98809792,0.98817508,0.98703488,0.98470244,0.98122360,0.97668421,0.97122525
0.92152945,0.92910726,0.93881592,0.95002504,0.96185150,0.97327601,0.98327290,0.99093455,0.99557460,0.99679915,0.99454022,0.98905069,0.98086452,0.97072943,0.95952165,0.94815276,0.93747787,0.92821329,0.92087052,0.91571293,0.91274068,0.91170679,0.91216327,0.91353122,0.91518429,0.91653301,0.91709781,0.91656164,0.91479661,0.91186338,0.90798634,0.90351110,0.89885371,0.89445113,0.89072044,0.88803022,0.88668250,0.88690075,0.88881790,0.89246042,0.89772700,0.90436508,0.91195121,0.91988433,0.92740097,0.93361918,0.93761281,0.93851108,0.93561129,0.92848776,0.91707833,0.90173199,0.88320672,0.86261448,0.84131900,0.82080021,0.80250485,0.78770466,0.77738157,0.77215307,0.77224268,0.77749261,0.78740894,0.80122638,0.81797972,0.83657136,0.85582967,0.87455789,0.89157838,0.90577928,0.91616991,0.92194744,0.92257164,0.91783848,0.90793950,0.89349226,0.87552971,0.85544144,0.83486739,0.81555307,0.79918277,0.78721242,0.78072499,0.78032781,0.78610479,0.79762714,0.81401700,0.83405148,0.85628977,0.87920545,0.90130847,0.92124560,0.93787439,0.95031065,0.95795434,0.96050019,0.95793870,0.95055056,0.93889353,0.92377774
0.88459797,0.88110173,0.87885018,0.87762933,0.87703322,0.87655970,0.87572609,0.87418509,0.87181789,0.86878334,0.86550932,0.86262426,0.86084068,0.86081368,0.86300306,0.86756692,0.87430798,0.88268378,0.89187967,0.90093159,0.90887496,0.91489068,0.91841939,0.91922268,0.91738238,0.91324327,0.90731617,0.90016576,0.89230795,0.88413747,0.87589807,0.86769671,0.85955332,0.85146925,0.84349396,0.83577127,0.82855283,0.82217570,0.81701045,0.81339349,0.81156075,0.81159905,0.81342672,0.81680781,0.82139548,0.82679365,0.83262146,0.83856530,0.84440733,0.85002546,0.85536781,0.86041043,0.86511124,0.86937384,0.87303153,0.87585684,0.87759467,0.87801105,0.87694510,0.87435157,0.87032329,0.86508841,0.85898313,0.85240632,0.84576659,0.83943370,0.83370456,0.82879014,0.82482364,0.82188484,0.82003127,0.81932573,0.81985105,0.82170690,0.82498829,0.82975081,0.83597112,0.84351342,0.85211168,0.86137422,0.87081162,0.87988381,0.88805741,0.89486254,0.89993889,0.90306371,0.90415892,0.90327881,0.90058453,0.89631319,0.89075038,0.88421194,0.87703708,0.86959000,0.86226387,0.85547921,0.84967020,0.84525565,0.84259535,0.84193765
0.85349654,0.84528443,0.83976055,0.83735097,0.83820084,0.84218555,0.84895953,0.85803164,0.86885070,0.88088213,0.89365962,0.90680260,0.91999973,0.93296778,0.94540158,0.95693256,0.96711094,0.97542083,0.98132906,0.98436048,0.98418487,0.98069703,0.97407153,0.96477848,0.95355432,0.94133079,0.92913373,0.91796868,0.90871223,0.90202614,0.89830578,0.89766758,0.89997269,0.90487761,0.91189913,0.92047999,0.93004409,0.94003445,0.94993266,0.95926335,0.96759064,0.97451459,0.97967424,0.98276071,0.98353989,0.98188049,0.97778101,0.97138807,0.96300015,0.95305315,0.94208806,0.93070491,0.91950967,0.90906245,0.89983464,0.89218030,0.88632442,0.88236701,0.88029960,0.88002886,0.88140141,0.88422488,0.88828213,0.89333785,0.89913974,0.90541728,0.91188213,0.91823276,0.92416492,0.92938763,0.93364312,0.93672802,0.93851232,0.93895293,0.93809909,0.93608882,0.93313717,0.92951848,0.92554527,0.92154602,0.91784331,0.91473295,0.91246499,0.91122709,0.91113135,0.91220518,0.91438713,0.91752849,0.92140173,0.92571669,0.93014446,0.93434718,0.93801019,0.94087149,0.94274373,0.94352478,0.94319545,0.94180462,0.93944472,0.93622130
0.95651791,0.95615859,0.95562769,0.95472991,0.95336013,0.95154887,0.94946149,0.94735691,0.94552180,0.94420099,0.94354319,0.94357465,0.94420372,0.94525028,0.94648760,0.94768225,0.94861947,0.94910761,0.94896274,0.94798229,0.94592137,0.94248600,0.93735298,0.93021842,0.92086766,0.90925259,0.89555805,0.88024036,0.86402539,0.84786158,0.83283238,0.82004109,0.81048688,0.80495276,0.80392281,0.80753978,0.81560468,0.82761242,0.84281127,0.86027227,0.87895608,0.89776959,0.91561006,0.93140062,0.94412416,0.95286376,0.95685495,0.95555003,0.94868862,0.93636275,0.91906222,0.89768591,0.87350914,0.84810391,0.82321723,0.80062077,0.78195092,0.76856051,0.76140156,0.76095303,0.76719936,0.77965733,0.79744166,0.81935536,0.84399025,0.86982503,0.89531295,0.91895633,0.93936976,0.95533645,0.96586270,0.97023300,0.96806433,0.95935369,0.94450947,0.92435600,0.90010264,0.87327317,0.84559804,0.81887875,0.79483923,0.77498250,0.76047078,0.75204392,0.74998466,0.75413172,0.76393406,0.77853389,0.79686362,0.81774233,0.83996105,0.86235057,0.88383063,0.90344329,0.92037559,0.93397700,0.94377572,0.94949454,0.95106364,0.94862483
0.98962190,0.99220481,0.99374700,0.99421243,0.99351335,0.99155648,0.98829718,0.98378791,0.97820941,0.97187755,0.96522438,0.95875693,0.95300074,0.94843741,0.94544555,0.94425304,0.94490601,0.94725644,0.95096797,0.95553768,0.96033167,0.96463237,0.96769518,0.96881116,0.96737067,0.96292220,0.95521985,0.94425431,0.93026320,0.91371923,0.89529648,0.87581868,0.85619548,0.83735514,0.82018199,0.80546536,0.79386323,0.78588028,0.78185727,0.78196713,0.78621326,0.79442731,0.80626571,0.82120736,0.83855723,0.85746218,0.87694437,0.89595512,0.91344747,0.92846063,0.94020614,0.94814289,0.95202923,0.95194282,0.94826417,0.94162541,0.93283234,0.92277231,0.91232284,0.90227479,0.89328015,0.88582853,0.88025040,0.87673993,0.87538707,0.87620803,0.87916524,0.88417222,0.89108372,0.89967705,0.90963334,0.92052902,0.93184497,0.94299712,0.95338645,0.96246114,0.96978041,0.97506766,0.97824239,0.97942408,0.97890646,0.97710693,0.97450068,0.97155198,0.96865507,0.96609449,0.96402977,0.96250396,0.96147048,0.96082922,0.96046174,0.96025705,0.96012220,0.95997733,0.95973859,0.95929645,0.95849778,0.95713940,0.95497726,0.95175159
0.94085872,0.93146124,0.92233037,0.91490955,0.91043325,0.90969440,0.91287925,0.91951025,0.92851520,0.93841202,0.94757109,0.95449860,0.95808175,0.95774831,0.95351519,0.94592653,0.93590412,0.92454888,0.91293899,0.90196729,0.89224814,0.88410524,0.87763032,0.87278562,0.86951402,0.86782265,0.86781594,0.86967027,0.87355811,0.87954356,0.88747858,0.89693032,0.90716326,0.91718738,0.92586791,0.93207763,0.93486244,0.93358849,0.92804280,0.91846983,0.90553896,0.89025127,0.87380479,0.85744389,0.84231928,0.82938059,0.81931453,0.81253094,0.80918926,0.80925076,0.81253903,0.81879294,0.82770104,0.83891362,0.85203608,0.86661257,0.88211211,0.89792808,0.91339839,0.92784767,0.94064683,0.95127988,0.95940528,0.96489854,0.96786628,0.96862718,0.96766199,0.96554145,0.96284479,0.96008357,0.95764355,0.95575373,0.95448589,0.95378208,0.95350176,0.95347685,0.95356159,0.95366649,0.95376999,0.95390741,0.95414218,0.95452818,0.95507345,0.95571477,0.95630982,0.95664959,0.95648887,0.95558839,0.95375893,0.95089724,0.94700577,0.94219201,0.93664896,0.93062218,0.92437198,0.91813946,0.91212350,0.90647223,0.90128904,0.89664838
0.94184320,0.93470775,0.92939130,0.92615645,0.92503534,0.92589617,0.92849798,0.93252107,0.93757265,0.94317884,0.94878061,0.95374994,0.95743487,0.95923168,0.95867184,0.95550509,0.94975803,0.94175101,0.93206410,0.92145444,0.91073944,0.90067002,0.89182112,0.88452300,0.87884544,0.87463439,0.87158792,0.86935092,0.86760547,0.86613690,0.86486262,0.86382068,0.86312578,0.86290876,0.86325924,0.86418905,0.86562605,0.86743831,0.86947886,0.87163535,0.87386791,0.87622185,0.87880864,0.88175813,0.88515331,0.88896557,0.89300993,0.89693607,0.90026246,0.90245008,0.90300194,0.90156816,0.89803367,0.89256912,0.88563263,0.87792037,0.87027478,0.86356809,0.85858376,0.85591765,0.85591535,0.85865303,0.86395939,0.87146832,0.88068687,0.89106205,0.90203328,0.91306325,0.92364756,0.93331060,0.94159886,0.94808348,0.95237970,0.95418449,0.95332679,0.94981896,0.94389544,0.93602536,0.92688984,0.91732195,0.90821560,0.90041720,0.89461911,0.89127415,0.89054673,0.89230848,0.89617737,0.90159110,0.90789947,0.91445811,0.92070704,0.92622178,0.93073178,0.93410848,0.93633184,0.93744815,0.93753186,0.93666059,0.93490694,0.93234446
0.89632383,0.87472492,0.85113099,0.82696071,0.80364960,0.78260220,0.76512678,0.75234934,0.74511388,0.74388398,0.74866541,0.75896817,0.77382027,0.79183670,0.81133760,0.83050185,0.84753665,0.86084202,0.86915038,0.87162684,0.86792297,0.85818425,0.84301738,0.82342611,0.80072512,0.77644016,0.75220101,0.72963273,0.71024964,0.69535627,0.68595991,0.68270041,0.68580381,0.69506644,0.70987409,0.72925704,0.75197649,0.77663344,0.80178746,0.82607195,0.84829348,0.86750593,0.88305428,0.89458767,0.90204594,0.90562700,0.90574348,0.90297592,0.89802719,0.89167972,0.88475455,0.87807001,0.87239836,0.86842003,0.86667744,0.86753294,0.87113681,0.87741197,0.88605998,0.89659025,0.90836961,0.92068610,0.93281772,0.94409637,0.95395841,0.96197597,0.96786751,0.97149008,0.97281945,0.97192623,0.96895564,0.96411615,0.95767848,0.94998228,0.94144443,0.93256193,0.92390224,0.91607690,0.90969757,0.90531828,0.90337123,0.90410635,0.90754498,0.91345600,0.92135931,0.93055677,0.94018612,0.94929069,0.95689575,0.96208291,0.96405569,0.96219197,0.95608194,0.94555226,0.93067877,0.91178979,0.88946112,0.86450201,0.83792932,0.81092633
0.97413670,0.97384371,0.97390251,0.97429431,0.97490719,0.97554834,0.97595943,0.97584264,0.97490287,0.97290617,0.96974613,0.96550364,0.96048239,0.95520535,0.95036478,0.94672783,0.94500993,0.94573638,0.94911750,0.95496345,0.96265945,0.97121195,0.97936213,0.98574941,0.98909732,0.98839000,0.98301055,0.97282064,0.95817226,0.93985476,0.91899096,0.89690338,0.87497441,0.85452116,0.83669924,0.82243997,0.81241753,0.80703614,0.80642652,0.81044295,0.81865766,0.83035583,0.84453953,0.85995200,0.87513285,0.88850985,0.89852573,0.90378913,0.90323143,0.89624641,0.88278962,0.86341891,0.83926607,0.81194047,0.78337637,0.75564472,0.73075531,0.71047532,0.69618613,0.68879198,0.68868498,0.69576137,0.70947761,0.72893118,0.75295122,0.78018767,0.80919241,0.83849131,0.86665001,0.89233768,0.91439223,0.93188695,0.94419477,0.95104215,0.95254221,0.94919709,0.94186242,0.93167246,0.91993149,0.90798354,0.89707714,0.88824357,0.88220487,0.87932358,0.87959878,0.88270618,0.88807258,0.89497093,0.90261993,0.91027396,0.91729270,0.92318564,0.92763165,0.93047804,0.93172572,0.93150709,0.93006149,0.92771034,0.92483136,0.92182899
0.98235443,0.98201889,0.98170393,0.98186968,0.98274011,0.98424997,0.98605259,0.98758792,0.98819746,0.98726195,0.98433311,0.97923200,0.97209461,0.96335731,0.95368797,0.94387920,0.93472630,0.92691318,0.92092544,0.91700301,0.91513609,0.91510028,0.91652002,0.91894548,0.92192750,0.92507743,0.92810411,0.93082593,0.93316149,0.93510579,0.93670001,0.93800248,0.93906605,0.93992529,0.94059381,0.94107033,0.94135003,0.94143705,0.94135428,0.94114722,0.94088087,0.94062975,0.94046286,0.94042620,0.94052614,0.94071745,0.94089920,0.94092116,0.94060143,0.93975374,0.93822095,0.93590927,0.93281731,0.92905414,0.92484180,0.92050018,0.91641476,0.91299126,0.91060400,0.90954636,0.90999208,0.91197390,0.91538320,0.91999006,0.92547980,0.93149866,0.93770012,0.94378347,0.94951815,0.95475075,0.95939589,0.96341551,0.96679389,0.96951602,0.97155542,0.97287475,0.97343873,0.97323556,0.97230053,0.97073462,0.96871181,0.96647133,0.96429467,0.96247106,0.96125811,0.96084562,0.96133021,0.96270557,0.96487002,0.96764868,0.97082445,0.97417011,0.97747417,0.98055457,0.98325826,0.98544801,0.98698172,0.98769142,0.98736949,0.98576798
0.91661613,0.91768827,0.91977250,0.92292388,0.92705668,0.93193335,0.93717359,0.94229022,0.94675275,0.95007178,0.95188948,0.95205691,0.95067970,0.94811920,0.94494542,0.94184810,0.93952079,0.93853879,0.93925434,0.94172967,0.94572193,0.95072332,0.95604791,0.96094687,0.96472846,0.96685953,0.96703110,0.96517893,0.96146067,0.95619944,0.94981024,0.94272754,0.93535024,0.92801384,0.92099156,0.91451769,0.90882070,0.90415174,0.90079590,0.89905908,0.89923049,0.90152776,0.90603722,0.91266440,0.92110822,0.93086784,0.94128382,0.95160767,0.96108806,0.96905834,0.97501025,0.97864199,0.97987439,0.97883560,0.97582075,0.97123742,0.96554906,0.95922685,0.95271667,0.94642276,0.94070493,0.93588282,0.93223970,0.93001922,0.92941184,0.93053173,0.93338920,0.93786637,0.94370439,0.95050866,0.95777472,0.96493309,0.97140690,0.97667359,0.98032035,0.98208431,0.98187125,0.97975105,0.97593258,0.97072490,0.96449350,0.95761992,0.95047097,0.94338045,0.93664253,0.93051329,0.92521535,0.92094031,0.91784518,0.91604162,0.91557988,0.91643220,0.91848147,0.92152048,0.92526452,0.92937642,0.93349984,0.93729448,0.94046592,0.94278430
0.97640359,0.98241321,0.98588927,0.98692716,0.98572952,0.98253712,0.97758861,0.97112172,0.96341327,0.95484071,0.94593858,0.93742175,0.93015530,0.92506487,0.92299769,0.92455895,0.92995702,0.93889274,0.95052203,0.96350761,0.97615834,0.98663583,0.99319379,0.99440811,0.98935843,0.97773249,0.95984117,0.93654948,0.90914400,0.87916643,0.84824540,0.81795417,0.78971161,0.76473165,0.74401346,0.72835627,0.71837884,0.71452628,0.71705434,0.72599118,0.74108684,0.76176706,0.78711072,0.81586645,0.84651682,0.87738787,0.90679162,0.93318150,0.95529656,0.97227190,0.98369877,0.98962687,0.99051213,0.98712254,0.98042050,0.97144248,0.96119422,0.95057410,0.94032974,0.93104536,0.92315134,0.91694434,0.91260681,0.91021776,0.90975217,0.91107182,0.91391415,0.91788785,0.92248277,0.92709886,0.93109433,0.93384865,0.93483152,0.93366680,0.93018031,0.92442300,0.91666596,0.90736869,0.89712688,0.88660855,0.87648844,0.86738907,0.85983503,0.85422350,0.85081110,0.84971416,0.85091780,0.85428922,0.85959186,0.86649914,0.87460865,0.88345864,0.89254845,0.90136381,0.90940573,0.91622084,0.92142937,0.92474700,0.92599708,0.92511159
0.90874044,0.90297375,0.89581269,0.88747707,0.87804036,0.86751201,0.85594488,0.84353943,0.83071618,0.81813400,0.80664366,0.79718168,0.79062361,0.78762675,0.78849480,0.79309295,0.80083172,0.81072479,0.82151246,0.83183049,0.84039556,0.84617601,0.84851912,0.84721560,0.84249421,0.83495338,0.82544715,0.81494972,0.80442345,0.79471146,0.78646836,0.78013363,0.77594339,0.77396914,0.77416886,0.77643564,0.78063280,0.78660996,0.79420092,0.80320941,0.81339165,0.82444501,0.83600978,0.84768661,0.85906785,0.86977704,0.87950824,0.88805711,0.89533712,0.90137757,0.90630410,0.91030560,0.91359465,0.91636906,0.91878160,0.92092241,0.92281545,0.92442757,0.92568632,0.92650223,0.92679095,0.92649185,0.92558121,0.92407934,0.92205288,0.91961366,0.91691569,0.91415082,0.91154206,0.90933362,0.90777609,0.90710693,0.90752738,0.90917817,0.91211762,0.91630569,0.92159776,0.92775071,0.93444239,0.94130229,0.94794940,0.95403059,0.95925335,0.96340795,0.96637652,0.96812978,0.96871414,0.96823367,0.96683177,0.96467699,0.96195561,0.95887112,0.95564770,0.95253274,0.94979281,0.94769884,0.94649875,0.94637994,0.94742668,0.94958031
0.89242084,0.88052520,0.86944613,0.85993104,0.85251623,0.84752006,0.84505548,0.84505733,0.84732060,0.85154518,0.85738112,0.86446773,0.87245983,0.88103716,0.88989654,0.89873022,0.90719715,0.91489554,0.92134631,0.92599627,0.92824716,0.92751186,0.92329152,0.91526140,0.90334850,0.88778468,0.86912295,0.84821170,0.82612943,0.80408927,0.78332779,0.76499530,0.75006396,0.73926598,0.73306727,0.73167326,0.73505711,0.74299628,0.75510468,0.77085161,0.78956563,0.81042819,0.83246739,0.85456458,0.87548585,0.89394564,0.90870232,0.91867680,0.92307794,0.92151365,0.91406704,0.90132121,0.88432447,0.86449784,0.84349636,0.82304370,0.80476343,0.79002981,0.77985618,0.77483083,0.77510158,0.78040209,0.79010796,0.80330904,0.81888609,0.83558399,0.85207911,0.86704274,0.87920563,0.88742837,0.89077991,0.88862121,0.88068609,0.86714621,0.84864605,0.82629472,0.80160704,0.77639375,0.75260933,0.73217358,0.71678825,0.70777140,0.70593005,0.71148599,0.72406169,0.74272481,0.76608189,0.79240683,0.81978752,0.84627518,0.87002413,0.88941393,0.90314927,0.91033571,0.91053065,0.90376929,0.89056485,0.87188140,0.84907707,0.82381579
0.91257785,0.90008176,0.88867131,0.87941314,0.87320890,0.87067795,0.87207049,0.87723155,0.88562616,0.89642228,0.90861541,0.92117034,0.93315314,0.94383106,0.95272656,0.95962285,0.96452827,0.96761437,0.96914530,0.96941480,0.96870167,0.96724754,0.96525398,0.96289149,0.96031139,0.95765273,0.95504000,0.95257153,0.95030254,0.94822969,0.94628422,0.94433915,0.94223175,0.93979801,0.93691231,0.93352335,0.92967867,0.92553199,0.92133175,0.91739286,0.91405689,0.91164811,0.91043318,0.91059067,0.91219405,0.91520827,0.91949771,0.92484149,0.93095243,0.93749664,0.94411230,0.95042768,0.95607913,0.96073056,0.96409487,0.96595669,0.96619389,0.96479400,0.96186148,0.95761272,0.95235785,0.94647094,0.94035249,0.93438959,0.92891992,0.92420507,0.92041689,0.91763793,0.91587391,0.91507356,0.91515035,0.91600078,0.91751596,0.91958560,0.92209586,0.92492407,0.92793443,0.93097853,0.93390313,0.93656566,0.93885493,0.94071237,0.94214783,0.94324509,0.94415406,0.94507020,0.94620448,0.94774941,0.94984765,0.95256892,0.95589971,0.95974706,0.96395492,0.96832832,0.97265876,0.97674411,0.98039780,0.98344560,0.98571193,0.98700068
0.92898931,0.93248374,0.93648612,0.94114718,0.94650563,0.95246359,0.95878097,0.96509467,0.97096382,0.97593641,0.97962629,0.98178544,0.98235552,0.98148631,0.97951538,0.97691141,0.97419147,0.97182761,0.97016129,0.96934284,0.96930909,0.96980479,0.97044366,0.97079621,0.97048496,0.96926638,0.96708207,0.96406970,0.96053302,0.95687925,0.95353849,0.95088300,0.94916347,0.94847474,0.94875642,0.94982516,0.95142799,0.95330162,0.95522245,0.95703548,0.95865707,0.96005333,0.96120285,0.96205607,0.96250460,0.96237139,0.96142666,0.95942820,0.95617717,0.95157628,0.94567595,0.93869615,0.93101731,0.92314031,0.91562269,0.90900293,0.90372788,0.90009702,0.89823363,0.89808666,0.89946031,0.90206235,0.90555909,0.90962459,0.91397456,0.91838037,0.92266376,0.92667819,0.93028572,0.93333910,0.93567688,0.93713506,0.93757362,0.93691139,0.93515958,0.93244413,0.92900894,0.92519668,0.92140893,0.91805205,0.91547900,0.91393835,0.91354075,0.91424961,0.91589715,0.91822199,0.92091928,0.92369289,0.92629890,0.92857323,0.93043979,0.93190045,0.93301158,0.93385426,0.93450586,0.93501928,0.93541311,0.93567261,0.93575763,0.93561203
0.99667026,0.99685003,0.99485307,0.99088573,0.98523777,0.97823639,0.97019886,0.96139436,0.95202480,0.94223003,0.93211748,0.92180932,0.91149476,0.90147245,0.89216926,0.88412639,0.87795097,0.87423881,0.87348059,0.87596834,0.88172017,0.89043940,0.90151831,0.91408812,0.92710809,0.93947822,0.95015673,0.95826297,0.96315156,0.96444979,0.96205846,0.95612228,0.94698145,0.93511703,0.92110222,0.90556754,0.88918221,0.87264826,0.85669909,0.84209273,0.82959118,0.81992146,0.81371949,0.81146342,0.81340724,0.81952732,0.82949400,0.84267672,0.85818554,0.87494585,0.89179645,0.90759770,0.92133460,0.93220157,0.93965902,0.94345748,0.94362988,0.94045776,0.93441985,0.92613284,0.91629308,0.90562517,0.89484005,0.88460225,0.87550348,0.86803982,0.86258989,0.85939362,0.85853289,0.85991740,0.86328030,0.86818805,0.87406769,0.88025194,0.88603892,0.89076048,0.89385056,0.89490509,0.89372561,0.89034105,0.88500468,0.87816662,0.87042527,0.86246410,0.85498238,0.84862867,0.84394506,0.84132739,0.84100404,0.84303317,0.84731626,0.85362445,0.86163291,0.87095755,0.88118892,0.89191840,0.90275457,0.91332938,0.92329627,0.93232319
0.95698365,0.96000140,0.96374772,0.96750928,0.97047215,0.97196312,0.97164825,0.96963880,0.96647816,0.96301397,0.96018930,0.95880702,0.95932671,0.96174342,0.96557545,0.96996167,0.97384337,0.97618743,0.97619978,0.97348180,0.96809746,0.96054073,0.95161658,0.94226822,0.93339318,0.92569006,0.91956684,0.91512451,0.91221088,0.91052300,0.90972723,0.90956400,0.90991117,0.91079255,0.91233331,0.91467782,0.91789460,0.92189527,0.92638993,0.93089210,0.93477323,0.93735564,0.93802308,0.93632562,0.93205688,0.92528959,0.91636435,0.90583710,0.89439834,0.88278159,0.87167896,0.86167758,0.85322417,0.84661765,0.84202329,0.83949846,0.83901968,0.84050316,0.84381479,0.84877017,0.85512850,0.86258650,0.87077876,0.87928921,0.88767484,0.89549911,0.90236934,0.90797103,0.91209310,0.91464026,0.91563175,0.91518828,0.91351085,0.91085621,0.90751347,0.90378528,0.89997477,0.89637694,0.89327117,0.89091164,0.88951348,0.88923515,0.89015980,0.89227973,0.89548816,0.89958191,0.90427641,0.90923271,0.91409320,0.91852056,0.92223287,0.92502810,0.92679331,0.92749727,0.92716902,0.92586793,0.92365216,0.92055274,0.91655846,0.91161465
0.95302226,0.93271511,0.90926330,0.88461815,0.86088674,0.84011466,0.82406552,0.81403181,0.81070677,0.81413516,0.82374479,0.83844560,0.85677288,0.87704753,0.89752947,0.91654782,0.93260084,0.94442797,0.95106238,0.95187440,0.94661281,0.93544403,0.91898067,0.89828502,0.87483226,0.85042281,0.82704252,0.80668082,0.79112710,0.78177330,0.77945305,0.78434460,0.79595564,0.81319409,0.83451402,0.85811178,0.88213983,0.90490409,0.92501704,0.94148902,0.95375376,0.96163640,0.96528144,0.96506293,0.96149768,0.95517699,0.94672320,0.93676856,0.92594706,0.91488691,0.90419317,0.89441517,0.88600055,0.87924440,0.87424676,0.87089250,0.86886404,0.86769071,0.86682944,0.86576351,0.86410026,0.86164807,0.85845577,0.85480587,0.85116201,0.84808115,0.84610825,0.84567483,0.84702131,0.85015745,0.85486604,0.86074605,0.86728252,0.87392684,0.88016957,0.88559243,0.88989200,0.89287591,0.89443904,0.89453204,0.89313507,0.89024685,0.88589289,0.88015014,0.87317879,0.86524907,0.85675085,0.84817802,0.84008581,0.83302677,0.82747720,0.82376976,0.82204753,0.82225071,0.82413974,0.82735009,0.83146595,0.83609568,0.84093110,0.84577701
0.96829984,0.95364175,0.93626157,0.91705598,0.89681786,0.87622054,0.85584856,0.83626345,0.81808252,0.80204329,0.78902678,0.78002196,0.77602800,0.77790718,0.78621493,0.80104080,0.82189444,0.84766459,0.87666687,0.90678081,0.93565977,0.96098272,0.98070843,0.99329186,0.99783107,0.99412715,0.98265670,0.96447118,0.94104816,0.91412344,0.88553096,0.85707081,0.83041461,0.80704732,0.78823529,0.77500569,0.76812345,0.76805670,0.77493033,0.78847549,0.80798942,0.83232268,0.85990866,0.88884384,0.91701812,0.94228418,0.96264658,0.97644639,0.98251682,0.98028984,0.96984133,0.95187211,0.92763116,0.89879477,0.86731952,0.83528726,0.80475735,0.77763681,0.75557327,0.73987149,0.73143123,0.73070422,0.73766897,0.75182491,0.77220965,0.79744411,0.82580948,0.85535652,0.88404233,0.90988478,0.93111992,0.94634557,0.95463513,0.95560833,0.94945118,0.93688384,0.91908192,0.89756250,0.87404975,0.85033597,0.82815137,0.80905215,0.79433168,0.78495575,0.78152034,0.78422963,0.79289226,0.80693544,0.82543784,0.84718323,0.87073672,0.89454293,0.91704165,0.93679195,0.95259154,0.96357680,0.96928991,0.96970356,0.96519963,0.95650464
0.97294072,0.97192328,0.97137151,0.97133006,0.97168165,0.97219858,0.97260293,0.97262388,0.97204406,0.97073134,0.96865579,0.96589361,0.96262031,0.95909504,0.95563724,0.95259696,0.95031948,0.94910581,0.94917169,0.95060955,0.95336042,0.95720330,0.96176810,0.96657371,0.97108712,0.97479434,0.97727071,0.97823842,0.97760111,0.97544979,0.97203944,0.96774112,0.96297960,0.95816939,0.95366248,0.94971725,0.94649258,0.94406390,0.94245309,0.94166103,0.94169214,0.94256325,0.94429378,0.94688028,0.95026290,0.95429524,0.95872869,0.96321968,0.96736223,0.97074162,0.97299910,0.97389418,0.97335066,0.97147570,0.96854631,0.96496496,0.96119250,0.95767203,0.95475923,0.95267302,0.95147525,0.95108140,0.95129719,0.95187050,0.95254565,0.95310702,0.95340288,0.95334574,0.95289217,0.95201088,0.95065091,0.94872175,0.94609323,0.94261752,0.93816899,0.93269260,0.92624834,0.91903949,0.91141515,0.90384292,0.89685465,0.89097483,0.88664588,0.88416599,0.88365243,0.88503755,0.88809721,0.89250433,0.89789513,0.90393332,0.91035837,0.91700833,0.92381333,0.93076336,0.93785988,0.94506463,0.95225922,0.95922587,0.96565383,0.97116952
0.70650591,0.70536994,0.70730949,0.71196227,0.71885164,0.72750794,0.73755337,0.74873724,0.76092114,0.77402536,0.78795539,0.80253016,0.81743117,0.83218578,0.84618871,0.85875730,0.86920873,0.87694376,0.88152193,0.88271658,0.88054301,0.87525827,0.86733540,0.85741745,0.84625891,0.83466230,0.82341730,0.81324798,0.80477134,0.79846829,0.79466714,0.79353909,0.79510512,0.79925325,0.80576367,0.81433835,0.82463030,0.83626879,0.84887726,0.86208335,0.87552177,0.88883281,0.90165991,0.91365041,0.92446278,0.93378178,0.94134093,0.94694823,0.95050985,0.95204551,0.95169066,0.94968312,0.94633493,0.94199351,0.93699891,0.93164501,0.92615235,0.92065777,0.91522259,0.90985662,0.90455187,0.89931761,0.89420838,0.88933851,0.88487988,0.88104385,0.87805187,0.87610214,0.87534048,0.87584226,0.87760938,0.88058209,0.88466156,0.88973631,0.89570454,0.90248561,0.91001666,0.91823424,0.92704520,0.93629399,0.94573546,0.95502121,0.96370509,0.97126924,0.97716733,0.98087825,0.98196082,0.98010029,0.97513914,0.96708834,0.95611929,0.94254061,0.92676608,0.90928120,0.89061425,0.87131541,0.85194407,0.83306132,0.81522233,0.79896279
0.87786871,0.89134482,0.90399749,0.91556274,0.92576123,0.93430867,0.94094495,0.94547471,0.94780985,0.94800436,0.94627350,0.94299229,0.93867142,0.93391335,0.92935422,0.92559970,0.92316302,0.92241173,0.92352859,0.92649020,0.93106671,0.93684452,0.94327175,0.94972235,0.95557115,0.96026917,0.96340825,0.96476534,0.96431997,0.96224226,0.95885294,0.95456201,0.94979645,0.94493044,0.94023147,0.93583225,0.93173323,0.92783316,0.92398001,0.92003005,0.91590208,0.91161489,0.90730005,0.90318773,0.89956946,0.89674684,0.89497839,0.89443613,0.89518052,0.89715730,0.90021444,0.90413298,0.90866253,0.91355251,0.91857155,0.92351238,0.92818389,0.93239674,0.93595127,0.93863586,0.94024105,0.94058994,0.93957996,0.93722700,0.93370029,0.92933681,0.92462723,0.92017104,0.91660568,0.91452030,0.91436956,0.91640271,0.92062140,0.92677348,0.93438381,0.94281582,0.95135237,0.95928087,0.96596846,0.97091593,0.97378522,0.97440190,0.97273938,0.96889460,0.96306509,0.95553407,0.94666635,0.93691202,0.92681110,0.91698976,0.90813922,0.90097218,0.89615735,0.89423950,0.89555777,0.90017757,0.90785078,0.91801429,0.92983060,0.94226646
0.93901562,0.93996733,0.94291354,0.94729569,0.95230710,0.95710868,0.96103219,0.96372505,0.96520643,0.96582774,0.96615440,0.96680379,0.96828238,0.97086139,0.97451757,0.97894778,0.98364754,0.98802958,0.99155024,0.99381294,0.99462590,0.99400552,0.99213140,0.98927089,0.98569707,0.98162290,0.97716767,0.97236178,0.96718440,0.96162017,0.95571552,0.94961657,0.94357573,0.93792394,0.93301477,0.92915449,0.92653521,0.92518723,0.92496138,0.92554512,0.92650792,0.92736555,0.92764897,0.92696379,0.92503032,0.92170023,0.91695229,0.91087454,0.90364165,0.89549554,0.88673333,0.87770267,0.86880016,0.86046592,0.85316730,0.84736694,0.84347553,0.84179490,0.84246226,0.84540821,0.85034008,0.85675786,0.86400381,0.87133960,0.87803951,0.88348366,0.88723511,0.88908739,0.88907513,0.88744834,0.88461849,0.88108941,0.87738780,0.87400603,0.87136511,0.86979990,0.86956256,0.87083605,0.87374725,0.87837023,0.88471465,0.89269984,0.90212159,0.91262311,0.92368256,0.93462706,0.94467795,0.95302466,0.95891832,0.96177027,0.96123845,0.95728491,0.95019238,0.94053536,0.92910994,0.91683488,0.90464135,0.89336950,0.88368711,0.87603926
0.92249324,0.93235281,0.94193693,0.95075197,0.95836850,0.96440798,0.96851493,0.97033435,0.96951348,0.96573966,0.95881350,0.94874292,0.93583343,0.92074643,0.90450165,0.88841100,0.87394572,0.86255370,0.85545661,0.85346320,0.85683488,0.86523110,0.87774623,0.89303144,0.90947770,0.92542493,0.93935994,0.95007125,0.95674112,0.95896967,0.95674037,0.95034662,0.94030390,0.92727049,0.91199193,0.89527380,0.87797609,0.86101437,0.84535044,0.83195820,0.82175846,0.81552692,0.81378949,0.81672617,0.82410604,0.83527244,0.84918777,0.86453565,0.87986635,0.89376217,0.90499573,0.91265591,0.91622352,0.91558891,0.91101563,0.90306367,0.89249167,0.88015841,0.86694015,0.85367293,0.84112071,0.82996280,0.82078963,0.81409570,0.81026178,0.80952491,0.81194128,0.81735280,0.82537043,0.83538542,0.84661423,0.85817560,0.86918967,0.87888345,0.88668381,0.89228072,0.89564869,0.89702283,0.89683527,0.89562581,0.89394523,0.89227061,0.89094771,0.89016868,0.88998473,0.89034568,0.89115303,0.89231124,0.89376439,0.89551042,0.89759239,0.90007270,0.90300059,0.90638466,0.91017919,0.91428824,0.91858502,0.92293865,0.92723707,0.93139544
0.96663182,0.96881515,0.97177028,0.97526818,0.97875304,0.98142697,0.98238768,0.98079309,0.97602119,0.96779508,0.95625039,0.94193504,0.92574485,0.90881073,0.89236021,0.87757800,0.86548649,0.85686051,0.85218193,0.85163165,0.85511048,0.86227712,0.87259198,0.88535853,0.89975872,0.91488401,0.92976666,0.94341741,0.95487428,0.96326363,0.96787079,0.96821279,0.96410289,0.95569536,0.94350075,0.92836530,0.91141365,0.89395957,0.87739412,0.86306395,0.85215331,0.84558232,0.84393124,0.84739675,0.85578190,0.86851794,0.88471323,0.90322320,0.92273465,0.94185832,0.95922428,0.97357519,0.98385300,0.98927423,0.98938918,0.98412005,0.97377384,0.95902698,0.94088103,0.92059133,0.89957375,0.87929697,0.86116994,0.84643481,0.83607501,0.83074670,0.83073870,0.83596298,0.84597433,0.86001510,0.87707923,0.89598903,0.91547865,0.93427869,0.95119779,0.96519744,0.97545700,0.98142592,0.98286012,0.97983956,0.97276402,0.96232518,0.94945462,0.93525002,0.92088474,0.90750895,0.89615223,0.88763846,0.88252232,0.88105475,0.88318044,0.88856685,0.89665903,0.90675142,0.91806531,0.92982037,0.94129107,0.95184245,0.96094459,0.96816920
0.96297200,0.96021009,0.95857112,0.95839753,0.95977785,0.96253478,0.96624484,0.97029183,0.97395140,0.97649799,0.97731930,0.97601964,0.97249367,0.96695659,0.95992426,0.95214580,0.94449933,0.93786746,0.93301290,0.93047445,0.93050034,0.93302889,0.93771741,0.94401064,0.95123279,0.95868427,0.96572503,0.97183226,0.97662665,0.97986959,0.98143929,0.98129783,0.97946163,0.97598532,0.97096386,0.96455124,0.95698827,0.94862810,0.93994773,0.93153633,0.92405651,0.91818111,0.91451405,0.91350826,0.91539536,0.92014045,0.92743076,0.93670107,0.94719170,0.95802935,0.96831755,0.97722295,0.98404569,0.98826642,0.98956768,0.98783212,0.98312408,0.97566235,0.96579191,0.95395976,0.94069690,0.92660481,0.91234238,0.89860814,0.88611373,0.87554691,0.86752565,0.86254828,0.86094659,0.86284971,0.86816540,0.87658279,0.88759728,0.90055443,0.91470683,0.92927585,0.94351020,0.95673450,0.96838395,0.97802394,0.98535656,0.99021740,0.99256673,0.99247861,0.99013009,0.98579079,0.97981191,0.97261224,0.96465939,0.95644470,0.94845286,0.94112865,0.93484476,0.92987541,0.92637933,0.92439449,0.92384475,0.92455613,0.92627930,0.92871334
0.96655968,0.97035952,0.97405390,0.97785231,0.98175913,0.98551227,0.98860205,0.99037260,0.99018446,0.98759703,0.98252119,0.97529774,0.96667652,0.95769676,0.94949406,0.94307747,0.93912654,0.93785423,0.93896668,0.94172969,0.94512719,0.94807559,0.94964461,0.94923461,0.94667258,0.94220994,0.93642940,0.93008832,0.92393836,0.91856378,0.91427333,0.91106629,0.90867468,0.90666536,0.90457176,0.90201998,0.89881745,0.89498454,0.89072549,0.88635095,0.88217637,0.87842483,0.87516103,0.87227368,0.86951102,0.86655997,0.86314855,0.85914492,0.85462790,0.84991044,0.84550987,0.84207075,0.84025748,0.84063982,0.84359522,0.84924737,0.85745100,0.86782294,0.87980895,0.89276942,0.90606455,0.91912190,0.93147588,0.94277629,0.95277164,0.96127830,0.96814888,0.97325182,0.97646920,0.97771382,0.97696014,0.97427957,0.96986857,0.96405972,0.95730983,0.95016474,0.94320626,0.93699096,0.93199229,0.92855657,0.92687963,0.92700617,0.92884884,0.93222026,0.93686930,0.94251354,0.94886213,0.95562696,0.96252414,0.96927038,0.97558036,0.98117008,0.98576877,0.98913839,0.99109682,0.99153845,0.99044596,0.98788842,0.98400413,0.97897057
0.98410042,0.97765966,0.96923355,0.95951496,0.94898310,0.93783109,0.92598138,0.91318917,0.89920984,0.88398793,0.86781585,0.85141621,0.83591933,0.82273330,0.81333010,0.80899047,0.81056010,0.81826752,0.83164166,0.84954701,0.87033019,0.89204865,0.91273654,0.93065696,0.94449659,0.95347435,0.95735633,0.95638924,0.95117911,0.94254910,0.93140861,0.91865756,0.90513626,0.89161723,0.87882349,0.86745221,0.85818293,0.85165701,0.84842533,0.84887264,0.85313585,0.86103784,0.87205655,0.88534290,0.89979030,0.91414779,0.92715915,0.93770501,0.94492511,0.94830179,0.94769460,0.94332487,0.93571847,0.92562102,0.91390273,0.90146860,0.88918504,0.87782824,0.86805307,0.86037761,0.85517616,0.85267461,0.85294461,0.85589676,0.86127650,0.86866852,0.87751524,0.88715294,0.89686458,0.90594449,0.91376617,0.91984338,0.92387498,0.92576671,0.92562722,0.92373981,0.92051582,0.91643848,0.91200699,0.90768944,0.90388986,0.90093073,0.89904861,0.89839806,0.89905884,0.90104196,0.90429261,0.90869029,0.91404845,0.92011750,0.92659459,0.93314261,0.93941770,0.94510211,0.94993633,0.95374396,0.95644306,0.95804097,0.95861248,0.95826539
0.98789680,0.98366003,0.97782497,0.97116704,0.96423575,0.95731348,0.95045604,0.94359916,0.93669774,0.92985611,0.92340912,0.91792715,0.91413881,0.91278767,0.91445678,0.91940346,0.92744463,0.93792240,0.94976214,0.96161586,0.97206502,0.97984353,0.98403668,0.98421701,0.98049256,0.97346240,0.96409406,0.95355206,0.94301362,0.93350648,0.92579517,0.92032973,0.91725617,0.91647524,0.91772749,0.92067964,0.92499138,0.93035032,0.93647372,0.94308572,0.94988492,0.95651893,0.96257926,0.96762316,0.97122072,0.97301771,0.97279905,0.97053688,0.96640982,0.96078690,0.95417770,0.94715811,0.94028650,0.93402707,0.92869502,0.92443312,0.92122227,0.91892089,0.91732253,0.91621744,0.91544457,0.91492370,0.91466307,0.91474409,0.91528943,0.91642443,0.91824170,0.92077710,0.92400113,0.92782524,0.93211862,0.93672852,0.94149696,0.94626883,0.95088969,0.95519535,0.95899817,0.96207690,0.96417610,0.96501953,0.96433799,0.96190835,0.95759702,0.95139915,0.94346509,0.93410767,0.92378788,0.91308024,0.90262334,0.89306313,0.88499758,0.87893018,0.87523711,0.87414975,0.87575030,0.87997617,0.88662782,0.89537562,0.90576419,0.91721498
0.97891051,0.97621895,0.97359460,0.97099848,0.96818535,0.96482546,0.96064555,0.95555101,0.94969667,0.94348694,0.93750425,0.93238320,0.92866092,0.92663954,0.92629332,0.92724163,0.92879389,0.93005641,0.93007822,0.92800573,0.92321590,0.91540415,0.90461418,0.89120982,0.87580057,0.85914059,0.84202385,0.82519547,0.80929275,0.79481995,0.78215237,0.77155870,0.76322852,0.75729341,0.75383463,0.75287584,0.75436502,0.75815335,0.76398051,0.77147446,0.78017039,0.78954823,0.79908334,0.80830097,0.81682457,0.82440888,0.83095259,0.83648914,0.84115870,0.84516736,0.84874157,0.85208600,0.85535138,0.85861588,0.86188044,0.86507565,0.86807630,0.87071978,0.87282532,0.87421218,0.87471620,0.87420463,0.87258986,0.86984226,0.86600170,0.86118602,0.85559408,0.84950081,0.84324260,0.83719376,0.83173631,0.82722721,0.82396776,0.82217941,0.82198953,0.82342886,0.82644065,0.83089889,0.83663121,0.84344118,0.85112521,0.85948121,0.86830896,0.87740446,0.88655208,0.89551876,0.90405371,0.91189610,0.91879059,0.92450915,0.92887468,0.93178132,0.93320606,0.93320825,0.93191615,0.92950294,0.92615682,0.92205092,0.91731866,0.91203902
0.92702744,0.91851088,0.91167736,0.90637651,0.90224425,0.89885862,0.89588359,0.89316783,0.89077722,0.88895609,0.88803021,0.88827835,0.88980699,0.89246089,0.89579302,0.89910242,0.90153305,0.90221306,0.90040555,0.89564056,0.88780237,0.87715634,0.86431266,0.85013681,0.83562664,0.82178083,0.80948248,0.79941565,0.79202352,0.78750679,0.78585317,0.78688375,0.79030181,0.79573265,0.80274826,0.81087700,0.81960354,0.82836746,0.83656929,0.84359069,0.84883075,0.85175558,0.85195367,0.84918695,0.84342751,0.83487259,0.82393403,0.81120358,0.79739885,0.78329794,0.76967148,0.75722067,0.74652743,0.73802019,0.73195567,0.72841485,0.72731035,0.72840252,0.73132271,0.73560246,0.74070835,0.74608164,0.75118116,0.75552715,0.75874223,0.76058506,0.76097174,0.75998109,0.75784211,0.75490483,0.75159903,0.74838735,0.74571975,0.74399563,0.74353769,0.74457929,0.74726426,0.75165569,0.75774872,0.76548186,0.77474251,0.78536544,0.79712578,0.80973133,0.82281975,0.83596579,0.84870149,0.86054894,0.87106259,0.87987481,0.88673708,0.89154848,0.89436486,0.89538530,0.89491734,0.89332707,0.89098315,0.88820513,0.88522468,0.88216532
0.96410352,0.95615266,0.94830702,0.94149355,0.93641802,0.93347231,0.93269610,0.93380046,0.93624854,0.93937689,0.94253212,0.94519500,0.94706788,0.94811083,0.94852377,0.94868304,0.94904884,0.95006378,0.95206268,0.95520996,0.95947405,0.96464074,0.97035868,0.97620473,0.98175385,0.98663923,0.99059257,0.99346006,0.99519523,0.99583446,0.99546385,0.99418653,0.99209847,0.98927764,0.98578760,0.98169281,0.97707991,0.97207792,0.96687070,0.96169679,0.95683470,0.95257485,0.94918241,0.94685734,0.94569930,0.94568414,0.94665729,0.94834612,0.95039003,0.95238400,0.95392872,0.95467953,0.95438689,0.95292223,0.95028637,0.94660008,0.94208004,0.93700552,0.93168236,0.92641089,0.92146253,0.91706741,0.91341262,0.91064769,0.90889275,0.90824429,0.90877462,0.91052323,0.91348111,0.91757186,0.92263513,0.92841869,0.93458417,0.94072899,0.94642350,0.95125862,0.95489676,0.95711688,0.95784567,0.95716828,0.95531653,0.95263590,0.94953751,0.94644360,0.94373627,0.94171814,0.94059056,0.94045102,0.94130692,0.94309976,0.94573163,0.94908642,0.95304025,0.95745922,0.96218659,0.96702457,0.97171802,0.97594723,0.97933503,0.98147039
0.92661139,0.92152176,0.91366647,0.90346913,0.89141554,0.87805242,0.86399522,0.84993396,0.83662625,0.82486965,0.81545082,0.80907440,0.80628046,0.80736270,0.81230180,0.82072691,0.83191463,0.84482947,0.85820357,0.87064812,0.88078458,0.88738154,0.88948233,0.88650862,0.87832832,0.86527918,0.84814529,0.82808872,0.80654420,0.78508785,0.76529390,0.74859361,0.73615039,0.72876318,0.72680701,0.73021518,0.73850222,0.75082229,0.76605388,0.78290021,0.79999473,0.81600255,0.82971079,0.84010323,0.84641749,0.84818475,0.84525332,0.83779758,0.82631226,0.81159120,0.79468828,0.77685874,0.75948071,0.74395933,0.73161914,0.72359347,0.72072200,0.72346866,0.73187108,0.74553015,0.76364295,0.78507665,0.80847499,0.83238458,0.85538568,0.87621219,0.89384792,0.90758992,0.91707515,0.92227246,0.92344625,0.92110167,0.91592155,0.90870371,0.90030425,0.89158888,0.88339160,0.87647839,0.87151291,0.86902244,0.86936384,0.87269186,0.87893477,0.88778354,0.89870094,0.91095434,0.92367280,0.93592420,0.94680453,0.95552856,0.96151001,0.96442017,0.96421646,0.96113661,0.95565954,0.94843914,0.94022124,0.93175578,0.92371573,0.91663187
0.97758982,0.97955367,0.98121453,0.98257473,0.98351680,0.98379029,0.98303276,0.98082706,0.97678589,0.97064465,0.96233865,0.95204306,0.94016331,0.92727647,0.91403647,0.90106478,0.88885160,0.87769066,0.86766337,0.85867736,0.85055059,0.84312000,0.83634575,0.83038183,0.82559159,0.82250073,0.82169581,0.82368950,0.82878198,0.83694884,0.84778091,0.86049094,0.87398815,0.88700757,0.89826907,0.90663561,0.91124156,0.91157035,0.90747333,0.89913499,0.88700039,0.87168661,0.85390048,0.83437982,0.81386670,0.79311074,0.77289076,0.75403711,0.73743623,0.72400387,0.71462222,0.71004702,0.71079995,0.71706770,0.72863007,0.74483528,0.76463256,0.78666071,0.80938072,0.83123148,0.85078404,0.86687062,0.87867125,0.88574994,0.88804226,0.88580509,0.87954437,0.86993830,0.85777068,0.84388333,0.82914907,0.81445949,0.80071694,0.78881920,0.77962775,0.77391642,0.77230434,0.77518287,0.78265061,0.79447079,0.81006309,0.82853599,0.84875879,0.86946440,0.88936855,0.90728740,0.92223714,0.93350305,0.94067229,0.94363147,0.94253579,0.93775979,0.92984091,0.91942544,0.90722299,0.89397126,0.88040854,0.86724849,0.85515129,0.84468754
0.94314375,0.93669325,0.93080260,0.92607476,0.92294666,0.92162401,0.92204796,0.92390344,0.92667196,0.92972277,0.93242740,0.93427524,0.93496667,0.93446386,0.93298861,0.93096767,0.92893669,0.92742167,0.92682152,0.92731506,0.92881162,0.93095585,0.93318585,0.93483202,0.93523544,0.93386058,0.93038011,0.92471676,0.91703723,0.90770336,0.89719418,0.88601751,0.87463102,0.86338918,0.85252567,0.84217136,0.83239914,0.82328027,0.81493494,0.80756202,0.80143903,0.79689128,0.79423704,0.79372161,0.79545640,0.79937812,0.80523896,0.81263150,0.82104389,0.82993412,0.83880770,0.84728284,0.85513008,0.86227933,0.86879487,0.87482526,0.88054071,0.88607229,0.89146617,0.89666203,0.90149903,0.90574608,0.90914814,0.91147725,0.91257670,0.91238930,0.91096511,0.90844938,0.90505568,0.90103252,0.89663214,0.89208890,0.88761108,0.88338611,0.87959483,0.87642802,0.87409734,0.87283465,0.87287685,0.87443754,0.87767039,0.88263158,0.88924918,0.89730648,0.90644362,0.91617879,0.92594639,0.93514636,0.94319709,0.94958379,0.95389644,0.95585367,0.95531222,0.95226406,0.94682435,0.93921409,0.92974043,0.91877684,0.90674351,0.89408698
0.90154970,0.88430140,0.86848379,0.85528388,0.84537100,0.83885115,0.83534203,0.83414731,0.83448390,0.83570217,0.83744136,0.83968115,0.84267973,0.84682021,0.85241037,0.85949234,0.86771529,0.87630853,0.88416824,0.89004299,0.89277788,0.89156074,0.88611205,0.87677314,0.86447196,0.85057491,0.83665870,0.82425238,0.81460344,0.80851343,0.80627096,0.80768677,0.81221261,0.81910789,0.82761028,0.83706994,0.84702066,0.85718058,0.86739424,0.87754258,0.88745371,0.89684490,0.90531548,0.91239507,0.91763502,0.92071825,0.92155696,0.92035022,0.91758372,0.91396849,0.91033066,0.90747607,0.90605941,0.90648615,0.90886700,0.91303199,0.91859669,0.92506106,0.93191529,0.93872723,0.94519275,0.95114171,0.95650426,0.96125258,0.96533892,0.96865097,0.97099952,0.97214367,0.97184713,0.96994988,0.96643457,0.96146772,0.95540237,0.94873827,0.94204675,0.93587645,0.93066133,0.92665258,0.92389060,0.92222316,0.92136455,0.92098006,0.92077412,0.92056012,0.92029533,0.92007386,0.92008139,0.92052528,0.92155986,0.92322767,0.92543321,0.92795687,0.93050549,0.93278575,0.93457968,0.93580028,0.93651019,0.93689559,0.93719950,0.93762945
0.88862360,0.89032102,0.89591190,0.90485708,0.91623645,0.92888539,0.94155610,0.95307795,0.96249117,0.96913475,0.97267870,0.97310290,0.97063507,0.96566740,0.95867257,0.95013654,0.94051851,0.93024026,0.91969904,0.90929286,0.89944432,0.89061058,0.88327123,0.87789281,0.87487534,0.87449162,0.87683287,0.88177318,0.88896181,0.89784699,0.90772847,0.91783066,0.92738429,0.93570344,0.94224619,0.94665132,0.94874849,0.94854484,0.94619465,0.94196097,0.93617771,0.92921853,0.92147586,0.91334934,0.90524061,0.89754939,0.89066613,0.88495818,0.88074867,0.87829024,0.87773796,0.87912694,0.88235991,0.88720874,0.89333102,0.90030011,0.90764428,0.91488901,0.92159632,0.92739634,0.93200789,0.93524754,0.93702856,0.93735282,0.93629936,0.93401288,0.93069442,0.92659430,0.92200587,0.91725768,0.91270160,0.90869558,0.90558128,0.90365828,0.90315818,0.90422226,0.90688661,0.91107788,0.91662082,0.92325679,0.93066968,0.93851460,0.94644411,0.95412806,0.96126513,0.96758634,0.97285302,0.97685281,0.97939775,0.98032777,0.97952138,0.97691269,0.97251143,0.96642044,0.95884480,0.95008784,0.94053172,0.93060368,0.92073193,0.91129740
0.96130859,0.97548196,0.98517800,0.99022460,0.99062893,0.98658849,0.97848659,0.96687681,0.95246151,0.93606790,0.91862189,0.90111714,0.88457547,0.86999571,0.85829065,0.85021483,0.84629016,0.84673956,0.85144118,0.85991484,0.87134840,0.88466476,0.89862190,0.91193204,0.92338211,0.93193880,0.93682489,0.93756016,0.93396674,0.92614508,0.91443116,0.89934715,0.88155604,0.86182677,0.84101048,0.82002347,0.79982926,0.78141154,0.76573252,0.75367543,0.74597542,0.74314803,0.74542754,0.75272789,0.76463614,0.78044317,0.79920950,0.81985767,0.84127758,0.86242915,0.88242744,0.90059905,0.91650448,0.92992728,0.94083715,0.94933732,0.95560852,0.95985979,0.96229342,0.96308669,0.96238923,0.96033097,0.95703480,0.95262745,0.94724484,0.94103048,0.93412890,0.92667800,0.91880457,0.91062641,0.90226198,0.89384610,0.88554780,0.87758480,0.87022906,0.86379876,0.85863524,0.85506685,0.85336549,0.85370362,0.85612046,0.86050375,0.86659135,0.87399233,0.88222486,0.89076456,0.89909609,0.90676005,0.91338895,0.91872824,0.92264202,0.92510585,0.92619083,0.92604402,0.92486863,0.92290611,0.92041997,0.91767966,0.91494228,0.91243038
0.96351851,0.95359615,0.94118305,0.92715190,0.91231266,0.89737030,0.88292325,0.86949549,0.85758646,0.84771782,0.84045597,0.83639593,0.83610249,0.84001728,0.84835040,0.86098111,0.87739165,0.89665293,0.91747184,0.93829841,0.95747988,0.97343934,0.98485118,0.99078609,0.99080395,0.98498343,0.97388866,0.95848390,0.94001386,0.91987033,0.89946432,0.88011820,0.86298640,0.84900585,0.83887204,0.83303225,0.83168752,0.83479648,0.84207850,0.85301778,0.86687362,0.88270315,0.89940226,0.91576712,0.93057472,0.94267621,0.95109320,0.95510509,0.95431589,0.94869126,0.93856085,0.92458583,0.90769667,0.88900967,0.86973311,0.85107372,0.83415300,0.81993966,0.80920142,0.80247602,0.80005923,0.80200611,0.80814205,0.81808106,0.83124987,0.84691807,0.86423483,0.88227280,0.90007888,0.91672996,0.93139065,0.94336866,0.95216288,0.95749925,0.95935015,0.95793461,0.95369861,0.94727700,0.93944066,0.93103365,0.92290584,0.91584625,0.91052203,0.90742721,0.90684471,0.90882410,0.91317644,0.91948655,0.92714192,0.93537676,0.94332868,0.95010444,0.95484982,0.95681799,0.95543000,0.95032192,0.94137473,0.92872454,0.91275301,0.89405912
0.89422068,0.89048939,0.88924807,0.89079466,0.89500899,0.90137994,0.90909009,0.91714529,0.92452852,0.93035283,0.93398776,0.93513830,0.93386491,0.93054492,0.92578625,0.92031243,0.91484087,0.90997569,0.90613171,0.90350005,0.90205706,0.90161084,0.90187203,0.90253204,0.90333145,0.90410573,0.90480152,0.90546478,0.90620782,0.90716644,0.90845928,0.91015935,0.91228413,0.91480483,0.91767017,0.92083589,0.92428917,0.92805868,0.93220487,0.93679079,0.94183923,0.94728640,0.95294413,0.95848179,0.96343574,0.96724865,0.96933491,0.96916235,0.96633645,0.96067221,0.95224056,0.94138101,0.92867824,0.91490675,0.90095275,0.88772574,0.87607294,0.86670802,0.86016186,0.85675806,0.85661114,0.85964179,0.86560172,0.87410150,0.88463689,0.89661228,0.90936255,0.92217672,0.93432709,0.94510670,0.95387552,0.96011279,0.96346952,0.96381296,0.96125427,0.95615224,0.94908934,0.94082085,0.93220215,0.92410280,0.91731821,0.91248977,0.91004347,0.91015365,0.91273514,0.91746230,0.92381022,0.93111110,0.93861827,0.94557125,0.95125671,0.95506165,0.95651637,0.95532563,0.95138705,0.94479652,0.93584031,0.92497365,0.91278580,0.89995205
0.95743432,0.96238448,0.96733657,0.97210782,0.97633719,0.97950628,0.98099128,0.98014202,0.97637914,0.96929596,0.95874839,0.94491620,0.92832269,0.90980585,0.89044272,0.87143631,0.85398047,0.83912191,0.82763932,0.81995729,0.81610798,0.81574600,0.81821292,0.82263953,0.82806808,0.83357408,0.83836974,0.84187581,0.84375594,0.84391439,0.84246454,0.83967887,0.83593305,0.83165496,0.82728586,0.82325619,0.81997336,0.81781582,0.81712617,0.81819780,0.82125208,0.82640772,0.83364758,0.84279084,0.85347927,0.86518453,0.87724002,0.88889595,0.89939157,0.90803477,0.91427743,0.91777506,0.91842207,0.91635779,0.91194384,0.90571763,0.89833063,0.89048121,0.88285155,0.87605584,0.87060372,0.86687957,0.86513550,0.86549404,0.86795621,0.87241168,0.87864936,0.88636902,0.89519549,0.90469774,0.91441390,0.92388224,0.93267586,0.94043752,0.94690975,0.95195535,0.95556414,0.95784426,0.95899879,0.95929168,0.95900875,0.95842063,0.95775320,0.95716957,0.95676481,0.95657224,0.95657814,0.95674036,0.95700636,0.95732688,0.95766324,0.95798819,0.95828234,0.95852873,0.95870844,0.95879873,0.95877381,0.95860673,0.95826990,0.95773191
0.95033734,0.94440674,0.93739754,0.92989592,0.92241090,0.91534750,0.90900232,0.90357789,0.89920914,0.89599352,0.89401637,0.89336450,0.89412426,0.89636487,0.90011154,0.90531573,0.91183021,0.91939494,0.92763792,0.93609260,0.94423125,0.95151123,0.95742873,0.96157243,0.96366904,0.96361383,0.96148177,0.95751831,0.95211142,0.94574881,0.93896605,0.93229202,0.92619904,0.92106446,0.91714847,0.91458977,0.91341726,0.91357300,0.91493998,0.91736818,0.92069352,0.92474621,0.92934811,0.93430160,0.93937506,0.94429175,0.94872844,0.95232790,0.95472603,0.95559056,0.95466503,0.95181022,0.94703455,0.94050675,0.93254716,0.92359812,0.91417854,0.90483082,0.89606984,0.88834281,0.88200541,0.87731580,0.87444337,0.87348625,0.87448941,0.87745584,0.88234561,0.88906167,0.89742621,0.90715518,0.91784101,0.92895246,0.93985782,0.94987243,0.95832578,0.96463895,0.96839925,0.96941847,0.96776307,0.96374976,0.95790630,0.95090469,0.94347875,0.93634095,0.93011202,0.92527319,0.92214521,0.92089258,0.92154570,0.92403105,0.92819847,0.93383734,0.94067820,0.94838216,0.95652595,0.96459276,0.97197897,0.97802317,0.98205829,0.98348165
0.95055613,0.94289665,0.93344617,0.92331321,0.91336785,0.90414026,0.89581343,0.88830625,0.88142102,0.87501370,0.86913932,0.86413153,0.86059319,0.85929827,0.86102788,0.86637955,0.87559482,0.88844619,0.90421144,0.92174457,0.93963139,0.95639957,0.97074053,0.98169883,0.98879248,0.99204435,0.99192440,0.98922145,0.98487585,0.97980991,0.97478952,0.97034060,0.96672959,0.96400213,0.96206129,0.96075992,0.95998111,0.95968727,0.95992886,0.96081533,0.96246131,0.96492630,0.96816690,0.97201604,0.97619562,0.98035936,0.98415472,0.98728749,0.98957239,0.99095674,0.99151182,0.99139474,0.99079155,0.98985660,0.98866425,0.98718534,0.98529461,0.98280700,0.97953394,0.97534526,0.97022165,0.96428457,0.95779635,0.95113036,0.94471787,0.93898378,0.93428487,0.93086347,0.92882468,0.92813938,0.92866935,0.93020575,0.93251038,0.93534948,0.93851336,0.94181983,0.94510453,0.94820515,0.95094825,0.95314617,0.95460828,0.95516599,0.95470631,0.95320566,0.95075439,0.94756423,0.94395453,0.94031763,0.93706934,0.93459365,0.93319271,0.93305193,0.93422623,0.93664813,0.94015305,0.94451301,0.94946851,0.95474976,0.96008229,0.96517686
0.96514294,0.95525314,0.94015168,0.92061741,0.89765752,0.87243015,0.84617673,0.82016812,0.79566111,0.77385659,0.75585078,0.74257433,0.73472093,0.73267384,0.73644400,0.74563506,0.75944853,0.77673657,0.79610146,0.81603107,0.83505173,0.85187499,0.86551579,0.87536522,0.88121039,0.88320456,0.88179855,0.87765047,0.87153129,0.86424159,0.85654870,0.84914686,0.84263602,0.83751094,0.83415158,0.83280819,0.83357991,0.83639068,0.84097101,0.84685504,0.85340152,0.85984265,0.86535916,0.86917307,0.87064496,0.86935999,0.86518792,0.85830724,0.84918947,0.83854724,0.82725548,0.81625877,0.80647895,0.79873508,0.79368342,0.79178037,0.79326594,0.79816264,0.80628373,0.81724602,0.83048562,0.84527779,0.86076438,0.87599338,0.88997362,0.90174465,0.91045774,0.91545913,0.91636413,0.91310960,0.90597493,0.89556607,0.88276324,0.86863879,0.85435597,0.84106261,0.82979302,0.82138966,0.81645122,0.81530878,0.81802629,0.82441856,0.83407904,0.84641087,0.86065796,0.87593671,0.89127140,0.90563827,0.91802199,0.92748536,0.93324852,0.93476927,0.93181256,0.92449619,0.91330177,0.89904437,0.88280116,0.86580588,0.84932238,0.83451399
0.98280449,0.98128606,0.98009668,0.97944353,0.97941425,0.97996707,0.98093409,0.98204321,0.98296066,0.98335067,0.98294214,0.98158839,0.97930572,0.97628020,0.97283914,0.96939087,0.96634400,0.96402182,0.96259018,0.96201537,0.96206304,0.96234039,0.96237383,0.96170567,0.95998892,0.95705986,0.95297334,0.94799441,0.94254925,0.93714719,0.93229104,0.92839510,0.92572733,0.92438612,0.92431318,0.92533576,0.92722487,0.92975331,0.93273912,0.93606466,0.93966882,0.94351702,0.94755976,0.95169315,0.95573435,0.95942061,0.96243440,0.96445024,0.96519303,0.96449458,0.96233524,0.95886055,0.95436858,0.94927001,0.94402906,0.93909718,0.93485218,0.93155367,0.92932116,0.92813589,0.92786243,0.92828227,0.92913031,0.93012600,0.93099397,0.93147310,0.93131722,0.93029336,0.92818369,0.92479633,0.91998630,0.91368484,0.90593154,0.89690167,0.88692069,0.87645932,0.86610624,0.85652009,0.84836715,0.84225433,0.83866810,0.83792846,0.84016364,0.84530729,0.85311569,0.86319984,0.87506516,0.88815189,0.90187059,0.91563007,0.92885853,0.94102088,0.95163596,0.96029652,0.96669195,0.97063134,0.97206218,0.97107934,0.96791934,0.96293692
0.93706905,0.93725718,0.93804899,0.93913638,0.94014759,0.94073508,0.94064284,0.93974236,0.93803493,0.93562547,0.93267859,0.92936973,0.92584345,0.92218730,0.91842517,0.91452886,0.91044188,0.90610765,0.90149388,0.89660803,0.89150216,0.88626912,0.88103360,0.87594177,0.87115182,0.86682660,0.86312782,0.86021070,0.85821738,0.85726737,0.85744476,0.85878359,0.86125458,0.86475783,0.86912514,0.87413379,0.87953042,0.88506124,0.89050298,0.89568870,0.90052358,0.90498758,0.90912470,0.91302155,0.91678038,0.92049304,0.92422179,0.92799065,0.93178802,0.93557788,0.93931527,0.94296032,0.94648633,0.94987877,0.95312539,0.95620007,0.95904612,0.96156506,0.96361643,0.96503130,0.96563859,0.96529972,0.96394449,0.96160010,0.95840608,0.95461030,0.95054526,0.94658822,0.94311239,0.94043884,0.93879830,0.93830994,0.93898005,0.94071912,0.94337210,0.94675372,0.95068065,0.95499306,0.95956139,0.96427853,0.96904136,0.97372895,0.97818553,0.98221511,0.98559139,0.98808221,0.98948402,0.98965857,0.98856323,0.98626687,0.98294646,0.97886370,0.97432554,0.96963650,0.96505251,0.96074579,0.95678738,0.95314979,0.94972735,0.94636785
0.86717264,0.87391359,0.88179274,0.89034744,0.89881883,0.90623948,0.91158192,0.91394323,0.91273066,0.90780954,0.89958019,0.88896379,0.87729575,0.86614403,0.85708427,0.85147111,0.85024414,0.85379898,0.86194126,0.87392606,0.88857074,0.90441752,0.91991593,0.93359538,0.94420422,0.95080172,0.95280083,0.94996894,0.94240012,0.93047322,0.91480812,0.89622701,0.87572154,0.85442143,0.83355737,0.81441064,0.79824513,0.78622241,0.77930624,0.77816781,0.78310585,0.79399536,0.81027533,0.83098042,0.85481476,0.88025961,0.90570198,0.92956865,0.95045037,0.96720349,0.97902065,0.98546694,0.98648257,0.98235690,0.97368032,0.96128134,0.94615558,0.92939227,0.91210233,0.89535136,0.88009985,0.86715277,0.85712068,0.85039423,0.84713400,0.84727652,0.85055625,0.85654150,0.86468061,0.87435364,0.88492396,0.89578512,0.90639887,0.91632212,0.92522208,0.93288037,0.93918811,0.94413443,0.94779122,0.95029605,0.95183485,0.95262487,0.95289839,0.95288703,0.95280748,0.95284898,0.95316395,0.95386232,0.95501033,0.95663354,0.95872311,0.96124344,0.96413917,0.96733930,0.97075682,0.97428360,0.97778141,0.98107140,0.98392543,0.98606263
0.89243215,0.89445739,0.89563897,0.89662183,0.89805735,0.90041126,0.90381573,0.90800805,0.91237719,0.91611006,0.91840212,0.91867846,0.91676857,0.91299021,0.90812100,0.90326284,0.89962928,0.89830235,0.90001216,0.90498739,0.91290819,0.92296958,0.93403762,0.94486038,0.95428542,0.96143778,0.96582528,0.96735702,0.96628185,0.96307066,0.95827699,0.95241208,0.94586341,0.93887178,0.93156519,0.92403235,0.91640929,0.90895017,0.90205964,0.89627469,0.89219830,0.89039952,0.89130354,0.89509812,0.90167853,0.91064400,0.92134645,0.93298023,0.94469330,0.95569665,0.96535090,0.97321583,0.97905803,0.98282198,0.98457775,0.98446218,0.98263004,0.97922632,0.97438366,0.96824115,0.96097477,0.95282682,0.94412235,0.93526429,0.92670557,0.91890280,0.91226206,0.90708967,0.90355932,0.90170334,0.90142888,0.90255447,0.90485740,0.90812026,0.91216570,0.91687145,0.92216314,0.92798828,0.93428040,0.94092476,0.94773654,0.95445878,0.96078160,0.96637854,0.97095191,0.97427670,0.97623318,0.97682089,0.97615131,0.97442129,0.97187449,0.96876066,0.96530286,0.96167975,0.95802524,0.95444230,0.95102389,0.94787145,0.94510251,0.94284170
0.97019756,0.97768448,0.98383029,0.98845390,0.99146680,0.99287920,0.99280239,0.99144668,0.98911363,0.98618024,0.98307336,0.98023348,0.97806988,0.97691145,0.97695984,0.97825246,0.98064274,0.98380322,0.98725476,0.99042121,0.99270420,0.99356822,0.99262247,0.98968496,0.98481638,0.97831642,0.97068187,0.96253327,0.95452283,0.94723988,0.94113081,0.93644765,0.93323376,0.93134752,0.93051705,0.93041298,0.93072297,0.93121237,0.93175943,0.93235972,0.93310152,0.93412016,0.93554350,0.93744174,0.93979283,0.94247023,0.94525395,0.94786041,0.94998252,0.95133053,0.95166490,0.95081643,0.94869260,0.94527359,0.94060392,0.93478582,0.92797912,0.92040849,0.91237511,0.90426630,0.89655528,0.88978406,0.88452553,0.88132591,0.88063397,0.88272828,0.88765593,0.89519576,0.90485560,0.91590665,0.92745194,0.93851895,0.94816288,0.95556506,0.96011288,0.96145141,0.95950263,0.95445418,0.94672453,0.93691367,0.92574873,0.91403093,0.90258706,0.89222496,0.88369089,0.87762586,0.87452018,0.87466797,0.87812708,0.88469278,0.89389451,0.90502315,0.91719160,0.92942426,0.94076419,0.95038162,0.95766518,0.96228009,0.96418226,0.96358573
0.98138288,0.97470696,0.96733259,0.95951275,0.95127500,0.94251376,0.93311354,0.92306754,0.91256020,0.90199387,0.89195514,0.88313084,0.87619397,0.87168499,0.86991263,0.87089248,0.87433182,0.87965890,0.88608585,0.89269040,0.89850215,0.90258353,0.90410074,0.90238428,0.89697974,0.88768967,0.87460518,0.85812440,0.83895308,0.81808142,0.79673217,0.77627822,0.75813356,0.74362816,0.73388262,0.72970024,0.73149166,0.73924194,0.75252225,0.77054154,0.79222774,0.81632457,0.84148962,0.86638169,0.88973026,0.91038613,0.92735735,0.93983716,0.94723072,0.94918400,0.94561391,0.93673447,0.92307036,0.90544878,0.88496208,0.86289879,0.84064691,0.81958011,0.80094224,0.78574701,0.77470723,0.76820273,0.76628875,0.76873921,0.77511343,0.78483148,0.79724319,0.81167960,0.82748152,0.84400698,0.86062554,0.87671015,0.89163764,0.90480510,0.91566416,0.92376921,0.92882998,0.93075616,0.92968154,0.92595891,0.92012331,0.91282864,0.90476931,0.89660208,0.88888316,0.88203193,0.87632599,0.87192512,0.86891463,0.86735421,0.86731673,0.86890483,0.87223836,0.87741467,0.88445073,0.89322199,0.90341457,0.91450464,0.92577354,0.93635903
0.91650291,0.90545786,0.89422728,0.88321420,0.87268793,0.86279740,0.85361040,0.84516883,0.83754655,0.83089549,0.82546683,0.82159940,0.81967446,0.82004436,0.82294929,0.82843968,0.83632140,0.84613673,0.85718784,0.86860226,0.87943213,0.88877273,0.89588103,0.90027427,0.90179149,0.90060819,0.89720261,0.89228136,0.88667822,0.88124347,0.87674095,0.87376759,0.87270495,0.87370638,0.87671658,0.88151528,0.88777327,0.89510871,0.90313427,0.91148937,0.91985674,0.92796613,0.93559065,0.94254172,0.94866768,0.95385846,0.95805589,0.96126594,0.96356784,0.96511465,0.96612173,0.96684205,0.96753102,0.96840606,0.96960840,0.97117456,0.97302410,0.97496675,0.97672879,0.97799423,0.97845385,0.97785345,0.97603307,0.97295115,0.96869015,0.96344415,0.95749186,0.95116091,0.94479020,0.93869641,0.93314874,0.92835362,0.92444857,0.92150286,0.91952181,0.91845195,0.91818530,0.91856269,0.91937742,0.92038196,0.92130011,0.92184638,0.92175197,0.92079502,0.91883069,0.91581604,0.91182506,0.90705033,0.90178991,0.89642030,0.89135899,0.88702170,0.88378090,0.88193124,0.88166602,0.88306588,0.88609835,0.89062483,0.89641133,0.90313960
0.96887224,0.96598248,0.96158069,0.95643878,0.95123937,0.94642135,0.94208844,0.93800759,0.93370126,0.92861204,0.92229817,0.91460892,0.90579410,0.89651772,0.88776985,0.88069415,0.87636780,0.87558118,0.87866423,0.88539616,0.89501615,0.90633051,0.91789118,0.92820710,0.93594645,0.94009433,0.94004366,0.93561414,0.92700977,0.91473681,0.89950859,0.88216104,0.86359411,0.84474206,0.82656477,0.81004417,0.79616841,0.78589070,0.78005798,0.77931551,0.78400287,0.79406313,0.80898767,0.82781449,0.84918786,0.87147562,0.89292873,0.91185976,0.92681383,0.93670764,0.94091870,0.93931669,0.93223883,0.92042002,0.90489415,0.88688396,0.86769473,0.84862153,0.83087427,0.81551966,0.80343659,0.79528064,0.79145530,0.79209042,0.79703176,0.80584754,0.81785772,0.83218911,0.84785412,0.86384568,0.87923652,0.89326861,0.90541949,0.91543544,0.92332658,0.92932576,0.93381909,0.93726152,0.94009262,0.94266685,0.94520811,0.94779216,0.95035479,0.95271896,0.95463214,0.95580560,0.95594904,0.95479773,0.95213254,0.94779619,0.94171009,0.93389497,0.92449526,0.91380310,0.90227444,0.89052818,0.87932051,0.86949023,0.86187612,0.85721385
0.91473748,0.90203943,0.88914214,0.87699820,0.86641211,0.85799013,0.85211973,0.84898081,0.84858463,0.85082929,0.85555637,0.86259289,0.87176694,0.88289301,0.89573175,0.90993625,0.92500165,0.94023558,0.95476376,0.96757836,0.97762690,0.98392990,0.98570688,0.98248713,0.97418358,0.96111540,0.94397535,0.92374862,0.90159867,0.87874104,0.85632673,0.83535330,0.81661486,0.80069277,0.78798011,0.77872582,0.77308206,0.77113950,0.77294074,0.77846962,0.78762130,0.80016431,0.81570824,0.83368974,0.85338534,0.87395299,0.89449695,0.91414537,0.93212653,0.94783028,0.96084470,0.97096334,0.97816523,0.98257499,0.98441434,0.98395676,0.98149475,0.97732482,0.97174957,0.96509164,0.95771075,0.95001479,0.94245722,0.93551739,0.92966466,0.92531244,0.92277106,0.92220963,0.92363517,0.92689368,0.93169294,0.93764241,0.94430222,0.95123192,0.95803035,0.96436080,0.96995944,0.97462937,0.97822582,0.98064008,0.98178850,0.98161095,0.98007908,0.97721149,0.97309049,0.96787423,0.96179859,0.95516583,0.94831995,0.94161255,0.93536556,0.92983875,0.92520863,0.92156260,0.91890814,0.91719282,0.91632847,0.91621209,0.91673730,0.91779289
0.90495904,0.90022403,0.89718402,0.89621409,0.89748998,0.90097928,0.90642300,0.91332337,0.92095703,0.92842858,0.93476839,0.93906464,0.94060732,0.93901573,0.93432126,0.92698496,0.91784153,0.90797659,0.89855823,0.89065447,0.88507160,0.88224394,0.88219329,0.88456095,0.88869957,0.89380111,0.89903258,0.90365348,0.90709645,0.90900345,0.90922120,0.90776889,0.90479552,0.90054343,0.89532850,0.88953835,0.88364114,0.87819182,0.87382116,0.87119705,0.87095483,0.87360350,0.87942300,0.88837414,0.90004335,0.91363987,0.92805349,0.94196894,0.95402128,0.96296791,0.96784907,0.96811082,0.96367140,0.95492283,0.94267115,0.92802948,0.91228448,0.89675897,0.88269027,0.87113716,0.86291989,0.85859028,0.85842351,0.86242185,0.87032240,0.88160569,0.89550733,0.91103952,0.92703120,0.94219383,0.95521535,0.96487740,0.97018418,0.97048492,0.96556997,0.95572174,0.94170811,0.92471484,0.90622419,0.88785633,0.87119642,0.85763211,0.84822335,0.84362001,0.84403343,0.84925922,0.85874000,0.87165269,0.88700367,0.90371800,0.92071450,0.93696411,0.95153409,0.96362301,0.97259130,0.97798993,0.97958594,0.97738015,0.97160967,0.96272797
0.93301279,0.92860906,0.92584273,0.92480065,0.92533311,0.92712532,0.92977654,0.93287157,0.93603463,0.93896103,0.94142779,0.94328821,0.94445718,0.94489427,0.94458957,0.94355506,0.94182123,0.93943643,0.93646624,0.93299059,0.92909868,0.92488324,0.92043655,0.91585012,0.91121816,0.90664415,0.90224812,0.89817236,0.89458301,0.89166577,0.88961501,0.88861725,0.88883165,0.89037154,0.89329051,0.89757544,0.90314622,0.90986025,0.91751835,0.92586926,0.93461089,0.94338865,0.95179303,0.95936040,0.96558215,0.96992651,0.97187565,0.97097679,0.96690232,0.95950997,0.94889250,0.93540663,0.91967318,0.90254491,0.88504338,0.86827176,0.85331455,0.84113799,0.83250439,0.82791110,0.82755993,0.83135734,0.83894101,0.84972499,0.86295451,0.87776217,0.89321963,0.90838233,0.92232808,0.93419300,0.94320921,0.94874709,0.95036250,0.94784477,0.94125873,0.93097150,0.91765542,0.90226061,0.88595485,0.87003353,0.85580775,0.84448312,0.83704402,0.83415848,0.83611545,0.84280162,0.85371884,0.86803739,0.88467642,0.90239999,0.91991754,0.93597846,0.94945325,0.95939719,0.96509549,0.96609145,0.96220057,0.95351314,0.94038645,0.92342621
0.99169939,0.99196225,0.99087250,0.98865475,0.98564726,0.98223233,0.97875581,0.97545895,0.97244302,0.96967699,0.96704642,0.96442855,0.96177116,0.95915131,0.95679548,0.95505273,0.95432435,0.95496447,0.95717428,0.96091542,0.96586564,0.97143097,0.97681595,0.98114002,0.98357736,0.98349237,0.98054437,0.97474248,0.96644203,0.95628592,0.94510474,0.93379641,0.92320883,0.91404616,0.90681230,0.90179570,0.89908958,0.89863523,0.90027212,0.90378065,0.90890761,0.91537169,0.92285328,0.93097787,0.93930524,0.94733493,0.95453433,0.96038902,0.96446805,0.96649175,0.96638691,0.96431586,0.96067036,0.95602814,0.95107787,0.94652437,0.94299068,0.94093377,0.94058820,0.94194622,0.94477541,0.94866813,0.95311113,0.95756138,0.96151448,0.96455545,0.96638691,0.96683508,0.96583907,0.96343136,0.95971788,0.95486403,0.94908930,0.94266902,0.93593821,0.92929078,0.92316756,0.91802971,0.91431761,0.91240034,0.91252414,0.91477012,0.91903085,0.92501253,0.93226465,0.94023338,0.94833044,0.95600541,0.96280903,0.96843677,0.97274586,0.97574471,0.97755887,0.97838229,0.97842463,0.97786554,0.97682340,0.97534217,0.97339509,0.97090014
0.94703187,0.94861325,0.94931327,0.94898904,0.94745700,0.94454808,0.94017898,0.93442420,0.92756971,0.92012981,0.91281519,0.90645121,0.90185758,0.89971105,0.90041787,0.90402230,0.91017109,0.91814396,0.92694740,0.93545710,0.94258376,0.94743224,0.94942487,0.94836768,0.94445070,0.93818703,0.93030773,0.92163610,0.91296703,0.90497265,0.89814776,0.89279835,0.88906620,0.88697543,0.88648290,0.88751613,0.88998803,0.89378608,0.89874210,0.90459522,0.91096329,0.91733646,0.92310147,0.92759742,0.93019586,0.93039142,0.92788554,0.92264682,0.91493511,0.90528388,0.89444351,0.88329523,0.87275079,0.86365436,0.85670158,0.85238564,0.85097432,0.85251555,0.85686413,0.86371999,0.87266812,0.88321331,0.89480621,0.90686197,0.91877550,0.92993915,0.93976746,0.94773095,0.95339713,0.95647362,0.95684555,0.95459971,0.95002856,0.94361110,0.93597097,0.92781696,0.91987420,0.91281615,0.90720689,0.90346077,0.90182227,0.90236525,0.90500723,0.90953296,0.91562122,0.92287031,0.93082016,0.93897130,0.94680342,0.95379731,0.95946303,0.96337511,0.96521220,0.96479538,0.96211779,0.95735789,0.95087099,0.94315703,0.93480681,0.92643282
0.93382773,0.92533513,0.91806608,0.91253264,0.90880904,0.90660885,0.90543024,0.90473278,0.90410382,0.90337583,0.90266905,0.90235256,0.90293667,0.90492605,0.90867062,0.91425052,0.92142158,0.92963298,0.93811211,0.94599703,0.95248707,0.95697915,0.95916186,0.95904951,0.95695307,0.95339879,0.94901630,0.94442276,0.94012798,0.93647810,0.93364443,0.93165329,0.93044319,0.92993074,0.93006634,0.93086479,0.93240410,0.93479442,0.93812748,0.94242173,0.94757934,0.95336769,0.95943165,0.96533486,0.97062152,0.97488498,0.97782848,0.97930532,0.97933069,0.97806450,0.97577085,0.97276477,0.96935910,0.96582299,0.96235967,0.95910561,0.95614772,0.95355077,0.95138511,0.94974536,0.94875375,0.94854613,0.94924422,0.95092111,0.95356974,0.95708307,0.96125216,0.96578401,0.97033614,0.97456085,0.97815001,0.98087090,0.98258614,0.98325437,0.98291336,0.98165107,0.97957300,0.97677436,0.97332417,0.96926472,0.96462583,0.95944940,0.95381673,0.94787034,0.94182304,0.93595017,0.93056539,0.92598432,0.92248375,0.92026516,0.91942997,0.91997152,0.92178432,0.92468737,0.92845472,0.93284536,0.93762436,0.94257033,0.94746780,0.95208746
0.97512037,0.96582747,0.95643152,0.94808593,0.94154654,0.93711889,0.93469718,0.93387952,0.93412788,0.93493235,0.93593972,0.93701717,0.93824042,0.93981579,0.94196268,0.94479156,0.94821197,0.95189630,0.95531094,0.95780949,0.95876787,0.95772940,0.95452480,0.94933658,0.94269067,0.93537499,0.92830252,0.92234837,0.91819561,0.91622141,0.91644550,0.91854918,0.92195806,0.92596892,0.92989210,0.93317949,0.93551249,0.93683542,0.93733270,0.93736064,0.93735351,0.93772668,0.93879782,0.94074039,0.94357466,0.94719222,0.95140201,0.95598221,0.96072279,0.96544808,0.97001595,0.97429790,0.97815002,0.98138768,0.98377552,0.98504016,0.98490658,0.98315199,0.97966596,0.97450207,0.96790757,0.96032152,0.95233835,0.94464149,0.93791759,0.93276657,0.92962294,0.92870191,0.92997836,0.93320036,0.93793237,0.94361834,0.94965227,0.95544474,0.96047634,0.96433361,0.96672743,0.96749748,0.96660815,0.96414137,0.96028971,0.95535043,0.94971803,0.94387095,0.93834792,0.93371122,0.93049720,0.92915844,0.93000494,0.93315417,0.93849949,0.94570456,0.95422717,0.96337068,0.97235584,0.98040203,0.98680501,0.99099999,0.99260184,0.99141956
0.97563215,0.97220949,0.96914023,0.96696520,0.96599258,0.96625740,0.96753298,0.96938986,0.97128911,0.97269120,0.97315977,0.97244090,0.97050454,0.96754304,0.96393045,0.96015374,0.95673012,0.95412523,0.95268392,0.95258277,0.95380912,0.95616845,0.95931748,0.96281692,0.96619485,0.96901059,0.97090978,0.97166351,0.97118753,0.96954007,0.96689998,0.96352932,0.95972724,0.95578372,0.95194175,0.94837453,0.94518115,0.94239964,0.94003286,0.93807974,0.93656366,0.93555016,0.93514878,0.93549737,0.93673186,0.93894834,0.94216708,0.94630797,0.95118455,0.95651988,0.96198184,0.96723147,0.97197428,0.97600374,0.97922755,0.98167087,0.98345615,0.98476455,0.98578820,0.98668471,0.98754458,0.98837879,0.98912877,0.98969534,0.98997854,0.98991722,0.98951771,0.98886324,0.98810110,0.98740994,0.98695510,0.98684308,0.98708658,0.98758960,0.98815713,0.98852826,0.98842571,0.98761069,0.98593079,0.98335009,0.97995529,0.97593739,0.97155422,0.96708352,0.96277790,0.95883236,0.95537090,0.95245390,0.95010196,0.94832705,0.94716022,0.94666542,0.94693350,0.94805589,0.95008348,0.95298116,0.95659031,0.96061068,0.96460938,0.96805844
0.98740930,0.98921418,0.98815412,0.98410827,0.97721616,0.96786858,0.95665351,0.94427411,0.93146131,0.91890302,0.90720361,0.89687532,0.88835163,0.88200511,0.87815220,0.87703217,0.87875708,0.88324004,0.89011926,0.89870221,0.90795483,0.91655485,0.92301428,0.92585949,0.92384110,0.91613657,0.90250706,0.88337804,0.85982679,0.83347647,0.80631363,0.78045870,0.75792729,0.74041964,0.72916777,0.72485584,0.72761324,0.73706615,0.75242472,0.77258199,0.79620518,0.82180902,0.84781108,0.87257795,0.89447638,0.91194317,0.92358195,0.92828494,0.92536673,0.91468780,0.89674152,0.87268023,0.84426427,0.81373066,0.78359261,0.75639434,0.73445474,0.71963632,0.71317103,0.71556449,0.72658569,0.74533483,0.77037071,0.79987195,0.83180603,0.86408469,0.89469244,0.92178479,0.94376114,0.95932212,0.96752164,0.96781954,0.96013439,0.94488787,0.92302722,0.89600995,0.86573806,0.83443662,0.80448148,0.77819229,0.75761581,0.74432910,0.73929089,0.74276250,0.75430831,0.77287264,0.79691774,0.82459898,0.85394956,0.88304948,0.91015987,0.93381346,0.95286215,0.96649057,0.97420933,0.97584159,0.97151255,0.96164456,0.94695322,0.92843413
0.96223770,0.95156588,0.94175432,0.93379199,0.92830943,0.92549419,0.92508558,0.92645099,0.92872873,0.93100770,0.93250529,0.93270569,0.93143055,0.92883077,0.92530660,0.92137887,0.91754344,0.91414301,0.91128497,0.90882303,0.90640562,0.90357837,0.89991533,0.89514696,0.88925367,0.88250324,0.87542361,0.86871808,0.86314222,0.85936949,0.85787344,0.85884990,0.86219256,0.86752403,0.87427191,0.88177121,0.88936967,0.89651443,0.90280475,0.90800497,0.91202158,0.91485657,0.91655306,0.91714977,0.91665624,0.91505455,0.91232496,0.90848637,0.90363845,0.89799164,0.89187450,0.88571361,0.87998838,0.87516891,0.87164981,0.86969316,0.86939232,0.87066331,0.87326443,0.87683909,0.88097224,0.88524865,0.88930209,0.89284750,0.89569320,0.89773470,0.89893624,0.89930770,0.89888477,0.89771771,0.89587103,0.89343232,0.89052559,0.88732290,0.88404794,0.88096746,0.87836950,0.87653103,0.87568065,0.87596353,0.87741549,0.87995144,0.88337062,0.88737788,0.89161744,0.89571339,0.89931018,0.90210718,0.90388290,0.90450772,0.90394599,0.90225069,0.89955359,0.89605340,0.89200272,0.88769365,0.88344090,0.87956131,0.87634920,0.87404768
0.94189968,0.94042509,0.94031289,0.94146673,0.94361654,0.94636193,0.94923120,0.95174928,0.95350512,0.95420620,0.95370928,0.95202049,0.94926509,0.94563459,0.94132386,0.93647306,0.93112811,0.92522941,0.91863319,0.91116242,0.90267716,0.89314799,0.88271411,0.87171021,0.86065313,0.85018887,0.84100967,0.83375733,0.82893185,0.82682289,0.82747712,0.83070683,0.83613648,0.84327591,0.85160295,0.86063710,0.86998924,0.87937909,0.88862124,0.89758810,0.90616360,0.91420289,0.92151110,0.92784889,0.93296478,0.93664690,0.93878097,0.93939842,0.93870072,0.93705098,0.93493184,0.93287657,0.93138683,0.93085357,0.93149760,0.93334174,0.93622004,0.93982134,0.94375700,0.94763766,0.95114251,0.95406708,0.95634115,0.95801600,0.95922685,0.96014190,0.96091152,0.96163000,0.96231871,0.96293321,0.96339085,0.96361008,0.96354953,0.96323570,0.96277096,0.96231925,0.96207284,0.96220819,0.96284212,0.96399912,0.96559809,0.96746228,0.96935051,0.97100286,0.97219049,0.97275855,0.97265288,0.97192543,0.97071859,0.96923336,0.96768959,0.96628760,0.96517923,0.96445322,0.96413546,0.96420080,0.96458962,0.96522196,0.96600280,0.96681601
0.94906903,0.94245464,0.93639500,0.93150727,0.92816090,0.92640140,0.92594879,0.92627634,0.92675221,0.92680787,0.92608808,0.92454191,0.92243090,0.92025333,0.91860503,0.91801320,0.91878495,0.92090934,0.92403828,0.92755312,0.93070170,0.93277259,0.93326317,0.93200027,0.92918470,0.92535110,0.92125495,0.91771523,0.91544983,0.91494071,0.91635716,0.91955071,0.92411765,0.92950882,0.93515616,0.94058343,0.94547520,0.94969123,0.95322839,0.95614601,0.95847891,0.96016427,0.96100397,0.96067331,0.95877477,0.95492295,0.94883900,0.94043057,0.92983755,0.91743279,0.90377805,0.88954636,0.87542908,0.86204874,0.84989595,0.83930154,0.83044533,0.82339376,0.81815174,0.81471201,0.81308704,0.81331499,0.81543863,0.81946447,0.82531496,0.83278892,0.84154348,0.85110494,0.86090839,0.87035867,0.87890019,0.88608125,0.89160058,0.89532805,0.89729770,0.89767776,0.89672718,0.89475063,0.89206290,0.88896917,0.88576169,0.88272785,0.88016111,0.87836564,0.87764802,0.87829342,0.88052882,0.88448053,0.89013631,0.89732333,0.90571023,0.91483639,0.92416455,0.93314680,0.94129007,0.94820743,0.95364450,0.95747676,0.95967986,0.96028198
0.86018454,0.85440518,0.84974132,0.84603969,0.84291711,0.83994909,0.83686358,0.83368777,0.83080721,0.82891773,0.82887773,0.83149365,0.83728836,0.84630683,0.85800515,0.87125032,0.88443444,0.89568333,0.90312119,0.90514297,0.90064653,0.88918665,0.87102978,0.84710865,0.81889421,0.78821486,0.75705839,0.72738816,0.70099623,0.67940302,0.66380160,0.65503542,0.65359487,0.65961943,0.67289737,0.69286227,0.71859287,0.74882676,0.78199984,0.81631970,0.84987467,0.88077176,0.90728919,0.92802391,0.94201385,0.94881761,0.94854115,0.94180957,0.92969024,0.91358027,0.89507469,0.87583221,0.85745242,0.84137371,0.82879588,0.82062690,0.81745038,0.81950990,0.82670719,0.83861351,0.85449551,0.87335805,0.89400616,0.91512579,0.93537998,0.95351286,0.96845099,0.97939000,0.98585533,0.98772929,0.98524128,0.97892372,0.96954157,0.95800655,0.94528861,0.93233608,0.92001226,0.90905236,0.90003973,0.89339718,0.88938731,0.88811604,0.88953534,0.89344448,0.89949192,0.90718260,0.91589591,0.92491833,0.93349175,0.94087461,0.94640917,0.94958574,0.95009346,0.94784898,0.94299735,0.93588441,0.92700517,0.91693708,0.90626917,0.89553827
0.96731639,0.97494279,0.98184209,0.98756110,0.99160378,0.99350376,0.99290336,0.98962368,0.98371208,0.97545861,0.96537858,0.95416425,0.94261332,0.93154484,0.92171457,0.91374074,0.90804836,0.90483618,0.90406758,0.90548431,0.90864127,0.91296005,0.91779711,0.92252009,0.92658319,0.92959165,0.93134608,0.93186022,0.93134933,0.93019054,0.92886029,0.92785771,0.92762587,0.92848387,0.93058141,0.93388286,0.93818232,0.94314423,0.94836019,0.95340965,0.95791328,0.96156997,0.96417299,0.96560605,0.96582452,0.96483078,0.96265318,0.95933613,0.95494442,0.94957995,0.94340461,0.93666009,0.92967583,0.92285826,0.91665868,0.91152293,0.90783067,0.90583599,0.90562179,0.90707819,0.90991048,0.91367601,0.91784339,0.92186304,0.92523597,0.92756851,0.92860423,0.92822957,0.92645562,0.92338410,0.91916808,0.91397864,0.90798566,0.90135644,0.89427035,0.88694281,0.87964916,0.87273819,0.86662751,0.86177720,0.85864347,0.85761960,0.85897485,0.86280371,0.86899586,0.87723376,0.88701895,0.89772265,0.90865167,0.91911836,0.92850340,0.93630264,0.94215345,0.94584028,0.94728361,0.94651900,0.94367398,0.93894898,0.93260544,0.92496027
0.98338662,0.98405588,0.98500099,0.98592301,0.98636530,0.98581285,0.98381093,0.98008109,0.97461121,0.96769977,0.95994253,0.95216072,0.94528198,0.94019450,0.93759961,0.93788809,0.94106005,0.94670010,0.95401048,0.96189533,0.96908254,0.97426518,0.97624306,0.97404778,0.96703842,0.95496164,0.93797466,0.91663415,0.89185611,0.86485217,0.83704734,0.80998383,0.78521508,0.76419534,0.74817083,0.73808023,0.73447249,0.73745007,0.74664418,0.76122632,0.77995722,0.80127029,0.82338338,0.84442928,0.86259391,0.87625101,0.88408337,0.88518255,0.87912114,0.86599348,0.84642198,0.82152751,0.79286400,0.76231897,0.73198460,0.70400651,0.68042082,0.66299257,0.65307094,0.65147625,0.65843209,0.67355102,0.69587626,0.72397494,0.75607174,0.79020728,0.82440262,0.85681178,0.88584699,0.91026698,0.92922524,0.94228116,0.94938185,0.95082370,0.94720271,0.93935951,0.92832234,0.91524790,0.90135836,0.88787242,0.87592994,0.86651279,0.86036866,0.85794750,0.85936198,0.86438149,0.87246464,0.88282913,0.89455080,0.90667814,0.91834487,0.92886296,0.93778118,0.94490056,0.95024640,0.95400494,0.95643960,0.95780515,0.95827719,0.95790954
0.95748873,0.96036750,0.96127818,0.96008585,0.95666141,0.95094060,0.94299334,0.93308646,0.92172250,0.90964042,0.89777163,0.88715385,0.87881504,0.87364637,0.87228622,0.87503475,0.88181252,0.89216876,0.90533572,0.92031928,0.93601043,0.95130099,0.96518770,0.97685309,0.98571712,0.99145913,0.99401469,0.99355368,0.99044622,0.98522109,0.97851967,0.97104636,0.96351607,0.95659997,0.95087167,0.94675801,0.94450006,0.94413044,0.94547197,0.94816032,0.95168932,0.95547388,0.95892185,0.96150490,0.96281827,0.96262148,0.96085545,0.95763558,0.95322430,0.94798961,0.94235737,0.93676469,0.93161978,0.92727103,0.92398562,0.92193623,0.92119364,0.92172373,0.92338813,0.92594963,0.92908408,0.93240101,0.93547406,0.93788029,0.93924511,0.93928696,0.93785491,0.93495215,0.93074022,0.92552167,0.91970284,0.91374229,0.90809323,0.90314978,0.89920575,0.89643210,0.89487504,0.89447281,0.89508562,0.89653152,0.89862056,0.90118085,0.90407270,0.90719037,0.91045407,0.91379744,0.91715624,0.92046288,0.92364874,0.92665307,0.92943440,0.93197972,0.93430636,0.93645399,0.93846629,0.94036510,0.94212239,0.94363679,0.94472165,0.94510972
0.95525562,0.96119144,0.96704078,0.97197072,0.97536906,0.97696930,0.97688515,0.97555294,0.97360217,0.97169004,0.97034194,0.96983555,0.97015261,0.97100374,0.97191404,0.97234332,0.97180964,0.96998703,0.96675793,0.96221426,0.95661401,0.95031073,0.94367691,0.93704073,0.93064933,0.92466238,0.91917125,0.91423262,0.90990250,0.90625821,0.90340104,0.90143959,0.90046037,0.90049664,0.90150648,0.90336796,0.90589349,0.90885946,0.91204278,0.91525429,0.91835958,0.92128169,0.92398550,0.92644922,0.92863291,0.93045498,0.93178615,0.93246483,0.93233190,0.93127681,0.92928313,0.92646121,0.92305770,0.91943726,0.91603787,0.91330828,0.91164011,0.91130924,0.91243855,0.91498887,0.91877837,0.92352383,0.92889279,0.93455372,0.94021318,0.94563275,0.95062506,0.95503396,0.95870883,0.96148446,0.96317631,0.96359612,0.96258652,0.96006711,0.95608024,0.95082359,0.94465841,0.93808721,0.93170169,0.92610837,0.92184565,0.91930819,0.91869391,0.91998383,0.92295795,0.92724264,0.93237865,0.93789525,0.94337567,0.94850214,0.95307419,0.95700024,0.96026870,0.96290925,0.96495566,0.96642010,0.96728379,0.96750331,0.96702655,0.96580974
0.97424917,0.96493630,0.94837631,0.92503207,0.89568048,0.86138125,0.82344744,0.78342062,0.74304728,0.70424784,0.66906555,0.63958339,0.61780224,0.60548294,0.60396507,0.61398431,0.63551566,0.66767129,0.70867752,0.75594704,0.80624844,0.85595995,0.90137936,0.93905229,0.96607831,0.98035887,0.98076169,0.96718933,0.94055330,0.90266622,0.85607232,0.80383982,0.74933766,0.69601455,0.64719185,0.60587658,0.57459665,0.55525968,0.54903866,0.55629001,0.57651287,0.60835956,0.64970570,0.69778409,0.74937885,0.80106754,0.84949038,0.89161990,0.92500232,0.94794497,0.95963011,0.96014530,0.95043049,0.93215228,0.90752323,0.87908893,0.84950600,0.82133163,0.79684001,0.77787562,0.76574805,0.76116919,0.76423167,0.77442635,0.79069712,0.81153107,0.83508176,0.85932086,0.88220989,0.90187927,0.91679817,0.92591714,0.92876636,0.92549656,0.91685582,0.90410334,0.88886914,0.87297661,0.85824942,0.84632670,0.83850794,0.83564322,0.83807693,0.84564475,0.85771730,0.87327969,0.89103423,0.90951446,0.92720072,0.94263075,0.95450179,0.96176236,0.96369204,0.95996551,0.95069546,0.93644661,0.91821365,0.89735777,0.87550069,0.85438081
0.98253876,0.98256756,0.98152554,0.97953838,0.97687174,0.97387683,0.97091276,0.96826711,0.96609677,0.96440543,0.96306445,0.96187127,0.96062923,0.95922618,0.95768991,0.95620412,0.95507899,0.95468153,0.95534094,0.95725070,0.96039097,0.96449115,0.96904387,0.97336993,0.97672195,0.97840552,0.97789282,0.97490633,0.96945740,0.96183463,0.95254779,0.94224134,0.93159681,0.92124405,0.91169730,0.90332507,0.89635358,0.89089579,0.88699204,0.88464771,0.88385587,0.88459864,0.88682849,0.89043653,0.89521955,0.90085844,0.90691826,0.91287539,0.91817008,0.92227643,0.92477646,0.92542392,0.92418464,0.92124554,0.91699041,0.91194729,0.90671753,0.90189947,0.89801983,0.89548321,0.89454575,0.89531287,0.89775664,0.90174459,0.90707130,0.91348539,0.92070761,0.92843977,0.93636699,0.94415821,0.95147048,0.95796102,0.96330876,0.96724369,0.96957906,0.97023981,0.96928051,0.96688771,0.96336479,0.95910092,0.95452865,0.95007672,0.94612545,0.94297134,0.94080560,0.93970845,0.93965813,0.94055068,0.94222539,0.94449079,0.94714734,0.95000457,0.95289245,0.95566739,0.95821413,0.96044433,0.96229266,0.96371046,0.96465698,0.96508803
0.97399175,0.97267935,0.97034459,0.96764807,0.96525376,0.96370832,0.96334003,0.96419950,0.96605589,0.96845047,0.97079646,0.97250348,0.97309933,0.97232362,0.97017467,0.96690263,0.96295328,0.95887673,0.95522162,0.95243670,0.95079946,0.95038463,0.95107620,0.95261693,0.95468126,0.95695298,0.95918976,0.96126118,0.96315448,0.96495002,0.96677535,0.96875056,0.97093858,0.97331179,0.97574213,0.97801575,0.97986787,0.98102897,0.98127145,0.98044680,0.97850627,0.97550219,0.97157198,0.96691012,0.96173529,0.95626047,0.95067163,0.94511846,0.93971699,0.93456107,0.92973764,0.92534056,0.92147840,0.91827399,0.91585605,0.91434494,0.91383625,0.91438619,0.91600174,0.91863784,0.92220146,0.92656136,0.93156085,0.93703054,0.94279867,0.94869744,0.95456555,0.96024788,0.96559412,0.97045845,0.97470128,0.97819386,0.98082525,0.98251023,0.98319649,0.98286934,0.98155272,0.97930649,0.97622076,0.97240899,0.96800181,0.96314305,0.95798870,0.95270868,0.94748991,0.94253873,0.93808046,0.93435398,0.93160056,0.93004684,0.92988377,0.93124401,0.93418092,0.93865216,0.94450988,0.95149871,0.95926108,0.96734901,0.97524079,0.98236129
0.93970559,0.92950576,0.92148099,0.91660007,0.91528953,0.91742259,0.92239772,0.92928378,0.93699887,0.94448678,0.95086046,0.95549230,0.95804558,0.95845447,0.95686918,0.95358704,0.94898823,0.94348875,0.93751479,0.93149455,0.92585794,0.92103309,0.91743075,0.91541242,0.91524444,0.91704573,0.92074047,0.92602846,0.93238366,0.93908689,0.94529213,0.95011891,0.95275797,0.95257462,0.94919469,0.94256122,0.93295450,0.92097371,0.90748324,0.89353081,0.88024758,0.86874082,0.85998968,0.85475259,0.85349302,0.85632825,0.86300499,0.87290428,0.88507679,0.89830794,0.91120988,0.92233451,0.93029924,0.93391460,0.93230120,0.92498317,0.91194658,0.89365504,0.87101930,0.84532385,0.81811819,0.79108508,0.76589954,0.74409332,0.72693755,0.71535323,0.70985506,0.71052967,0.71704551,0.72868979,0.74442710,0.76297499,0.78289280,0.80268043,0.82088359,0.83620131,0.84758980,0.85435517,0.85622599,0.85339562,0.84652520,0.83670099,0.82534450,0.81408102,0.80457801,0.79837120,0.79669828,0.80036093,0.80963209,0.82422034,0.84329527,0.86556971,0.88942650,0.91307193,0.93469535,0.95261589,0.96540199,0.97195617,0.97156467,0.96391650
0.91603560,0.90557696,0.89645348,0.88957516,0.88551283,0.88442085,0.88603601,0.88975575,0.89478095,0.90029275,0.90562385,0.91038462,0.91451626,0.91826069,0.92205734,0.92639317,0.93164202,0.93793102,0.94506542,0.95252982,0.95956708,0.96531748,0.96898684,0.97000548,0.96814280,0.96355326,0.95674637,0.94849006,0.93967114,0.93114389,0.92359908,0.91747886,0.91295146,0.90994534,0.90822872,0.90751106,0.90753985,0.90816961,0.90938857,0.91130046,0.91407011,0.91784991,0.92270816,0.92857851,0.93524322,0.94235373,0.94948239,0.95619161,0.96210297,0.96694989,0.97060227,0.97305923,0.97441434,0.97480430,0.97435617,0.97314716,0.97118753,0.96842991,0.96480156,0.96024976,0.95478764,0.94852758,0.94169293,0.93460413,0.92764200,0.92119684,0.91561518,0.91115643,0.90796839,0.90608552,0.90544795,0.90593409,0.90739731,0.90969635,0.91271181,0.91634500,0.92050091,0.92506181,0.92986095,0.93466623,0.93918068,0.94306193,0.94595740,0.94754777,0.94758890,0.94594290,0.94259134,0.93762764,0.93123093,0.92362807,0.91505364,0.90571844,0.89579397,0.88541578,0.87470290,0.86378556,0.85283142,0.84206077,0.83174391,0.82217840
0.90947790,0.90843644,0.90927341,0.91246499,0.91816249,0.92610815,0.93562473,0.94568906,0.95508200,0.96258857,0.96720900,0.96833699,0.96586742,0.96021154,0.95221715,0.94301152,0.93379856,0.92564998,0.91932902,0.91517846,0.91309106,0.91256453,0.91282619,0.91299928,0.91227606,0.91006398,0.90607951,0.90037717,0.89331501,0.88547018,0.87752584,0.87015389,0.86391596,0.85919901,0.85619275,0.85490615,0.85521237,0.85690606,0.85975697,0.86354733,0.86808641,0.87320327,0.87872449,0.88444776,0.89012319,0.89545232,0.90010967,0.90378581,0.90624405,0.90737864,0.90725993,0.90615438,0.90451107,0.90291373,0.90200375,0.90238598,0.90453317,0.90870580,0.91490193,0.92284623,0.93202053,0.94173024,0.95119507,0.95964845,0.96642965,0.97105465,0.97325675,0.97299405,0.97042725,0.96587627,0.95976748,0.95258265,0.94481826,0.93695917,0.92946533,0.92276701,0.91726137,0.91330394,0.91119045,0.91112836,0.91320180,0.91733788,0.92328422,0.93060773,0.93872079,0.94693572,0.95454208,0.96089555,0.96550365,0.96809297,0.96864453,0.96738915,0.96476212,0.96132420,0.95766304,0.95429307,0.95157202,0.94964823,0.94844632,0.94769129
0.94767868,0.94419913,0.94128417,0.93905878,0.93734734,0.93577163,0.93389937,0.93140517,0.92820180,0.92450705,0.92082716,0.91785907,0.91633384,0.91683839,0.91965751,0.92467308,0.93134391,0.93877142,0.94583782,0.95138840,0.95442139,0.95424827,0.95059525,0.94362987,0.93391311,0.92229227,0.90976083,0.89731525,0.88583566,0.87600826,0.86829580,0.86295104,0.86005920,0.85959204,0.86145596,0.86552209,0.87163266,0.87958657,0.88911312,0.89984670,0.91131479,0.92294772,0.93411232,0.94416544,0.95251765,0.95869530,0.96238931,0.96348181,0.96204667,0.95832530,0.95268406,0.94556284,0.93742510,0.92871798,0.91984720,0.91116770,0.90298702,0.89557602,0.88918079,0.88402997,0.88033368,0.87827274,0.87798006,0.87951804,0.88285725,0.88786095,0.89427900,0.90175237,0.90982836,0.91798501,0.92566276,0.93230079,0.93737535,0.94043770,0.94114963,0.93931461,0.93490285,0.92806758,0.91914963,0.90866733,0.89729008,0.88579590,0.87501563,0.86576857,0.85879548,0.85469555,0.85387380,0.85650421,0.86251250,0.87157953,0.88316394,0.89654003,0.91084575,0.92513591,0.93843632,0.94979659,0.95834039,0.96331306,0.96412678,0.96040275
0.94015758,0.94228717,0.94513021,0.94881025,0.95320211,0.95792694,0.96239849,0.96591530,0.96778403,0.96745207,0.96462365,0.95933520,0.95197303,0.94322813,0.93399570,0.92523767,0.91783281,0.91244025,0.90939980,0.90868582,0.90992273,0.91245909,0.91548621,0.91817829,0.91982757,0.91995020,0.91834591,0.91510525,0.91056835,0.90524742,0.89973094,0.89458884,0.89029651,0.88718980,0.88545571,0.88515432,0.88626060,0.88871095,0.89243973,0.89739550,0.90353293,0.91078374,0.91901584,0.92799356,0.93735265,0.94660088,0.95514933,0.96237212,0.96768509,0.97062888,0.97094008,0.96859613,0.96382439,0.95707311,0.94894920,0.94013430,0.93129469,0.92300131,0.91567336,0.90955338,0.90471448,0.90109383,0.89854165,0.89687263,0.89590821,0.89550139,0.89554131,0.89594049,0.89661212,0.89744743,0.89830268,0.89900227,0.89935972,0.89921281,0.89846454,0.89711936,0.89530403,0.89326593,0.89134583,0.88992877,0.88938109,0.88998572,0.89188850,0.89506628,0.89932351,0.90431803,0.90961075,0.91472938,0.91923389,0.92277178,0.92511439,0.92616995,0.92597430,0.92466453,0.92244379,0.91954610,0.91620856,0.91265498,0.90909053,0.90570305
0.80787850,0.81587007,0.82660349,0.83961513,0.85412328,0.86911967,0.88351559,0.89631628,0.90678848,0.91458423,0.91979194,0.92290124,0.92468769,0.92604186,0.92777928,0.93047106,0.93432854,0.93916279,0.94442316,0.94930372,0.95289346,0.95433952,0.95299221,0.94850674,0.94088818,0.93047886,0.91789954,0.90396225,0.88957466,0.87565186,0.86304532,0.85249178,0.84457894,0.83972206,0.83814495,0.83986144,0.84465714,0.85207638,0.86142195,0.87177645,0.88205156,0.89106632,0.89764948,0.90075502,0.89957640,0.89364397,0.88289206,0.86768624,0.84880712,0.82739283,0.80484756,0.78272714,0.76261384,0.74599220,0.73413559,0.72801105,0.72820776,0.73489278,0.74779694,0.76623198,0.78913946,0.81516934,0.84278426,0.87038206,0.89642653,0.91957350,0.93877877,0.95337526,0.96311023,0.96813869,0.96897531,0.96641294,0.96142031,0.95503330,0.94825365,0.94196620,0.93688067,0.93349935,0.93210736,0.93277961,0.93539828,0.93967588,0.94518187,0.95137344,0.95763281,0.96331378,0.96779850,0.97056206,0.97123892,0.96968084,0.96599479,0.96054989,0.95394650,0.94694749,0.94037883,0.93501364,0.93145807,0.93005784,0.93084170,0.93351140
0.98334448,0.98092474,0.97886358,0.97720790,0.97594037,0.97502765,0.97444822,0.97419570,0.97426235,0.97461434,0.97517188,0.97580457,0.97634644,0.97662772,0.97651487,0.97594711,0.97495802,0.97367443,0.97229098,0.97102592,0.97006981,0.96954129,0.96946228,0.96975942,0.97029055,0.97088807,0.97140646,0.97176025,0.97194178,0.97201333,0.97207552,0.97222065,0.97248450,0.97281154,0.97304541,0.97295019,0.97225915,0.97074022,0.96826223,0.96484502,0.96067988,0.95611354,0.95159691,0.94760868,0.94456958,0.94276595,0.94229897,0.94307036,0.94480619,0.94711254,0.94954920,0.95170474,0.95325709,0.95400795,0.95388651,0.95292555,0.95121946,0.94887777,0.94598785,0.94259697,0.93871807,0.93435644,0.92954830,0.92439922,0.91910944,0.91397704,0.90937484,0.90570429,0.90333496,0.90254286,0.90346108,0.90605399,0.91012099,0.91532911,0.92126726,0.92751047,0.93368074,0.93949247,0.94477474,0.94946822,0.95360002,0.95724467,0.96048140,0.96335831,0.96587125,0.96796119,0.96952871,0.97046007,0.97065682,0.97006075,0.96866824,0.96653139,0.96374699,0.96043729,0.95672794,0.95272881,0.94852183,0.94415771,0.93966039,0.93503539
0.92421013,0.92789923,0.93273606,0.93837446,0.94445854,0.95067593,0.95677743,0.96256630,0.96786890,0.97250271,0.97625619,0.97889000,0.98016062,0.97986026,0.97786141,0.97415307,0.96885728,0.96222027,0.95457920,0.94631249,0.93778665,0.92931338,0.92112741,0.91338870,0.90620533,0.89966697,0.89387657,0.88896845,0.88510550,0.88245412,0.88114227,0.88121156,0.88257745,0.88501091,0.88815008,0.89154315,0.89471498,0.89724370,0.89883019,0.89934515,0.89884314,0.89754076,0.89576422,0.89387844,0.89221437,0.89101094,0.89038477,0.89033281,0.89076508,0.89155668,0.89260391,0.89386897,0.89540096,0.89732749,0.89981891,0.90303423,0.90706314,0.91187958,0.91732006,0.92309359,0.92882191,0.93410135,0.93857204,0.94197846,0.94420787,0.94529794,0.94541277,0.94479371,0.94369775,0.94233893,0.94084757,0.93925705,0.93752043,0.93555152,0.93327849,0.93069525,0.92789633,0.92508524,0.92255251,0.92062694,0.91961058,0.91971197,0.92099347,0.92334540,0.92649366,0.93003949,0.93352266,0.93649462,0.93858618,0.93955640,0.93931421,0.93791054,0.93550527,0.93231872,0.92858037,0.92448681,0.92017783,0.91573367,0.91119034,0.90656502
0.97040912,0.97310606,0.97565100,0.97812432,0.98040293,0.98219810,0.98312859,0.98281145,0.98095042,0.97740405,0.97222143,0.96564202,0.95806341,0.94998738,0.94195653,0.93449387,0.92805465,0.92299542,0.91956060,0.91788292,0.91799169,0.91982288,0.92322660,0.92797036,0.93373936,0.94013678,0.94668834,0.95285484,0.95805545,0.96170275,0.96324770,0.96223039,0.95833064,0.95141182,0.94155187,0.92905749,0.91445908,0.89848629,0.88202551,0.86606231,0.85161304,0.83965063,0.83103023,0.82642008,0.82624287,0.83063215,0.83940787,0.85207420,0.86784134,0.88567120,0.90434454,0.92254516,0.93895479,0.95235105,0.96170005,0.96623560,0.96551760,0.95946457,0.94835783,0.93281800,0.91375713,0.89231170,0.86976293,0.84745122,0.82669119,0.80869279,0.79449290,0.78490004,0.78045363,0.78139845,0.78767450,0.79892259,0.81450586,0.83354714,0.85498111,0.87761957,0.90022645,0.92159823,0.94064392,0.95645776,0.96837743,0.97602144,0.97930158,0.97840930,0.97377863,0.96603106,0.95591011,0.94421400,0.93173441,0.91920771,0.90728223,0.89650203,0.88730414,0.88002369,0.87490054,0.87208156,0.87161524,0.87343815,0.87735650,0.88302799
0.95856644,0.95374125,0.95001393,0.94772078,0.94681910,0.94695155,0.94756094,0.94802940,0.94781403,0.94655520,0.94414037,0.94071669,0.93665548,0.93248035,0.92877632,0.92609775,0.92489034,0.92543668,0.92782920,0.93196955,0.93759055,0.94429509,0.95160502,0.95901304,0.96603049,0.97222599,0.97725207,0.98085959,0.98290157,0.98332873,0.98217935,0.97956610,0.97566244,0.97069114,0.96491621,0.95863816,0.95219009,0.94593127,0.94023442,0.93546445,0.93194827,0.92993779,0.92957092,0.93083678,0.93355284,0.93736087,0.94174636,0.94608230,0.94969316,0.95193105,0.95225298,0.95028736,0.94587951,0.93910902,0.93027659,0.91986321,0.90846920,0.89674429,0.88532027,0.87475655,0.86550466,0.85789330,0.85213056,0.84831721,0.84646321,0.84650069,0.84828899,0.85161121,0.85616569,0.86155889,0.86730768,0.87285756,0.87762033,0.88102975,0.88260876,0.88203812,0.87921415,0.87428412,0.86765076,0.85994232,0.85195065,0.84454513,0.83857517,0.83477538,0.83368741,0.83560853,0.84057226,0.84836039,0.85854091,0.87052281,0.88361794,0.89710061,0.91025842,0.92243064,0.93303434,0.94158061,0.94768527,0.95107792,0.95161159,0.94927248
0.90670874,0.89788825,0.89094800,0.88664850,0.88534803,0.88696398,0.89100871,0.89668917,0.90304786,0.90911664,0.91405528,0.91725224,0.91837523,0.91737080,0.91442220,0.90988191,0.90419686,0.89784179,0.89127025,0.88488599,0.87903232,0.87399355,0.87000233,0.86724710,0.86587598,0.86599529,0.86766333,0.87088177,0.87558771,0.88164926,0.88886564,0.89697148,0.90564397,0.91451190,0.92316696,0.93117862,0.93811432,0.94356583,0.94718114,0.94869909,0.94798266,0.94504531,0.94006478,0.93337948,0.92546556,0.91689568,0.90828515,0.90023338,0.89327018,0.88781492,0.88415390,0.88243731,0.88269304,0.88485166,0.88877473,0.89427884,0.90114997,0.90914633,0.91799230,0.92736936,0.93691151,0.94621181,0.95484383,0.96239757,0.96852512,0.97298768,0.97569379,0.97671908,0.97630117,0.97480852,0.97268757,0.97039817,0.96834935,0.96684760,0.96606704,0.96604565,0.96670643,0.96789671,0.96943508,0.97115441,0.97293053,0.97469086,0.97640327,0.97805066,0.97960130,0.98098553,0.98208778,0.98275838,0.98284408,0.98223065,0.98088654,0.97889522,0.97646528,0.97391216,0.97161195,0.96993506,0.96917233,0.96946924,0.97078192,0.97286495
0.96518031,0.95601665,0.94666308,0.93719984,0.92749690,0.91731814,0.90644826,0.89481546,0.88258362,0.87019302,0.85833890,0.84789001,0.83976237,0.83477240,0.83349769,0.83617091,0.84262523,0.85229960,0.86430143,0.87751512,0.89073748,0.90281771,0.91278007,0.91991205,0.92380883,0.92437362,0.92178174,0.91642107,0.90882343,0.89959955,0.88938650,0.87881164,0.86847240,0.85892722,0.85069126,0.84423024,0.83994753,0.83816291,0.83908481,0.84278089,0.84915354,0.85792693,0.86865069,0.88072277,0.89343073,0.90600769,0.91769674,0.92781616,0.93581781,0.94133204,0.94419418,0.94445053,0.94234401,0.93828220,0.93279203,0.92646689,0.91991180,0.91369233,0.90829218,0.90408285,0.90130717,0.90007676,0.90038169,0.90210918,0.90506793,0.90901411,0.91367597,0.91877454,0.92403928,0.92921853,0.93408617,0.93844626,0.94213786,0.94504123,0.94708560,0.94825705,0.94860461,0.94824181,0.94734165,0.94612383,0.94483403,0.94371718,0.94298797,0.94280323,0.94324147,0.94429366,0.94586764,0.94780575,0.94991259,0.95198794,0.95385857,0.95540311,0.95656509,0.95735155,0.95781738,0.95803858,0.95808006,0.95796459,0.95764933,0.95701428
0.91659741,0.92311817,0.93098610,0.93969904,0.94864317,0.95711047,0.96432399,0.96948119,0.97182241,0.97072460,0.96580997,0.95705067,0.94484494,0.93004207,0.91390093,0.89797827,0.88395635,0.87343122,0.86769235,0.86752918,0.87309870,0.88388006,0.89872755,0.91601544,0.93385121,0.95032182,0.96373328,0.97280716,0.97680738,0.97558386,0.96953472,0.95950202,0.94662567,0.93218453,0.91745123,0.90358011,0.89153638,0.88206432,0.87568396,0.87270193,0.87322304,0.87715385,0.88419654,0.89383865,0.90534967,0.91779747,0.93009504,0.94108195,0.94963618,0.95480295,0.95592100,0.95272369,0.94539459,0.93456425,0.92124453,0.90670849,0.89233381,0.87943445,0.86910710,0.86211580,0.85883018,0.85922275,0.86291953,0.86928980,0.87755504,0.88689686,0.89654679,0.90584779,0.91428505,0.92149065,0.92723156,0.93139186,0.93395853,0.93501570,0.93474705,0.93344066,0.93148781,0.92936685,0.92760683,0.92673099,0.92718661,0.92927298,0.93308204,0.93846542,0.94503765,0.95221875,0.95931143,0.96560092,0.97046006,0.97344055,0.97433352,0.97318868,0.97028972,0.96609255,0.96113976,0.95596893,0.95103172,0.94663724,0.94292632,0.93987637
0.85935761,0.85240711,0.84545647,0.83919897,0.83411153,0.83046071,0.82834242,0.82774073,0.82858885,0.83081652,0.83437177,0.83921193,0.84526668,0.85238382,0.86027359,0.86846867,0.87631442,0.88299752,0.88761395,0.88926905,0.88719627,0.88087629,0.87013691,0.85521567,0.83677302,0.81585179,0.79378827,0.77208776,0.75228265,0.73579241,0.72380290,0.71717821,0.71641195,0.72161884,0.73256074,0.74869727,0.76924864,0.79325973,0.81965757,0.84729932,0.87501211,0.90162923,0.92602809,0.94717411,0.96417242,0.97632496,0.98318746,0.98461726,0.98080253,0.97226439,0.95982721,0.94455735,0.92767601,0.91045609,0.89411621,0.87972521,0.86812887,0.85990667,0.85536094,0.85453559,0.85725654,0.86318358,0.87186342,0.88277526,0.89536408,0.90906099,0.92329326,0.93748954,0.95108659,0.96354256,0.97435956,0.98311476,0.98949554,0.99333207,0.99462001,0.99352697,0.99037940,0.98562998,0.97980952,0.97347030,0.96712970,0.96122258,0.95606959,0.95186474,0.94868194,0.94649674,0.94521654,0.94471223,0.94484456,0.94548117,0.94650257,0.94779876,0.94925978,0.95076493,0.95217510,0.95333104,0.95405873,0.95418068,0.95353003,0.95196381
0.90181387,0.90159156,0.90351983,0.90764290,0.91377201,0.92149813,0.93023189,0.93926887,0.94787420,0.95537631,0.96125584,0.96521482,0.96721382,0.96747038,0.96641932,0.96464196,0.96277562,0.96141721,0.96103498,0.96190156,0.96405872,0.96731952,0.97130682,0.97552048,0.97942008,0.98250810,0.98439943,0.98486649,0.98385463,0.98146723,0.97792569,0.97351357,0.96851733,0.96317641,0.95765300,0.95202673,0.94631373,0.94050352,0.93460383,0.92868139,0.92288832,0.91746657,0.91272799,0.90901289,0.90663558,0.90582814,0.90669472,0.90918615,0.91310003,0.91810600,0.92379025,0.92970979,0.93544486,0.94063944,0.94502268,0.94840969,0.95068520,0.95177823,0.95163795,0.95022024,0.94749117,0.94344860,0.93815718,0.93178763,0.92464778,0.91719386,0.91001317,0.90377591,0.89916048,0.89676338,0.89700889,0.90007500,0.90584964,0.91392618,0.92364024,0.93414185,0.94449109,0.95376114,0.96113251,0.96596542,0.96784315,0.96658546,0.96223736,0.95504182,0.94540650,0.93387231,0.92108853,0.90779371,0.89479733,0.88295419,0.87312394,0.86611160,0.86259093,0.86301904,0.86755615,0.87600605,0.88779182,0.90197643,0.91733102,0.93244551
0.95513279,0.96047537,0.96607815,0.97192204,0.97779952,0.98332456,0.98798420,0.99122451,0.99255635,0.99166098,0.98847440,0.98323150,0.97645826,0.96891023,0.96146629,0.95499508,0.95021683,0.94758352,0.94719747,0.94878236,0.95171293,0.95510024,0.95791979,0.95916233,0.95798257,0.95382236,0.94649003,0.93618648,0.92347770,0.90922165,0.89446327,0.88031467,0.86783816,0.85794722,0.85133577,0.84843930,0.84942478,0.85420177,0.86244522,0.87362178,0.88701523,0.90175048,0.91681956,0.93111540,0.94347932,0.95276663,0.95793043,0.95811846,0.95277219,0.94171354,0.92520366,0.90396033,0.87912618,0.85218682,0.82484637,0.79887435,0.77594377,0.75748121,0.74454842,0.73776906,0.73730627,0.74288872,0.75387541,0.76934528,0.78819634,0.80924056,0.83128484,0.85319324,0.87393110,0.89259594,0.90844178,0.92090301,0.92962068,0.93446970,0.93558133,0.93335283,0.92843616,0.92169952,0.91416046,0.90689414,0.90092621,0.89712418,0.89610304,0.89815994,0.90324842,0.91099609,0.92076200,0.93172378,0.94297981,0.95365052,0.96296421,0.97031679,0.97530015,0.97770036,0.97747228,0.97470065,0.96955888,0.96227456,0.95310675,0.94233529
0.94856790,0.94816864,0.94864274,0.94919974,0.94884502,0.94657405,0.94156566,0.93333876,0.92184400,0.90747572,0.89100495,0.87345083,0.85591893,0.83943989,0.82483847,0.81265366,0.80311735,0.79618663,0.79161430,0.78903736,0.78806227,0.78832962,0.78954757,0.79149194,0.79397892,0.79682289,0.79979469,0.80259433,0.80484771,0.80613002,0.80601168,0.80411749,0.80018685,0.79412309,0.78602222,0.77617598,0.76504881,0.75323385,0.74139610,0.73021297,0.72032120,0.71227684,0.70653075,0.70341906,0.70316500,0.70588712,0.71160886,0.72026550,0.73170604,0.74569048,0.76188462,0.77985664,0.79907969,0.81894396,0.83877989,0.85789180,0.87559925,0.89128199,0.90442345,0.91464789,0.92174690,0.92569249,0.92663590,0.92489295,0.92091823,0.91527126,0.90857789,0.90149027,0.89464785,0.88864218,0.88398672,0.88109309,0.88025370,0.88163090,0.88525244,0.89101304,0.89868235,0.90791923,0.91829202,0.92930401,0.94042288,0.95111255,0.96086552,0.96923370,0.97585568,0.98047823,0.98297069,0.98333106,0.98168348,0.97826734,0.97341843,0.96754323,0.96108760,0.95450200,0.94820562,0.94255198,0.93779873,0.93408380,0.93140981,0.92963845
0.96647533,0.96217345,0.95718857,0.95183625,0.94635940,0.94088770,0.93541795,0.92982693,0.92392009,0.91750874,0.91049773,0.90296065,0.89518083,0.88764448,0.88098352,0.87587765,0.87293474,0.87257413,0.87493873,0.87985675,0.88686395,0.89528285,0.90434144,0.91330373,0.92158191,0.92880544,0.93483429,0.93971739,0.94361032,0.94667524,0.94898957,0.95048767,0.95095111,0.95005143,0.94743477,0.94282718,0.93613330,0.92750274,0.91734689,0.90630053,0.89513611,0.88464891,0.87553785,0.86830753,0.86321148,0.86024695,0.85919890,0.85971920,0.86141930,0.86395258,0.86706702,0.87061749,0.87453806,0.87878533,0.88327090,0.88780406,0.89206321,0.89560689,0.89792513,0.89852097,0.89700389,0.89317313,0.88707132,0.87899492,0.86945851,0.85911967,0.84868062,0.83878702,0.82994491,0.82247174,0.81648880,0.81195260,0.80871338,0.80658357,0.80539778,0.80504982,0.80549910,0.80674760,0.80879674,0.81159875,0.81501871,0.81882083,0.82268581,0.82625799,0.82921250,0.83132677,0.83253884,0.83297758,0.83295615,0.83292855,0.83341774,0.83492972,0.83787094,0.84248531,0.84882169,0.85673555,0.86592030,0.87595683,0.88636661,0.89665431
0.87919779,0.88902016,0.89673085,0.90118072,0.90143212,0.89693198,0.88761990,0.87394990,0.85682511,0.83746507,0.81723868,0.79749913,0.77945039,0.76406221,0.75203581,0.74380966,0.73958734,0.73936719,0.74295852,0.74997949,0.75984360,0.77175149,0.78470775,0.79757681,0.80918091,0.81842947,0.82445852,0.82675302,0.82522593,0.82023487,0.81252866,0.80313068,0.79318002,0.78376140,0.77575741,0.76975107,0.76599369,0.76443754,0.76481797,0.76676015,0.76988222,0.77387054,0.77851207,0.78368133,0.78929288,0.79523921,0.80133824,0.80731053,0.81279753,0.81741909,0.82085707,0.82294317,0.82372698,0.82350360,0.82278987,0.82225013,0.82258561,0.82441052,0.82814209,0.83392816,0.84162761,0.85084592,0.86101573,0.87150229,0.88170884,0.89115810,0.89953325,0.90667315,0.91252837,0.91709526,0.92035025,0.92220575,0.92250259,0.92104328,0.91765928,0.91229505,0.90508657,0.89641157,0.88689460,0.87736064,0.86874284,0.86196135,0.85779677,0.85678317,0.85914079,0.86475948,0.87323247,0.88392969,0.89609159,0.90892202,0.92166102,0.93362593,0.94421919,0.95291075,0.95921025,0.96264623,0.96276688,0.95916987,0.95155944,0.93981974
0.97769518,0.97691531,0.97708781,0.97821596,0.97993907,0.98166978,0.98277704,0.98276850,0.98142831,0.97887920,0.97555747,0.97211161,0.96925231,0.96759179,0.96750993,0.96907586,0.97203935,0.97588920,0.97996138,0.98357021,0.98613295,0.98726297,0.98681583,0.98488439,0.98175060,0.97780952,0.97348558,0.96915983,0.96512200,0.96155324,0.95853692,0.95608861,0.95419278,0.95283464,0.95201877,0.95177116,0.95212616,0.95310394,0.95468612,0.95679736,0.95929895,0.96199657,0.96466079,0.96705560,0.96896845,0.97023587,0.97076018,0.97051510,0.96954078,0.96793034,0.96581188,0.96332987,0.96062966,0.95784687,0.95510193,0.95249865,0.95012472,0.94805268,0.94634049,0.94503120,0.94415220,0.94371443,0.94371231,0.94412481,0.94491808,0.94604878,0.94746706,0.94911791,0.95094007,0.95286283,0.95480231,0.95665894,0.95831816,0.95965535,0.96054562,0.96087777,0.96057096,0.95959137,0.95796566,0.95578742,0.95321440,0.95045564,0.94775021,0.94534058,0.94344512,0.94223378,0.94181071,0.94220622,0.94337906,0.94522836,0.94761241,0.95037048,0.95334302,0.95638608,0.95937754,0.96221449,0.96480317,0.96704458,0.96881930,0.96997532
0.97263041,0.97023326,0.96944332,0.97057067,0.97340240,0.97725014,0.98110480,0.98386551,0.98459178,0.98272148,0.97820471,0.97152339,0.96359453,0.95558208,0.94866275,0.94379847,0.94156366,0.94206044,0.94493405,0.94947906,0.95480729,0.96003684,0.96445840,0.96764338,0.96947440,0.97009877,0.96982424,0.96898821,0.96783508,0.96643141,0.96463709,0.96213617,0.95851697,0.95337995,0.94644642,0.93764250,0.92714001,0.91534728,0.90285508,0.89035252,0.87853312,0.86801105,0.85926272,0.85260160,0.84818500,0.84604465,0.84612821,0.84833776,0.85255468,0.85864550,0.86645000,0.87575824,0.88628671,0.89766364,0.90943102,0.92106619,0.93202078,0.94177007,0.94986347,0.95596658,0.95988739,0.96158298,0.96114737,0.95878505,0.95477678,0.94944498,0.94312469,0.93614326,0.92880944,0.92140936,0.91420581,0.90743713,0.90131324,0.89600848,0.89165302,0.88832567,0.88605143,0.88480594,0.88452721,0.88513278,0.88653845,0.88867363,0.89148848,0.89495008,0.89902729,0.90366757,0.90877102,0.91416836,0.91960874,0.92476156,0.92923374,0.93260043,0.93444491,0.93440056,0.93218797,0.92764084,0.92071762,0.91149903,0.90017508,0.88702667
0.96854048,0.96967723,0.97174879,0.97448477,0.97742611,0.97999784,0.98159629,0.98167951,0.97984890,0.97590963,0.96989973,0.96208243,0.95290298,0.94291814,0.93271147,0.92280980,0.91361479,0.90536077,0.89810512,0.89175240,0.88610714,0.88094462,0.87608458,0.87145204,0.86711181,0.86326999,0.86024257,0.85839849,0.85808913,0.85957819,0.86298555,0.86825596,0.87515835,0.88331558,0.89225812,0.90149035,0.91055592,0.91908961,0.92684726,0.93370997,0.93966505,0.94477019,0.94911074,0.95276033,0.95575392,0.95807875,0.95968400,0.96050560,0.96049880,0.95966969,0.95809718,0.95593946,0.95342255,0.95081273,0.94837834,0.94634865,0.94487843,0.94402513,0.94374306,0.94389535,0.94428075,0.94466972,0.94484241,0.94462171,0.94389526,0.94262386,0.94083627,0.93861352,0.93606757,0.93331958,0.93048255,0.92765117,0.92490018,0.92228972,0.91987493,0.91771564,0.91588225,0.91445504,0.91351652,0.91313820,0.91336491,0.91420033,0.91559718,0.91745449,0.91962322,0.92192022,0.92414857,0.92612109,0.92768319,0.92873103,0.92922270,0.92918130,0.92869058,0.92788462,0.92693306,0.92602364,0.92534311,0.92505779,0.92529450,0.92612249
0.97596782,0.97330488,0.96956811,0.96502703,0.95989016,0.95430451,0.94837124,0.94217427,0.93581585,0.92945078,0.92331021,0.91770662,0.91301466,0.90962730,0.90789230,0.90803850,0.91010508,0.91388783,0.91891515,0.92446308,0.92961243,0.93334374,0.93465859,0.93270930,0.92691654,0.91705560,0.90329695,0.88619520,0.86662889,0.84570215,0.82462465,0.80458887,0.78666283,0.77171182,0.76035648,0.75296648,0.74968244,0.75045409,0.75508127,0.76324682,0.77453530,0.78843731,0.80434497,0.82154730,0.83923544,0.85652581,0.87250482,0.88629326,0.89712301,0.90441383,0.90783685,0.90735228,0.90321344,0.89593525,0.88623166,0.87493218,0.86289067,0.85090062,0.83962874,0.82957473,0.82105949,0.81423808,0.80913010,0.80565730,0.80367952,0.80302212,0.80349205,0.80488372,0.80697843,0.80954318,0.81233449,0.81511095,0.81765503,0.81980121,0.82146415,0.82265954,0.82351114,0.82424024,0.82513748,0.82652052,0.82868405,0.83185014,0.83612748,0.84148679,0.84775710,0.85464377,0.86176480,0.86869891,0.87503736,0.88043161,0.88463081,0.88750555,0.88905611,0.88940584,0.88878191,0.88748689,0.88586535,0.88426898,0.88302287,0.88239402
0.83776798,0.83145684,0.82779830,0.82707654,0.82944327,0.83490172,0.84328291,0.85422645,0.86717910,0.88141950,0.89610980,0.91036688,0.92334012,0.93428134,0.94259527,0.94786370,0.94984320,0.94844292,0.94369348,0.93572051,0.92473403,0.91103848,0.89506000,0.87737941,0.85875495,0.84011965,0.82254316,0.80715645,0.79504633,0.78713481,0.78406339,0.78610351,0.79311115,0.80453555,0.81948148,0.83681322,0.85528065,0.87364426,0.89077871,0.90574130,0.91780105,0.92643351,0.93129396,0.93218513,0.92903515,0.92189635,0.91096714,0.89663026,0.87949320,0.86041320,0.84049039,0.82101897,0.80339494,0.78898922,0.77900338,0.77433076,0.77544614,0.78234333,0.79453086,0.81108593,0.83075561,0.85208721,0.87356601,0.89374020,0.91131824,0.92523173,0.93466538,0.93906226,0.93811663,0.93176651,0.92019448,0.90383864,0.88340883,0.85989698,0.83456822,0.80892076,0.78460783,0.76332283,0.74665728,0.73594851,0.73213796,0.73566146,0.74638894,0.76362356,0.78616096,0.81240002,0.84048892,0.86848635,0.89451826,0.91691365,0.93430914,0.94571849,0.95056865,0.94870785,0.94039240,0.92625850,0.90728223,0.88472797,0.86008259,0.83497185
0.84242738,0.82977440,0.82291963,0.82281971,0.82951780,0.84217978,0.85927708,0.87887149,0.89893870,0.91766474,0.93366179,0.94607388,0.95457128,0.95925735,0.96052753,0.95892403,0.95502229,0.94936922,0.94247436,0.93483763,0.92698775,0.91950493,0.91300926,0.90811045,0.90532836,0.90500456,0.90722958,0.91180778,0.91827331,0.92595801,0.93409885,0.94196214,0.94895693,0.95471287,0.95910743,0.96224018,0.96436530,0.96580268,0.96685109,0.96772462,0.96852547,0.96925547,0.96985804,0.97027420,0.97049297,0.97057924,0.97066983,0.97093864,0.97154181,0.97255982,0.97395539,0.97556171,0.97710789,0.97827806,0.97879103,0.97848064,0.97735549,0.97562075,0.97365379,0.97193650,0.97095807,0.97110934,0.97259211,0.97536371,0.97912919,0.98338247,0.98748689,0.99077683,0.99265784,0.99268471,0.99060323,0.98635153,0.98002688,0.97183205,0.96201910,0.95084743,0.93856766,0.92543405,0.91173898,0.89785540,0.88426929,0.87158567,0.86049817,0.85172142,0.84589634,0.84348632,0.84468647,0.84936700,0.85706510,0.86702992,0.87831374,0.88989267,0.90079345,0.91020235,0.91753619,0.92246487,0.92488610,0.92486458,0.92255498,0.91813084
0.95777313,0.96996038,0.97883887,0.98404029,0.98534234,0.98270248,0.97628280,0.96645990,0.95381711,0.93911925,0.92327237,0.90727120,0.89213710,0.87884882,0.86826916,0.86107155,0.85767196,0.85817300,0.86232797,0.86953382,0.87886076,0.88912349,0.89899241,0.90713537,0.91237259,0.91382273,0.91101791,0.90396950,0.89317409,0.87955830,0.86437005,0.84903258,0.83498327,0.82352099,0.81568338,0.81216800,0.81330167,0.81905305,0.82907623,0.84277079,0.85934441,0.87786854,0.89732336,0.91663419,0.93470607,0.95046509,0.96291339,0.97120002,0.97470273,0.97310952,0.96648443,0.95530136,0.94043325,0.92309090,0.90471409,0.88682755,0.87088101,0.85809718,0.84935016,0.84509172,0.84533362,0.84968417,0.85742790,0.86763139,0.87925578,0.89125848,0.90267166,0.91265241,0.92050708,0.92569835,0.92784613,0.92673252,0.92231590,0.91475335,0.90442401,0.89194256,0.87815098,0.86407932,0.85087219,0.83968460,0.83155876,0.82729967,0.82736982,0.83182213,0.84028382,0.85199511,0.86589678,0.88075200,0.89528293,0.90830088,0.91881190,0.92608502,0.92967876,0.92942947,0.92541232,0.91788919,0.90725787,0.89401269,0.87872063,0.86201023
0.98001045,0.98208934,0.98410148,0.98621125,0.98837200,0.99032981,0.99167759,0.99194934,0.99073492,0.98778987,0.98311476,0.97698494,0.96992271,0.96261723,0.95580929,0.95016491,0.94616315,0.94401949,0.94365851,0.94473961,0.94672943,0.94900521,0.95096774,0.95214122,0.95224122,0.95120025,0.94915036,0.94637112,0.94321766,0.94004563,0.93714836,0.93471768,0.93283326,0.93147926,0.93058025,0.93004514,0.92980588,0.92984091,0.93017722,0.93087164,0.93197682,0.93350135,0.93537463,0.93742614,0.93938582,0.94090751,0.94161280,0.94114757,0.93924088,0.93575505,0.93071753,0.92432879,0.91694506,0.90903907,0.90114590,0.89380267,0.88749207,0.88259799,0.87937926,0.87796354,0.87835942,0.88048161,0.88418224,0.88928104,0.89558865,0.90291934,0.91109240,0.91992402,0.92921356,0.93872962,0.94820112,0.95731757,0.96574029,0.97312378,0.97914401,0.98352856,0.98608365,0.98671299,0.98542551,0.98233050,0.97762140,0.97155134,0.96440516,0.95647328,0.94803186,0.93933218,0.93059965,0.92204079,0.91385467,0.90624441,0.89942444,0.89362026,0.88905890,0.88595076,0.88446522,0.88470407,0.88667748,0.89028674,0.89531664,0.90143906
0.92322533,0.92211691,0.92105237,0.91966765,0.91765191,0.91485729,0.91134927,0.90738873,0.90335650,0.89964683,0.89656349,0.89424909,0.89266599,0.89163153,0.89089448,0.89022897,0.88951817,0.88880286,0.88827994,0.88824958,0.88902474,0.89082829,0.89370691,0.89748685,0.90178476,0.90607210,0.90977790,0.91240498,0.91363228,0.91337930,0.91181791,0.90932945,0.90641842,0.90360445,0.90131926,0.89983262,0.89922305,0.89939638,0.90014301,0.90121557,0.90240448,0.90359116,0.90476521,0.90600254,0.90741257,0.90907119,0.91096085,0.91293706,0.91473349,0.91600737,0.91641560,0.91570360,0.91378466,0.91078934,0.90707077,0.90316207,0.89969334,0.89728543,0.89644319,0.89747114,0.90042880,0.90513380,0.91120946,0.91816406,0.92548227,0.93270782,0.93949989,0.94565355,0.95108376,0.95578226,0.95976285,0.96301270,0.96546495,0.96700079,0.96748098,0.96679759,0.96493136,0.96199729,0.95826410,0.95413920,0.95011973,0.94671850,0.94438073,0.94340969,0.94391809,0.94581598,0.94883754,0.95260029,0.95668274,0.96070251,0.96437773,0.96755896,0.97022627,0.97245508,0.97436144,0.97604210,0.97752505,0.97874277,0.97953384,0.97967066
0.92661212,0.92252312,0.92037352,0.92036992,0.92240426,0.92608077,0.93078488,0.93578531,0.94035176,0.94386612,0.94590546,0.94628177,0.94503429,0.94238092,0.93864452,0.93417344,0.92927587,0.92418244,0.91904367,0.91395921,0.90902617,0.90438848,0.90026808,0.89696464,0.89481973,0.89415199,0.89517842,0.89794158,0.90226173,0.90772867,0.91373930,0.91957681,0.92451761,0.92794454,0.92944327,0.92886181,0.92632196,0.92218211,0.91696143,0.91124299,0.90557667,0.90040125,0.89599935,0.89249044,0.88985789,0.88799845,0.88677812,0.88607887,0.88582509,0.88598531,0.88655261,0.88751310,0.88881486,0.89034983,0.89195680,0.89344761,0.89465141,0.89546598,0.89590203,0.89610746,0.89636270,0.89704523,0.89856847,0.90130669,0.90552104,0.91130237,0.91854257,0.92694035,0.93603929,0.94528918,0.95411714,0.96199398,0.96848380,0.97326991,0.97615625,0.97704975,0.97593289,0.97283767,0.96783049,0.96101297,0.95253813,0.94263531,0.93163370,0.91997358,0.90819693,0.89691415,0.88674966,0.87827481,0.87194049,0.86802317,0.86659566,0.86752913,0.87052578,0.87517419,0.88101449,0.88759802,0.89452858,0.90147737,0.90817097,0.91435877
0.97675890,0.97494901,0.97376904,0.97331312,0.97351808,0.97423824,0.97531464,0.97662190,0.97808479,0.97966631,0.98133733,0.98304230,0.98467477,0.98607265,0.98703620,0.98736491,0.98690334,0.98558268,0.98344565,0.98064621,0.97742340,0.97405569,0.97080790,0.96788449,0.96540067,0.96337731,0.96175937,0.96045119,0.95935767,0.95841897,0.95762775,0.95702310,0.95666212,0.95657703,0.95673058,0.95698350,0.95708534,0.95669372,0.95542038,0.95289546,0.94883683,0.94310970,0.93576323,0.92703629,0.91733142,0.90716345,0.89709498,0.88767271,0.87937741,0.87259492,0.86760966,0.86461552,0.86373493,0.86503482,0.86853005,0.87416954,0.88180644,0.89116057,0.90178563,0.91305516,0.92417831,0.93425072,0.94233772,0.94757934,0.94930059,0.94710762,0.94095177,0.93114910,0.91835119,0.90347250,0.88758784,0.87181825,0.85722407,0.84472094,0.83502756,0.82864639,0.82587143,0.82681179,0.83141828,0.83950229,0.85074135,0.86467270,0.88068251,0.89800204,0.91572262,0.93283743,0.94831195,0.96117723,0.97063344,0.97614581,0.97751453,0.97490319,0.96881742,0.96003552,0.94950246,0.93820594,0.92705636,0.91679051,0.90791251,0.90067736
0.98106668,0.97825488,0.97671912,0.97655010,0.97751059,0.97909423,0.98063122,0.98142286,0.98088082,0.97864446,0.97465294,0.96915735,0.96267088,0.95586855,0.94945821,0.94404965,0.94004746,0.93758763,0.93652854,0.93649671,0.93697711,0.93742859,0.93739995,0.93662180,0.93505530,0.93288924,0.93048875,0.92830951,0.92679782,0.92629830,0.92698787,0.92884827,0.93168045,0.93515516,0.93888609,0.94250757,0.94573837,0.94841798,0.95050916,0.95206955,0.95320242,0.95400112,0.95450273,0.95466328,0.95436131,0.95342932,0.95170519,0.94909039,0.94559967,0.94138859,0.93675074,0.93208337,0.92782798,0.92439778,0.92210709,0.92111739,0.92141117,0.92279847,0.92495432,0.92747798,0.92996097,0.93204915,0.93348679,0.93413511,0.93396429,0.93302390,0.93140125,0.92917945,0.92640620,0.92308126,0.91916515,0.91460608,0.90937687,0.90351089,0.89712671,0.89043349,0.88371454,0.87729140,0.87147566,0.86651852,0.86256914,0.85965106,0.85766245,0.85640051,0.85560488,0.85501101,0.85440199,0.85364891,0.85273260,0.85174406,0.85086551,0.85033703,0.85041632,0.85133932,0.85328846,0.85637284,0.86062081,0.86598214,0.87233471,0.87949024
0.90741644,0.91101046,0.91423248,0.91729744,0.92030538,0.92321300,0.92585303,0.92799764,0.92944888,0.93013093,0.93015644,0.92984576,0.92968931,0.93025857,0.93208405,0.93552720,0.94067544,0.94728447,0.95478275,0.96233967,0.96898568,0.97376167,0.97586902,0.97479188,0.97037014,0.96281245,0.95265119,0.94065277,0.92770355,0.91469412,0.90242194,0.89152557,0.88245572,0.87547967,0.87070927,0.86813940,0.86768366,0.86919790,0.87248736,0.87729968,0.88331069,0.89011260,0.89721340,0.90405384,0.91004326,0.91461120,0.91726762,0.91766210,0.91563208,0.91123151,0.90473508,0.89661690,0.88750713,0.87813315,0.86925340,0.86159200,0.85578098,0.85231485,0.85152025,0.85354124,0.85833921,0.86570514,0.87528126,0.88658963,0.89906518,0.91209170,0.92503869,0.93729729,0.94831288,0.95761229,0.96482411,0.96969161,0.97207845,0.97196819,0.96945870,0.96475293,0.95814733,0.95001884,0.94081083,0.93101731,0.92116405,0.91178569,0.90339839,0.89646932,0.89138545,0.88842525,0.88773685,0.88932598,0.89305592,0.89866010,0.90576611,0.91392780,0.92266028,0.93147251,0.93989254,0.94748296,0.95384649,0.95862462,0.96149339,0.96216123
0.99290446,0.99587995,0.99677414,0.99558495,0.99238448,0.98733035,0.98067485,0.97277081,0.96407238,0.95512807,0.94656231,0.93904200,0.93322668,0.92970440,0.92891970,0.93110305,0.93621325,0.94390403,0.95352443,0.96415870,0.97470620,0.98399419,0.99090970,0.99453136,0.99424079,0.98979650,0.98135965,0.96946964,0.95497556,0.93893584,0.92250269,0.90680877,0.89287136,0.88152457,0.87338289,0.86883279,0.86804348,0.87098620,0.87745257,0.88706636,0.89928867,0.91342051,0.92861105,0.94387989,0.95816053,0.97036775,0.97948549,0.98466587,0.98532527,0.98122133,0.97249673,0.95968012,0.94364156,0.92550743,0.90654667,0.88804461,0.87118264,0.85693973,0.84602739,0.83886263,0.83557664,0.83605109,0.83997061,0.84687948,0.85623288,0.86743670,0.87987499,0.89292767,0.90598423,0.91845928,0.92981441,0.93958786,0.94742942,0.95313501,0.95667313,0.95819554,0.95802687,0.95663153,0.95456096,0.95238853,0.95064189,0.94974314,0.94996582,0.95141441,0.95402801,0.95760547,0.96184601,0.96639699,0.97090050,0.97503187,0.97852613,0.98119131,0.98291067,0.98363708,0.98338331,0.98221124,0.98022130,0.97754203,0.97431832,0.97069654
0.93540190,0.93601940,0.93964215,0.94570623,0.95319547,0.96088148,0.96759920,0.97249665,0.97520336,0.97588102,0.97514793,0.97389927,0.97306909,0.97339174,0.97521751,0.97842166,0.98242328,0.98630480,0.98900198,0.98951997,0.98712756,0.98148906,0.97270919,0.96128800,0.94800311,0.93375221,0.91939446,0.90562617,0.89291418,0.88149449,0.87142709,0.86268536,0.85525178,0.84919238,0.84468982,0.84202688,0.84152539,0.84345702,0.84794940,0.85491171,0.86399898,0.87462446,0.88601841,0.89732117,0.90769155,0.91640954,0.92295481,0.92704914,0.92865892,0.92796268,0.92529494,0.92108102,0.91577690,0.90982436,0.90362582,0.89753733,0.89187363,0.88691729,0.88292430,0.88012106,0.87869134,0.87875594,0.88035049,0.88340854,0.88775618,0.89312163,0.89915944,0.90548515,0.91171391,0.91749585,0.92254223,0.92663888,0.92964631,0.93148875,0.93213702,0.93159082,0.92986601,0.92698970,0.92300356,0.91797235,0.91199317,0.90520109,0.89776817,0.88989520,0.88179766,0.87368919,0.86576680,0.85820200,0.85114077,0.84471307,0.83904904,0.83429651,0.83063310,0.82826659,0.82742033,0.82830402,0.83107398,0.83578946,0.84237311,0.85058328
0.97261723,0.96915037,0.96583982,0.96302693,0.96088927,0.95944610,0.95858634,0.95811262,0.95779393,0.95741911,0.95684352,0.95602130,0.95501788,0.95400021,0.95320671,0.95290186,0.95332303,0.95462763,0.95684908,0.95986926,0.96341386,0.96707404,0.97035303,0.97273072,0.97373541,0.97300975,0.97035977,0.96577909,0.95944580,0.95169376,0.94296487,0.93375155,0.92454066,0.91576906,0.90779798,0.90090804,0.89531139,0.89117317,0.88863252,0.88781474,0.88882888,0.89174973,0.89658787,0.90325526,0.91153639,0.92107482,0.93138203,0.94187089,0.95191013,0.96089125,0.96829641,0.97375533,0.97708119,0.97827983,0.97753178,0.97515196,0.97153622,0.96710589,0.96226093,0.95734897,0.95265304,0.94839565,0.94475315,0.94187237,0.93988161,0.93889050,0.93897728,0.94016614,0.94240140,0.94552688,0.94927903,0.95329893,0.95716463,0.96044005,0.96273255,0.96374911,0.96334033,0.96152363,0.95848127,0.95453331,0.95009113,0.94560063,0.94148570,0.93810194,0.93570719,0.93445155,0.93438481,0.93547579,0.93763624,0.94074181,0.94464509,0.94917850,0.95414874,0.95932738,0.96444346,0.96918373,0.97320412,0.97615266,0.97770078,0.97757705
0.90598690,0.89778251,0.89278107,0.89139952,0.89347733,0.89834498,0.90497506,0.91218338,0.91884038,0.92405277,0.92728438,0.92839923,0.92762737,0.92546996,0.92257087,0.91958515,0.91707079,0.91542058,0.91483982,0.91536525,0.91691274,0.91933768,0.92249099,0.92625749,0.93056864,0.93538957,0.94068724,0.94639110,0.95235870,0.95835616,0.96405918,0.96907488,0.97298099,0.97537560,0.97592936,0.97443185,0.97082481,0.96521780,0.95788466,0.94924254,0.93981719,0.93019962,0.92099887,0.91279584,0.90610194,0.90132593,0.89875099,0.89852261,0.90064682,0.90499702,0.91132763,0.91929240,0.92846552,0.93836385,0.94846913,0.95824960,0.96718141,0.97477074,0.98057747,0.98424069,0.98550486,0.98424448,0.98048398,0.97440905,0.96636566,0.95684425,0.94644796,0.93584658,0.92572051,0.91670146,0.90931752,0.90394995,0.90080721,0.89991895,0.90114961,0.90422813,0.90878800,0.91441048,0.92066397,0.92713420,0.93344268,0.93925393,0.94427482,0.94825100,0.95096540,0.95224276,0.95196162,0.95007255,0.94661849,0.94175150,0.93573985,0.92896077,0.92187692,0.91499799,0.90883200,0.90383309,0.90035332,0.89860543,0.89864136,0.90034827
0.91748678,0.90009330,0.88319621,0.86767561,0.85430015,0.84373044,0.83651595,0.83308117,0.83370141,0.83847272,0.84728226,0.85978572,0.87539759,0.89329869,0.91246340,0.93170676,0.94974915,0.96529473,0.97711864,0.98415776,0.98559939,0.98096100,0.97015309,0.95351644,0.93182597,0.90625647,0.87830994,0.84970916,0.82226652,0.79774061,0.77769509,0.76337509,0.75561457,0.75478460,0.76078645,0.77308670,0.79078602,0.81270925,0.83750378,0.86373485,0.88996956,0.91484603,0.93712759,0.95574536,0.96983367,0.97876231,0.98216733,0.97997865,0.97243982,0.96011307,0.94386308,0.92481467,0.90428336,0.88368270,0.86441645,0.84776763,0.83479774,0.82626853,0.82259520,0.82383501,0.82970951,0.83965393,0.85288408,0.86846999,0.88540673,0.90267560,0.91929294,0.93434730,0.94702857,0.95665357,0.96269180,0.96479298,0.96281474,0.95684654,0.94722357,0.93452414,0.91954561,0.90325678,0.88672916,0.87105371,0.85725273,0.84619780,0.83854381,0.83468610,0.83474425,0.83857179,0.84578773,0.85582315,0.86797518,0.88146146,0.89546991,0.90920188,0.92190865,0.93292325,0.94168899,0.94778552,0.95095127,0.95109994,0.94832757,0.94290634
0.96677799,0.96508030,0.96385447,0.96354067,0.96442336,0.96658139,0.96986691,0.97391885,0.97821150,0.98213326,0.98508389,0.98657409,0.98630962,0.98424413,0.98059096,0.97579181,0.97044757,0.96522261,0.96073841,0.95747406,0.95569155,0.95539976,0.95636411,0.95815984,0.96025704,0.96211928,0.96329550,0.96348714,0.96257890,0.96062926,0.95782499,0.95441176,0.95061740,0.94658654,0.94234257,0.93778616,0.93273044,0.92696376,0.92032398,0.91276603,0.90440564,0.89552841,0.88656073,0.87800830,0.87037548,0.86408347,0.85940605,0.85643735,0.85509859,0.85518091,0.85641312,0.85853733,0.86137370,0.86485879,0.86904791,0.87408081,0.88011884,0.88726900,0.89551390,0.90466557,0.91435581,0.92406679,0.93319641,0.94114471,0.94740281,0.95162567,0.95367350,0.95361416,0.95168781,0.94824356,0.94366453,0.93829941,0.93241678,0.92619154,0.91972479,0.91308928,0.90638650,0.89979800,0.89361545,0.88823847,0.88413757,0.88178801,0.88158808,0.88377963,0.88838900,0.89520226,0.90378091,0.91351536,0.92370497,0.93364802,0.94272351,0.95044923,0.95650657,0.96073071,0.96307278,0.96354719,0.96218003,0.95897365,0.95389719,0.94690527
0.88167853,0.89222779,0.90457592,0.91821224,0.93244535,0.94647331,0.95946005,0.97061146,0.97924681,0.98486176,0.98717896,0.98618115,0.98212168,0.97550851,0.96706078,0.95764002,0.94816205,0.93949831,0.93237902,0.92731200,0.92453105,0.92398386,0.92536248,0.92817039,0.93181286,0.93569257,0.93929321,0.94223698,0.94430879,0.94544681,0.94570598,0.94520653,0.94408226,0.94244265,0.94035781,0.93786794,0.93501113,0.93185779,0.92853798,0.92525027,0.92224585,0.91978868,0.91809943,0.91729638,0.91734903,0.91805867,0.91907468,0.91994680,0.92020454,0.91944786,0.91742975,0.91411277,0.90968660,0.90454229,0.89920759,0.89425676,0.89021366,0.88746851,0.88622528,0.88648902,0.88809293,0.89075578,0.89415394,0.89798982,0.90204089,0.90617880,0.91035627,0.91456809,0.91879943,0.92297820,0.92694729,0.93046667,0.93324734,0.93500982,0.93555332,0.93481799,0.93292371,0.93017361,0.92701807,0.92398433,0.92158485,0.92022384,0.92012225,0.92127808,0.92347093,0.92630977,0.92931316,0.93200460,0.93400282,0.93508852,0.93523488,0.93459706,0.93346518,0.93219326,0.93112122,0.93050770,0.93048734,0.93105895,0.93210240,0.93341527
0.95256953,0.95809137,0.96282556,0.96641901,0.96852139,0.96889003,0.96747196,0.96444238,0.96019029,0.95525622,0.95023859,0.94569157,0.94203735,0.93950980,0.93813799,0.93776781,0.93811154,0.93880991,0.93948979,0.93980506,0.93945503,0.93818335,0.93576687,0.93200579,0.92672521,0.91979281,0.91115136,0.90085902,0.88912628,0.87633709,0.86304398,0.84993217,0.83775523,0.82725237,0.81906235,0.81365021,0.81125971,0.81189860,0.81535616,0.82124629,0.82906458,0.83824630,0.84821375,0.85840603,0.86829045,0.87736105,0.88513366,0.89114809,0.89498502,0.89629996,0.89487061,0.89064815,0.88379988,0.87473028,0.86407103,0.85263602,0.84134551,0.83113023,0.82283140,0.81711400,0.81440768,0.81488414,0.81847185,0.82490160,0.83377033,0.84460815,0.85693413,0.87029108,0.88425573,0.89842808,0.91240909,0.92577915,0.93808883,0.94886996,0.95766890,0.96409722,0.96788948,0.96895446,0.96740673,0.96356906,0.95794251,0.95114834,0.94385206,0.93668394,0.93017097,0.92469225,0.92046414,0.91755474,0.91592045,0.91545272,0.91602190,0.91750659,0.91980202,0.92280703,0.92639571,0.93038401,0.93450356,0.93839306,0.94161347,0.94368670
0.82787217,0.84170925,0.85745093,0.87430654,0.89120021,0.90682549,0.91976574,0.92866756,0.93244025,0.93044559,0.92264019,0.90963963,0.89268735,0.87352915,0.85421182,0.83683704,0.82330800,0.81510485,0.81311857,0.81756231,0.82796752,0.84325999,0.86190039,0.88206659,0.90185172,0.91945327,0.93333381,0.94234060,0.94577865,0.94343758,0.93557657,0.92287479,0.90635555,0.88729355,0.86711376,0.84728973,0.82924732,0.81427820,0.80346623,0.79762827,0.79727071,0.80256237,0.81332410,0.82903554,0.84885934,0.87168295,0.89617772,0.92087387,0.94424853,0.96482218,0.98125681,0.99244806,0.99760249,0.99629206,0.98847969,0.97451291,0.95508657,0.93117981,0.90397544,0.87477229,0.84490075,0.81565025,0.78821387,0.76365131,0.74286789,0.72660411,0.71542987,0.70973770,0.70973206,0.71541436,0.72656691,0.74274131,0.76325781,0.78722158,0.81355933,0.84107571,0.86852465,0.89468776,0.91844967,0.93886119,0.95518335,0.96690892,0.97376252,0.97568360,0.97279940,0.96539547,0.95388989,0.93881463,0.92080315,0.90058026,0.87894825,0.85676350,0.83490049,0.81420338,0.79542978,0.77919428,0.76592156,0.75581807,0.74886918,0.74486358
0.93766139,0.92998906,0.92165930,0.91311983,0.90471818,0.89674587,0.88949264,0.88329294,0.87854872,0.87571729,0.87526141,0.87756856,0.88285542,0.89107903,0.90187662,0.91455143,0.92811310,0.94137124,0.95307055,0.96204797,0.96738693,0.96854323,0.96542084,0.95838449,0.94820764,0.93596584,0.92289506,0.91023906,0.89910960,0.89037882,0.88461562,0.88206912,0.88269401,0.88620571,0.89215006,0.89997187,0.90907102,0.91884038,0.92868653,0.93803937,0.94635901,0.95314807,0.95797435,0.96050476,0.96054594,0.95808356,0.95330978,0.94662927,0.93863755,0.93007072,0.92173189,0.91440441,0.90876538,0.90531309,0.90431949,0.90581451,0.90960271,0.91530715,0.92243049,0.93042114,0.93873272,0.94686796,0.95440307,0.96099328,0.96636475,0.97030031,0.97262702,0.97321200,0.97196916,0.96887603,0.96399553,0.95749594,0.94966123,0.94088658,0.93165646,0.92250711,0.91397855,0.90656395,0.90066477,0.89655892,0.89438666,0.89415476,0.89575587,0.89899698,0.90362992,0.90937716,0.91594888,0.92305021,0.93038088,0.93763178,0.94448408,0.95061560,0.95571698,0.95951678,0.96181144,0.96249359,0.96157141,0.95917321,0.95553382,0.95096322
0.96617437,0.96563586,0.96236831,0.95650099,0.94829671,0.93807624,0.92615294,0.91279734,0.89824244,0.88272822,0.86657143,0.85023722,0.83438641,0.81987672,0.80770663,0.79890438,0.79437766,0.79474990,0.80021382,0.81043230,0.82450964,0.84104479,0.85826367,0.87421311,0.88698773,0.89495520,0.89694645,0.89238434,0.88133553,0.86448339,0.84303168,0.81855790,0.79284044,0.76768449,0.74476785,0.72552187,0.71105405,0.70211155,0.69907831,0.70199587,0.71059737,0.72434711,0.74248129,0.76404963,0.78795994,0.81302902,0.83804232,0.86182297,0.88330703,0.90161878,0.91613690,0.92654177,0.93283496,0.93532606,0.93458639,0.93137493,0.92654614,0.92095248,0.91535520,0.91035566,0.90635558,0.90354996,0.90195038,0.90143155,0.90179067,0.90280766,0.90429585,0.90613552,0.90828675,0.91078210,0.91370340,0.91714916,0.92120003,0.92588899,0.93118079,0.93696232,0.94304316,0.94916376,0.95500838,0.96022061,0.96442075,0.96722559,0.96827195,0.96724523,0.96391316,0.95816322,0.95003985,0.93977528,0.92780678,0.91477297,0.90148428,0.88886596,0.87787753,0.86941678,0.86422044,0.86277471,0.86524816,0.87145626,0.88086225,0.89261410
0.87881598,0.87913912,0.88056164,0.88326527,0.88705353,0.89146835,0.89595205,0.90001505,0.90337062,0.90600781,0.90818906,0.91037692,0.91311073,0.91686421,0.92191773,0.92827333,0.93562975,0.94342058,0.95090598,0.95729813,0.96189554,0.96420069,0.96400004,0.96139336,0.95676972,0.95073791,0.94402696,0.93737706,0.93144039,0.92670742,0.92346757,0.92180600,0.92163165,0.92272718,0.92480849,0.92758148,0.93078567,0.93421870,0.93774060,0.94126143,0.94471915,0.94805566,0.95119806,0.95404998,0.95649466,0.95840835,0.95967958,0.96022870,0.96002158,0.95907343,0.95744125,0.95520674,0.95245426,0.94924986,0.94562747,0.94158683,0.93710523,0.93216162,0.92676864,0.92100519,0.91504150,0.90914947,0.90369353,0.89910128,0.89581722,0.89424611,0.89469519,0.89732468,0.90211508,0.90885641,0.91716113,0.92649793,0.93624034,0.94572282,0.95429610,0.96137589,0.96648067,0.96925754,0.96949685,0.96713830,0.96227109,0.95513033,0.94609007,0.93565192,0.92442687,0.91310791,0.90243194,0.89313121,0.88587745,0.88122393,0.87955289,0.88103586,0.88561348,0.89299798,0.90269796,0.91406123,0.92632872,0.93869151,0.95034349,0.96052460
0.97736246,0.97699042,0.97725364,0.97832355,0.98017811,0.98260535,0.98523915,0.98762413,0.98929950,0.98988624,0.98915965,0.98709084,0.98384739,0.97975248,0.97521116,0.97061974,0.96627742,0.96231869,0.95868091,0.95511482,0.95123700,0.94661483,0.94086707,0.93375926,0.92527413,0.91564262,0.90532985,0.89497952,0.88532828,0.87710622,0.87094141,0.86728400,0.86636124,0.86816770,0.87248815,0.87894391,0.88704989,0.89626916,0.90605478,0.91587370,0.92521359,0.93357833,0.94048058,0.94544088,0.94800027,0.94774981,0.94437544,0.93771118,0.92779051,0.91488385,0.89951197,0.88242874,0.86457241,0.84699004,0.83074502,0.81682041,0.80603169,0.79896082,0.79591966,0.79694533,0.80182488,0.81014164,0.82133346,0.83475232,0.84971689,0.86555281,0.88161890,0.89732152,0.91212119,0.92553702,0.93715401,0.94663613,0.95374527,0.95836308,0.96051034,0.96035773,0.95822299,0.95455135,0.94987975,0.94478803,0.93984328,0.93554499,0.93227893,0.93028635,0.92965261,0.93031545,0.93209025,0.93470633,0.93784794,0.94119300,0.94444484,0.94735353,0.94972606,0.95142668,0.95237023,0.95251211,0.95183841,0.95035819,0.94809829,0.94509963
0.97497997,0.96608478,0.95531427,0.94334736,0.93078230,0.91807832,0.90554262,0.89336510,0.88169107,0.87071056,0.86073623,0.85224268,0.84584879,0.84223920,0.84203751,0.84565654,0.85315825,0.86415577,0.87778356,0.89274942,0.90746694,0.92025059,0.92954184,0.93412702,0.93330837,0.92699899,0.91572735,0.90055448,0.88292192,0.86445921,0.84678351,0.83132238,0.81918343,0.81108359,0.80733867,0.80790235,0.81243636,0.82039136,0.83108090,0.84373766,0.85754953,0.87168048,0.88528588,0.89753317,0.90763667,0.91490995,0.91883277,0.91912280,0.91579789,0.90921319,0.90006021,0.88932076,0.87817718,0.86788842,0.85964843,0.85444724,0.85295527,0.85544790,0.86178093,0.87141893,0.88350994,0.89699313,0.91072165,0.92358261,0.93459865,0.94300083,0.94826826,0.95013648,0.94858078,0.94378396,0.93609822,0.92600888,0.91410422,0.90105134,0.88757466,0.87443216,0.86238473,0.85215654,0.84438730,0.83958069,0.83805596,0.83991101,0.84500509,0.85296699,0.86323052,0.87509437,0.88779826,0.90060447,0.91287221,0.92411379,0.93402486,0.94248512,0.94953156,0.95531028,0.96001686,0.96383655,0.96689456,0.96922440,0.97075747,0.97133321
0.82411310,0.80374705,0.78641002,0.77272643,0.76300423,0.75727553,0.75535057,0.75687510,0.76138421,0.76834952,0.77721826,0.78744371,0.79850647,0.80992594,0.82126247,0.83211123,0.84209020,0.85082577,0.85794056,0.86304913,0.86576681,0.86573513,0.86266359,0.85638196,0.84689361,0.83441734,0.81940657,0.80253797,0.78466728,0.76675605,0.74977906,0.73462624,0.72201534,0.71243000,0.70609334,0.70297992,0.70286064,0.70536856,0.71006991,0.71652515,0.72432860,0.73312168,0.74258173,0.75239486,0.76222545,0.77169568,0.78038590,0.78786063,0.79371777,0.79765139,0.79951380,0.79936170,0.79747349,0.79433103,0.79056647,0.78688268,0.78396132,0.78237598,0.78252637,0.78460521,0.78860199,0.79433982,0.80153454,0.80986119,0.81901258,0.82873759,0.83885296,0.84922899,0.85975634,0.87030544,0.88069173,0.89065801,0.89988059,0.90799942,0.91466595,0.91959752,0.92262541,0.92372487,0.92301983,0.92076112,0.91728271,0.91294576,0.90808266,0.90295335,0.89772287,0.89246425,0.88718433,0.88186475,0.87650675,0.87116830,0.86598431,0.86116562,0.85697724,0.85370131,0.85159300,0.85083896,0.85152669,0.85362999,0.85701167,0.86144010
0.84731712,0.84922289,0.85338002,0.85931645,0.86639580,0.87389702,0.88110291,0.88738840,0.89229779,0.89559974,0.89731071,0.89768200,0.89715172,0.89626955,0.89560701,0.89566842,0.89681690,0.89922717,0.90287165,0.90754074,0.91289171,0.91851499,0.92400368,0.92901218,0.93329364,0.93671167,0.93922855,0.94087733,0.94172810,0.94185900,0.94134009,0.94023406,0.93861286,0.93658378,0.93431581,0.93205556,0.93012464,0.92889490,0.92874369,0.92999663,0.93286920,0.93741928,0.94352132,0.95086855,0.95900433,0.96737747,0.97541149,0.98257543,0.98844347,0.99273400,0.99532344,0.99623529,0.99561016,0.99366518,0.99065255,0.98682536,0.98241595,0.97762748,0.97263597,0.96759702,0.96265101,0.95792183,0.95350716,0.94946157,0.94577727,0.94236890,0.93906927,0.93564093,0.93180513,0.92728519,0.92185760,0.91540134,0.90793581,0.89963935,0.89084399,0.88200652,0.87366027,0.86635587,0.86060087,0.85680808,0.85525997,0.85609265,0.85929825,0.86474125,0.87218192,0.88130040,0.89171645,0.90300297,0.91469416,0.92629194,0.93727532,0.94711727,0.95531125,0.96140653,0.96504744,0.96600943,0.96422378,0.95978476,0.95293580,0.94403608
0.89873706,0.90264044,0.90721395,0.91259527,0.91874083,0.92541407,0.93221476,0.93864509,0.94420016,0.94846404,0.95119013,0.95234759,0.95212282,0.95087627,0.94906472,0.94714658,0.94549042,0.94430498,0.94360390,0.94321126,0.94280635,0.94199783,0.94041170,0.93777446,0.93397430,0.92908890,0.92337611,0.91723219,0.91112794,0.90553661,0.90086719,0.89741474,0.89533506,0.89464560,0.89524918,0.89697210,0.89960588,0.90294261,0.90679627,0.91100749,0.91543360,0.91992928,0.92432552,0.92841450,0.93194681,0.93464447,0.93622907,0.93646063,0.93517934,0.93234129,0.92803997,0.92250832,0.91609957,0.90924966,0.90242710,0.89607896,0.89058228,0.88620932,0.88311243,0.88133005,0.88081088,0.88144987,0.88312704,0.88574040,0.88922577,0.89355952,0.89874404,0.90477979,0.91163102,0.91919389,0.92727564,0.93559141,0.94378127,0.95144590,0.95819486,0.96369894,0.96773675,0.97022684,0.97123931,0.97098467,0.96978213,0.96801303,0.96606818,0.96429817,0.96297501,0.96227018,0.96225061,0.96288983,0.96408887,0.96569979,0.96754536,0.96943056,0.97114447,0.97245467,0.97309852,0.97277761,0.97116083,0.96790052,0.96266242,0.95516694
0.98037073,0.97548767,0.96664468,0.95403993,0.93786489,0.91834432,0.89582445,0.87088100,0.84440928,0.81765983,0.79219516,0.76976269,0.75210102,0.74071372,0.73665397,0.74036219,0.75158846,0.76941492,0.79237351,0.81863597,0.84623964,0.87330724,0.89822388,0.91974684,0.93704118,0.94965078,0.95742715,0.96044337,0.95891928,0.95317576,0.94362419,0.93078508,0.91531955,0.89805303,0.87997239,0.86218517,0.84584063,0.83202352,0.82163919,0.81531237,0.81331935,0.81556682,0.82162058,0.83077676,0.84215972,0.85482633,0.86785701,0.88041984,0.89180232,0.90141454,0.90877471,0.91349109,0.91525374,0.91384462,0.90916734,0.90128999,0.89048808,0.87727195,0.86238479,0.84676317,0.83146056,0.81754324,0.80597461,0.79750754,0.79260354,0.79139244,0.79367849,0.79898924,0.80665537,0.81590416,0.82594832,0.83605553,0.84559081,0.85403172,0.86096349,0.86606541,0.86910050,0.86991812,0.86847325,0.86485948,0.85934599,0.85240436,0.84471103,0.83711472,0.83056617,0.82601629,0.82429723,0.82600621,0.83141275,0.84040710,0.85250046,0.86687809,0.88249647,0.89820694,0.91288346,0.92553249,0.93536844,0.94184729,0.94466081,0.94370254
0.80001714,0.78263070,0.76704849,0.75398429,0.74394500,0.73725848,0.73411840,0.73463056,0.73884541,0.74676586,0.75832691,0.77335206,0.79149951,0.81221531,0.83471056,0.85797535,0.88083457,0.90204196,0.92040009,0.93488784,0.94477410,0.94969799,0.94970188,0.94521288,0.93697824,0.92596821,0.91326481,0.89995483,0.88704183,0.87538596,0.86567324,0.85840967,0.85393126,0.85241938,0.85391275,0.85831115,0.86537137,0.87470046,0.88575414,0.89784828,0.91018879,0.92192109,0.93219520,0.94023811,0.94542248,0.94732044,0.94573394,0.94069765,0.93245572,0.92141867,0.90810984,0.89311141,0.87701871,0.86040805,0.84381918,0.82774942,0.81265349,0.79894249,0.78697651,0.77704885,0.76936345,0.76401090,0.76095007,0.76000269,0.76086583,0.76314392,0.76639727,0.77020006,0.77419762,0.77815198,0.78196675,0.78568616,0.78946890,0.79354202,0.79814467,0.80347247,0.80963282,0.81661882,0.82430539,0.83246628,0.84080704,0.84900547,0.85675079,0.86377366,0.86986301,0.87486942,0.87869859,0.88130085,0.88266294,0.88280641,0.88179454,0.87974582,0.87684937,0.87337554,0.86967493,0.86616109,0.86327526,0.86143608,0.86098107,0.86210920
0.89112968,0.89040095,0.89050994,0.89155620,0.89354575,0.89643030,0.90014292,0.90462109,0.90981269,0.91566499,0.92210139,0.92899376,0.93613949,0.94325106,0.94996361,0.95586158,0.96052116,0.96356176,0.96469707,0.96377675,0.96081123,0.95597596,0.94959485,0.94210677,0.93402110,0.92586994,0.91816427,0.91135923,0.90583151,0.90186823,0.89966489,0.89932842,0.90088182,0.90426759,0.90934921,0.91591118,0.92365951,0.93222559,0.94117594,0.95002993,0.95828585,0.96545348,0.97109034,0.97483693,0.97644693,0.97580851,0.97295424,0.96805875,0.96142447,0.95345736,0.94463535,0.93547304,0.92648550,0.91815440,0.91089829,0.90504881,0.90083403,0.89836951,0.89765764,0.89859472,0.90098523,0.90456172,0.90900897,0.91399013,0.91917290,0.92425319,0.92897445,0.93314104,0.93662529,0.93936840,0.94137651,0.94271296,0.94348806,0.94384734,0.94395889,0.94400006,0.94414372,0.94454406,0.94532212,0.94655183,0.94824785,0.95035714,0.95275620,0.95525570,0.95761315,0.95955328,0.96079427,0.96107717,0.96019477,0.95801599,0.95450199,0.94971136,0.94379328,0.93696964,0.92950901,0.92169636,0.91380316,0.90606157,0.89864537,0.89165871
0.93997852,0.94117795,0.94424639,0.94914983,0.95551638,0.96262630,0.96946620,0.97485008,0.97759434,0.97671883,0.97163605,0.96228968,0.94921147,0.93348192,0.91659894,0.90027638,0.88620670,0.87582773,0.87013177,0.86954706,0.87390809,0.88251477,0.89426412,0.90782579,0.92182751,0.93501824,0.94638614,0.95522034,0.96111858,0.96395279,0.96381063,0.96093239,0.95565907,0.94840102,0.93962812,0.92987464,0.91974694,0.90992055,0.90111642,0.89405212,0.88937109,0.88756065,0.88887334,0.89326823,0.90038593,0.90956590,0.91990724,0.93036587,0.93987466,0.94746824,0.95239408,0.95419371,0.95274385,0.94825421,0.94122588,0.93237958,0.92256700,0.91267866,0.90356061,0.89594822,0.89042117,0.88737897,0.88703313,0.88941048,0.89436250,0.90157737,0.91059350,0.92081627,0.93154025,0.94198046,0.95131452,0.95873600,0.96351638,0.96506998,0.96301418,0.95721640,0.94782016,0.93524529,0.92016070,0.90343228,0.88605166,0.86905441,0.85343712,0.84008283,0.82970250,0.82279697,0.81964081,0.82028558,0.82457826,0.83218924,0.84264483,0.85536016,0.86967003,0.88485669,0.90017492,0.91487586,0.92823106,0.93955846,0.94825049,0.95380344
0.94487409,0.94763040,0.94915159,0.94960598,0.94911380,0.94775454,0.94558453,0.94266097,0.93906881,0.93494692,0.93050921,0.92605515,0.92196445,0.91867210,0.91662343,0.91621331,0.91771724,0.92122530,0.92659094,0.93340661,0.94101547,0.94856311,0.95508598,0.95962504,0.96134711,0.95965390,0.95426075,0.94523336,0.93297844,0.91819243,0.90177913,0.88475143,0.86813384,0.85288048,0.83981779,0.82961453,0.82277405,0.81963909,0.82039815,0.82508431,0.83356285,0.84550977,0.86038890,0.87743895,0.89568216,0.91396357,0.93102403,0.94560257,0.95655632,0.96298103,0.96431321,0.96039748,0.95150775,0.93831916,0.92183537,0.90328342,0.88399283,0.86527688,0.84833132,0.83416074,0.82353562,0.81697706,0.81476152,0.81693630,0.82333774,0.83360714,0.84720410,0.86342074,0.88140305,0.90018544,0.91874261,0.93605817,0.95120478,0.96342611,0.97220840,0.97732973,0.97887766,0.97723101,0.97300757,0.96698584,0.96001300,0.95291359,0.94641190,0.94107756,0.93729818,0.93527776,0.93505478,0.93653174,0.93950757,0.94370643,0.94879947,0.95442000,0.96017533,0.96565989,0.97047358,0.97424680,0.97667027,0.97752474,0.97670339,0.97422032
0.98572370,0.98452433,0.98321927,0.98194285,0.98059602,0.97888529,0.97640970,0.97277807,0.96773175,0.96124549,0.95358306,0.94529338,0.93714581,0.93001616,0.92474559,0.92199932,0.92215117,0.92521461,0.93083122,0.93831744,0.94675999,0.95514220,0.96247880,0.96793625,0.97092023,0.97111970,0.96850638,0.96329703,0.95589180,0.94680370,0.93659316,0.92581766,0.91500088,0.90462080,0.89511098,0.88686687,0.88024808,0.87557016,0.87308307,0.87293893,0.87515540,0.87958395,0.88589240,0.89356891,0.90195115,0.91027966,0.91776982,0.92369306,0.92745602,0.92866602,0.92717375,0.92308739,0.91675719,0.90873396,0.89970813,0.89043809,0.88167701,0.87410615,0.86828063,0.86459120,0.86324249,0.86424665,0.86742953,0.87244702,0.87880909,0.88591057,0.89306782,0.89956092,0.90468056,0.90777780,0.90831423,0.90590896,0.90037825,0.89176345,0.88034323,0.86662730,0.85133091,0.83533146,0.81961087,0.80518881,0.79305233,0.78408762,0.77901859,0.77835627,0.78236213,0.79102702,0.80406699,0.82093563,0.84085254,0.86284690,0.88581435,0.90858488,0.92999788,0.94897866,0.96461006,0.97619227,0.98328481,0.98572688,0.98363421,0.97737320
0.90854679,0.91181189,0.91567372,0.92025516,0.92545222,0.93095833,0.93633650,0.94112152,0.94492696,0.94752992,0.94891180,0.94924432,0.94882384,0.94797073,0.94691901,0.94572379,0.94421023,0.94197831,0.93846632,0.93306314,0.92524891,0.91473649,0.90158457,0.88625779,0.86961949,0.85285588,0.83734320,0.82448021,0.81551310,0.81138022,0.81259912,0.81920989,0.83077912,0.84645815,0.86508200,0.88529019,0.90565063,0.92477124,0.94138964,0.95443827,0.96308747,0.96677235,0.96521003,0.95841141,0.94668863,0.93065546,0.91121484,0.88952709,0.86695351,0.84497375,0.82508040,0.80865963,0.79687075,0.79053999,0.79008291,0.79546633,0.80621507,0.82146219,0.84003495,0.86056436,0.88160386,0.90174347,0.91970840,0.93443544,0.94512526,0.95127199,0.95267453,0.94943382,0.94193963,0.93084813,0.91704926,0.90162169,0.88577324,0.87076620,0.85782969,0.84806505,0.84235294,0.84127321,0.84504839,0.85351941,0.86615817,0.88211569,0.90029982,0.91947179,0.93834955,0.95570564,0.97045033,0.98169425,0.98878907,0.99134842,0.98925367,0.98264920,0.97193066,0.95772701,0.94087428,0.92237753,0.90335733,0.88497893,0.86836558,0.85450150
0.89336134,0.88996254,0.88628976,0.88219360,0.87765159,0.87279618,0.86789253,0.86328005,0.85929835,0.85621879,0.85419790,0.85326064,0.85331271,0.85417408,0.85562144,0.85742710,0.85938486,0.86131943,0.86308201,0.86453948,0.86556589,0.86604291,0.86587161,0.86499320,0.86341287,0.86121920,0.85859243,0.85579685,0.85315666,0.85101849,0.84970775,0.84948745,0.85052776,0.85289117,0.85653398,0.86132020,0.86704167,0.87343728,0.88020592,0.88701081,0.89347684,0.89918573,0.90367614,0.90645602,0.90703169,0.90495439,0.89987954,0.89162988,0.88025038,0.86604315,0.84957257,0.83163596,0.81320085,0.79531627,0.77901029,0.76518870,0.75454926,0.74752294,0.74424849,0.74458073,0.74812759,0.75430691,0.76241238,0.77167861,0.78133817,0.79066687,0.79901761,0.80584532,0.81072685,0.81337878,0.81367468,0.81166051,0.80756463,0.80179702,0.79493247,0.78767399,0.78079625,0.77507356,0.77120024,0.76971447,0.77093654,0.77493148,0.78150202,0.79021384,0.80044970,0.81148454,0.82257032,0.83301838,0.84226851,0.84993679,0.85583890,0.85998885,0.86257680,0.86393151,0.86447403,0.86466892,0.86497785,0.86581812,0.86752653,0.87032783
0.92890298,0.92798835,0.92840012,0.92988885,0.93194004,0.93391603,0.93522519,0.93547959,0.93460298,0.93286181,0.93080971,0.92915779,0.92860177,0.92964762,0.93247731,0.93688589,0.94230404,0.94790119,0.95274682,0.95599531,0.95705468,0.95570304,0.95212844,0.94688519,0.94077883,0.93470719,0.92949328,0.92574493,0.92376765,0.92354364,0.92477489,0.92697532,0.92958763,0.93209783,0.93412358,0.93546070,0.93608433,0.93611196,0.93574423,0.93520242,0.93467964,0.93431637,0.93420265,0.93440110,0.93497913,0.93603618,0.93771375,0.94018152,0.94359981,0.94806668,0.95356284,0.95990973,0.96675392,0.97358522,0.97978863,0.98472229,0.98780796,0.98861739,0.98693875,0.98281162,0.97652535,0.96858286,0.95963830,0.95042073,0.94165720,0.93400637,0.92800987,0.92406354,0.92240612,0.92311990,0.92613721,0.93124817,0.93810791,0.94624503,0.95507584,0.96392942,0.97208779,0.97884188,0.98356000,0.98576067,0.98517866,0.98181188,0.97593860,0.96809887,0.95904018,0.94963399,0.94077517,0.93327941,0.92779389,0.92473371,0.92425151,0.92624177,0.93037485,0.93615109,0.94296299,0.95015405,0.95706610,0.96307201,0.96759567,0.97012493
0.96115015,0.96596242,0.96762478,0.96602213,0.96142832,0.95443339,0.94582017,0.93642303,0.92700380,0.91817208,0.91036203,0.90386021,0.89886434,0.89554562,0.89408905,0.89469408,0.89753123,0.90266397,0.90995698,0.91899948,0.92907169,0.93917436,0.94812626,0.95471696,0.95788744,0.95690303,0.95148392,0.94186666,0.92878440,0.91336913,0.89699477,0.88109055,0.86695911,0.85563086,0.84777618,0.84368316,0.84329393,0.84628088,0.85213899,0.86027061,0.87004589,0.88083147,0.89199111,0.90287048,0.91278342,0.92101627,0.92686114,0.92967975,0.92898936,0.92455391,0.91645963,0.90515513,0.89144220,0.87641317,0.86134126,0.84754074,0.83621942,0.82834766,0.82456421,0.82513091,0.82993871,0.83855707,0.85031205,0.86437450,0.87984152,0.89579893,0.91136025,0.92568547,0.93798846,0.94754461,0.95370870,0.95594896,0.95389623,0.94740135,0.93658830,0.92188876,0.90404554,0.88407719,0.86320428,0.84274566,0.82399987,0.80812970,0.79606738,0.78845319,0.78561321,0.78757426,0.79410706,0.80478410,0.81903770,0.83620654,0.85556411,0.87632996,0.89767011,0.91869742,0.93848243,0.95608282,0.97059380,0.98121576,0.98732924,0.98856399
0.96424089,0.95650539,0.94909596,0.94237101,0.93650141,0.93148618,0.92719843,0.92345217,0.92007660,0.91698306,0.91421035,0.91193815,0.91046444,0.91015094,0.91134714,0.91430854,0.91912495,0.92567303,0.93360237,0.94235936,0.95124650,0.95950911,0.96643572,0.97145522,0.97421391,0.97461927,0.97284415,0.96929259,0.96453518,0.95922627,0.95401715,0.94947882,0.94604549,0.94398553,0.94340127,0.94425314,0.94639897,0.94963742,0.95374507,0.95849989,0.96368864,0.96910007,0.97450964,0.97966360,0.98427054,0.98800636,0.99053555,0.99154642,0.99079429,0.98814331,0.98359759,0.97731374,0.96959085,0.96083826,0.95152641,0.94212936,0.93306987,0.92467738,0.91716648,0.91063890,0.90510670,0.90052977,0.89685787,0.89406713,0.89218222,0.89127958,0.89147113,0.89287275,0.89556567,0.89956032,0.90477192,0.91101387,0.91801060,0.92542707,0.93290790,0.94011760,0.94677291,0.95266072,0.95763854,0.96161878,0.96454243,0.96635042,0.96696154,0.96626425,0.96412617,0.96042026,0.95506246,0.94805238,0.93950717,0.92967994,0.91895667,0.90783044,0.89685619,0.88659376,0.87754885,0.87012232,0.86457529,0.86101445,0.85939673,0.85954894
0.90953350,0.90023436,0.89034385,0.88037678,0.87085697,0.86228591,0.85510867,0.84968637,0.84628176,0.84505964,0.84609790,0.84940154,0.85491148,0.86250228,0.87196776,0.88299794,0.89515519,0.90786017,0.92039802,0.93195260,0.94167021,0.94874655,0.95252354,0.95257879,0.94879039,0.94136440,0.93081920,0.91792891,0.90363526,0.88894271,0.87481411,0.86208313,0.85139551,0.84318428,0.83767673,0.83492478,0.83484686,0.83726939,0.84195847,0.84863716,0.85698875,0.86665108,0.87720972,0.88819823,0.89911156,0.90943435,0.91868162,0.92644501,0.93243580,0.93651556,0.93870775,0.93918700,0.93824733,0.93625507,0.93359495,0.93061926,0.92760844,0.92474864,0.92212786,0.91974832,0.91755018,0.91543973,0.91331546,0.91108710,0.90868498,0.90606037,0.90317999,0.90001886,0.89655577,0.89277365,0.88866542,0.88424381,0.87955219,0.87467288,0.86972966,0.86488230,0.86031299,0.85620672,0.85273012,0.85001345,0.84814040,0.84714765,0.84703380,0.84777482,0.84934173,0.85171560,0.85489602,0.85890044,0.86375392,0.86947139,0.87603616,0.88337992,0.89136911,0.89980123,0.90841221,0.91689335,0.92491411,0.93214564,0.93828052,0.94304497
0.96511494,0.96065956,0.95638797,0.95309284,0.95129115,0.95115247,0.95249506,0.95485060,0.95758277,0.96003315,0.96166182,0.96215237,0.96146102,0.95980332,0.95758721,0.95531191,0.95345797,0.95239326,0.95231359,0.95322722,0.95498155,0.95732026,0.95995254,0.96261498,0.96510990,0.96731252,0.96914836,0.97055105,0.97141569,0.97156400,0.97073381,0.96859915,0.96481946,0.95910860,0.95130916,0.94145560,0.92981122,0.91686933,0.90331637,0.88996218,0.87764890,0.86715383,0.85910129,0.85389658,0.85169004,0.85237371,0.85560755,0.86086780,0.86750780,0.87482133,0.88210059,0.88868410,0.89399312,0.89755792,0.89903637,0.89822743,0.89508109,0.88970499,0.88236636,0.87348685,0.86362714,0.85345875,0.84372209,0.83517211,0.82851561,0.82434617,0.82308390,0.82492705,0.82982158,0.83745328,0.84726460,0.85849585,0.87024704,0.88155453,0.89147464,0.89916589,0.90396233,0.90543130,0.90341052,0.89802142,0.88965751,0.87894973,0.86671300,0.85388039,0.84143174,0.83032317,0.82142290,0.81545711,0.81296867,0.81428989,0.81952923,0.82857021,0.84108050,0.85652881,0.87420842,0.89326711,0.91274362,0.93161099,0.94882619,0.96338498
0.96218045,0.96562312,0.96826522,0.97019437,0.97154238,0.97246764,0.97313849,0.97371944,0.97436031,0.97518658,0.97628935,0.97771425,0.97945100,0.98142651,0.98350544,0.98550090,0.98719609,0.98837516,0.98885883,0.98853885,0.98740414,0.98555305,0.98318787,0.98059177,0.97809148,0.97601236,0.97463341,0.97414965,0.97464713,0.97609325,0.97834187,0.98115071,0.98420655,0.98715426,0.98962598,0.99126884,0.99177075,0.99088460,0.98845124,0.98442031,0.97886689,0.97200036,0.96416188,0.95580704,0.94747265,0.93972932,0.93312483,0.92812594,0.92506770,0.92411833,0.92526573,0.92832757,0.93298276,0.93881837,0.94538341,0.95223997,0.95900350,0.96536715,0.97110881,0.97608397,0.98021005,0.98344920,0.98579542,0.98726933,0.98792082,0.98783630,0.98714587,0.98602443,0.98468301,0.98334877,0.98223608,0.98151445,0.98128066,0.98154263,0.98222003,0.98316298,0.98418574,0.98510827,0.98579623,0.98618981,0.98631383,0.98626605,0.98618564,0.98620911,0.98642384,0.98683072,0.98732503,0.98770086,0.98767855,0.98694934,0.98522720,0.98229598,0.97804169,0.97246299,0.96565929,0.95780097,0.94909091,0.93972847,0.92988566,0.91970169
0.97478942,0.97487909,0.97298460,0.96883512,0.96226919,0.95330114,0.94215651,0.92926720,0.91522837,0.90072952,0.88647820,0.87313481,0.86127077,0.85135364,0.84375365,0.83876028,0.83659563,0.83741310,0.84127559,0.84811548,0.85768660,0.86952474,0.88293431,0.89701421,0.91072706,0.92300431,0.93287087,0.93956715,0.94264613,0.94202772,0.93800053,0.93117158,0.92237431,0.91255365,0.90264999,0.89350296,0.88578863,0.87999514,0.87643155,0.87525831,0.87652407,0.88019493,0.88616705,0.89426013,0.90419664,0.91557749,0.92786701,0.94039891,0.95240982,0.96309983,0.97171238,0.97761989,0.98039955,0.97988471,0.97618199,0.96965111,0.96085192,0.95046940,0.93923104,0.92783138,0.91687501,0.90684448,0.89809286,0.89085555,0.88527261,0.88141180,0.87928473,0.87885230,0.88002011,0.88262876,0.88644614,0.89116876,0.89643690,0.90186432,0.90707905,0.91176792,0.91571592,0.91883147,0.92115186,0.92282699,0.92408445,0.92518327,0.92636560,0.92781610,0.92963636,0.93183823,0.93435545,0.93706898,0.93983878,0.94253413,0.94505588,0.94734682,0.94938974,0.95119620,0.95279058,0.95419489,0.95541837,0.95645391,0.95728022,0.95786670
0.90029292,0.90438659,0.90894486,0.91364242,0.91795718,0.92126444,0.92296214,0.92260155,0.91999713,0.91529341,0.90897564,0.90182246,0.89480926,0.88897933,0.88530405,0.88455351,0.88719514,0.89333137,0.90268065,0.91459945,0.92813903,0.94212890,0.95527763,0.96628249,0.97393898,0.97724216,0.97547252,0.96826052,0.95562534,0.93798474,0.91613414,0.89119524,0.86453736,0.83767816,0.81217340,0.78950668,0.77098932,0.75767788,0.75031373,0.74928590,0.75461621,0.76596443,0.78265027,0.80368986,0.82784511,0.85368594,0.87966608,0.90421271,0.92582763,0.94319449,0.95528291,0.96143803,0.96144327,0.95554597,0.94443906,0.92919767,0.91117610,0.89187722,0.87281111,0.85536167,0.84067788,0.82960163,0.82263688,0.81995818,0.82145028,0.82676677,0.83539432,0.84671082,0.86002983,0.87462942,0.88976933,0.90470405,0.91870032,0.93106543,0.94118828,0.94858991,0.95297598,0.95428042,0.95268903,0.94863396,0.94275470,0.93582815,0.92867717,0.92207264,0.91664595,0.91282697,0.91081718,0.91060055,0.91198729,0.91467920,0.91834176,0.92266712,0.92741473,0.93242215,0.93758610,0.94282148,0.94801156,0.95296445,0.95738874,0.96089636
0.98173940,0.97761038,0.97316846,0.96896037,0.96534411,0.96247819,0.96034175,0.95877992,0.95756561,0.95646669,0.95530653,0.95400732,0.95260891,0.95126092,0.95019110,0.94965704,0.94989099,0.95104814,0.95316792,0.95615575,0.95978918,0.96374803,0.96766313,0.97117422,0.97398514,0.97590540,0.97687005,0.97693498,0.97624983,0.97501527,0.97343424,0.97166757,0.96980354,0.96784764,0.96573461,0.96335958,0.96062073,0.95746312,0.95391321,0.95009558,0.94622772,0.94259333,0.93949936,0.93722531,0.93597508,0.93584104,0.93678749,0.93865672,0.94119596,0.94409944,0.94705711,0.94980057,0.95213815,0.95397396,0.95530902,0.95622638,0.95686490,0.95738795,0.95795371,0.95869215,0.95969187,0.96099685,0.96261117,0.96450782,0.96663784,0.96893663,0.97132592,0.97371189,0.97598120,0.97799801,0.97960486,0.98062974,0.98090001,0.98026220,0.97860465,0.97587927,0.97211798,0.96744060,0.96205225,0.95623005,0.95030067,0.94461158,0.93949965,0.93526105,0.93212587,0.93024021,0.92965710,0.93033636,0.93215278,0.93491094,0.93836496,0.94224121,0.94626190,0.95016714,0.95373349,0.95678677,0.95920779,0.96093018,0.96193052,0.96221207
0.91844805,0.92184972,0.92557506,0.92984348,0.93481550,0.94047511,0.94653410,0.95239330,0.95718482,0.95989992,0.95958347,0.95555620,0.94761429,0.93615771,0.92221221,0.90733199,0.89339424,0.88231960,0.87576785,0.87486474,0.88001062,0.89080622,0.90610722,0.92419330,0.94301595,0.96047621,0.97468279,0.98415055,0.98791621,0.98556733,0.97719836,0.96331938,0.94474812,0.92251213,0.89777825,0.87181289,0.84596337,0.82164201,0.80029239,0.78332238,0.77199923,0.76731500,0.76984283,0.77961192,0.79603058,0.81788049,0.84339340,0.87040614,0.89657470,0.91961661,0.93754573,0.94886528,0.95269359,0.94880996,0.93762211,0.92006990,0.89748837,0.87145633,0.84365397,0.81574540,0.78929265,0.76569830,0.74616746,0.73167766,0.72294757,0.72040063,0.72412728,0.73385476,0.74893748,0.76837964,0.79089742,0.81502047,0.83922353,0.86207158,0.88235725,0.89920904,0.91215336,0.92112170,0.92640418,0.92856081,0.92830846,0.92640490,0.92354948,0.92031446,0.91711324,0.91420283,0.91171103,0.90967483,0.90807638,0.90686663,0.90597238,0.90528951,0.90466982,0.90391173,0.90276392,0.90094745,0.89819565,0.89430528,0.88918732,0.88290375
0.97295994,0.97240539,0.96935576,0.96409830,0.95697535,0.94836409,0.93866718,0.92831289,0.91776090,0.90750779,0.89808615,0.89005170,0.88395522,0.88029925,0.87948340,0.88174538,0.88710719,0.89533606,0.90592867,0.91812409,0.93094787,0.94328492,0.95397521,0.96192185,0.96619899,0.96614580,0.96143493,0.95210723,0.93856937,0.92155592,0.90206152,0.88125185,0.86036411,0.84060818,0.82307886,0.80868698,0.79811375,0.79178848,0.78988677,0.79234409,0.79887937,0.80902422,0.82215457,0.83752360,0.85429623,0.87158640,0.88849885,0.90417626,0.91785086,0.92889735,0.93688181,0.94160013,0.94309939,0.94167733,0.93785743,0.93234050,0.92593707,0.91948781,0.91378156,0.90948089,0.90706401,0.90678928,0.90868472,0.91256141,0.91804653,0.92462971,0.93171577,0.93867710,0.94490067,0.94982655,0.95297768,0.95398191,0.95258895,0.94868392,0.94229839,0.93361796,0.92298417,0.91088802,0.89795204,0.88489940,0.87250965,0.86156330,0.85277994,0.84675644,0.84391301,0.84445437,0.84835089,0.85534233,0.86496304,0.87658502,0.88947293,0.90284407,0.91592579,0.92800394,0.93845795,0.94678100,0.95258653,0.95560482,0.95567390,0.95272923
0.94339937,0.93741084,0.93223759,0.92773685,0.92357873,0.91939704,0.91493856,0.91017695,0.90536489,0.90101190,0.89779240,0.89640480,0.89741388,0.90111196,0.90742951,0.91591382,0.92577957,0.93602069,0.94556133,0.95341723,0.95883793,0.96140465,0.96106847,0.95812627,0.95314422,0.94684890,0.94001002,0.93333755,0.92740957,0.92263804,0.91927091,0.91742107,0.91710846,0.91830059,0.92093933,0.92494718,0.93021333,0.93656605,0.94374271,0.95136943,0.95896038,0.96594184,0.97169993,0.97564558,0.97728569,0.97628798,0.97252774,0.96610821,0.95735137,0.94676191,0.93497141,0.92267321,0.91055852,0.89926279,0.88932788,0.88118177,0.87513360,0.87137915,0.87001099,0.87102756,0.87433830,0.87976377,0.88703342,0.89578482,0.90556909,0.91586623,0.92611202,0.93573515,0.94420073,0.95105421,0.95595894,0.95872172,0.95930246,0.95780732,0.95446736,0.94960731,0.94361001,0.93688248,0.92982807,0.92282741,0.91622834,0.91034278,0.90544683,0.90178021,0.89954199,0.89888118,0.89988329,0.90255564,0.90681525,0.91248354,0.91929073,0.92689096,0.93488694,0.94286044,0.95040359,0.95714563,0.96277074,0.96702461,0.96971014,0.97067487
0.95715740,0.95523479,0.95244713,0.94911648,0.94542907,0.94141130,0.93695027,0.93185408,0.92593749,0.91911129,0.91145223,0.90323443,0.89491290,0.88706121,0.88027679,0.87507426,0.87178979,0.87051679,0.87108667,0.87309900,0.87599507,0.87916033,0.88203472,0.88420960,0.88549300,0.88593261,0.88579486,0.88550686,0.88557445,0.88649268,0.88866470,0.89234178,0.89759148,0.90429513,0.91216993,0.92080784,0.92972215,0.93839382,0.94631233,0.95300881,0.95808191,0.96121832,0.96221008,0.96096980,0.95754317,0.95211620,0.94501389,0.93668693,0.92768496,0.91861685,0.91010146,0.90271414,0.89693596,0.89311253,0.89142808,0.89189815,0.89438098,0.89860446,0.90420332,0.91075998,0.91784323,0.92504033,0.93198053,0.93835012,0.94390075,0.94845347,0.95190134,0.95421192,0.95543011,0.95567949,0.95515982,0.95413746,0.95292703,0.95186405,0.95127058,0.95141801,0.95249214,0.95456626,0.95758679,0.96137484,0.96564386,0.97003150,0.97414080,0.97758450,0.98002594,0.98121100,0.98098743,0.97931037,0.97623499,0.97189894,0.96649830,0.96026112,0.95342204,0.94620079,0.93878562,0.93132163,0.92390333,0.91657033,0.90930596,0.90203920
0.93584388,0.92987883,0.92521780,0.92166884,0.91893941,0.91676473,0.91500960,0.91372107,0.91312105,0.91354148,0.91531859,0.91867240,0.92360143,0.92981882,0.93674666,0.94357165,0.94935256,0.95315924,0.95421724,0.95203172,0.94646862,0.93777948,0.92656709,0.91370035,0.90019556,0.88708662,0.87530625,0.86559582,0.85845372,0.85412349,0.85261597,0.85375426,0.85722860,0.86264891,0.86958581,0.87759575,0.88623122,0.89504098,0.90356809,0.91135324,0.91794827,0.92294161,0.92599279,0.92687048,0.92548658,0.92191892,0.91641677,0.90938627,0.90135644,0.89293003,0.88472628,0.87732379,0.87121135,0.86675284,0.86416930,0.86353874,0.86481109,0.86783420,0.87238533,0.87820274,0.88501303,0.89255117,0.90057236,0.90885664,0.91720794,0.92545024,0.93342309,0.94097830,0.94797889,0.95430060,0.95983576,0.96449858,0.96823107,0.97100843,0.97284312,0.97378698,0.97393114,0.97340316,0.97236167,0.97098817,0.96947616,0.96801796,0.96678968,0.96593558,0.96555329,0.96568182,0.96629421,0.96729656,0.96853425,0.96980544,0.97088073,0.97152697,0.97153218,0.97072846,0.96900943,0.96633982,0.96275575,0.95835585,0.95328474,0.94771134
0.95271453,0.94636507,0.94024159,0.93474859,0.93011803,0.92641137,0.92354780,0.92135467,0.91963126,0.91821359,0.91702653,0.91611123,0.91562092,0.91578524,0.91685067,0.91901019,0.92233766,0.92674118,0.93194611,0.93751255,0.94288586,0.94747172,0.95072223,0.95221631,0.95171894,0.94920834,0.94486777,0.93904608,0.93219723,0.92481197,0.91735503,0.91021842,0.90369756,0.89799119,0.89322076,0.88946026,0.88676561,0.88519319,0.88480154,0.88563521,0.88769558,0.89090721,0.89509007,0.89994741,0.90507605,0.91000102,0.91423132,0.91732796,0.91897205,0.91901965,0.91753232,0.91477688,0.91119366,0.90733858,0.90380867,0.90116401,0.89985876,0.90019236,0.90228739,0.90609494,0.91142308,0.91797968,0.92541927,0.93338423,0.94153337,0.94955502,0.95716574,0.96409974,0.97009607,0.97489131,0.97822342,0.97984915,0.97957278,0.97728073,0.97297387,0.96678939,0.95900572,0.95002723,0.94034913,0.93050760,0.92102318,0.91234754,0.90482310,0.89866265,0.89395113,0.89066740,0.88871960,0.88798524,0.88834712,0.88971755,0.89204617,0.89531072,0.89949372,0.90455180,0.91038593,0.91682049,0.92359669,0.93038192,0.93679263,0.94242545
0.93889450,0.94691775,0.95522560,0.96298864,0.96915499,0.97257918,0.97219491,0.96720398,0.95724742,0.94252398,0.92382882,0.90249861,0.88026764,0.85905647,0.84072747,0.82684669,0.81848876,0.81611241,0.81952142,0.82791192,0.83999414,0.85416621,0.86871162,0.88199155,0.89260738,0.89951753,0.90210277,0.90018263,0.89399190,0.88412821,0.87148167,0.85715519,0.84238147,0.82843971,0.81657305,0.80790715,0.80337105,0.80362344,0.80899023,0.81942056,0.83446916,0.85331074,0.87478925,0.89750045,0.91990195,0.94044102,0.95768759,0.97045868,0.97792112,0.97966176,0.97571813,0.96656705,0.95307330,0.93640428,0.91792010,0.89905047,0.88117072,0.86548874,0.85295303,0.84418925,0.83946935,0.83871385,0.84152449,0.84724184,0.85502038,0.86391253,0.87295323,0.88123756,0.88798578,0.89259205,0.89465575,0.89399577,0.89064994,0.88486177,0.87705698,0.86781148,0.85781197,0.84781020,0.83857215,0.83082428,0.82520004,0.82219062,0.82210486,0.82504289,0.83088789,0.83931809,0.84983916,0.86183396,0.87462375,0.88753307,0.89994990,0.91137321,0.92144240,0.92994579,0.93680925,0.94206875,0.94583332,0.94824576,0.94944789,0.94955534
0.97541454,0.97661486,0.97771614,0.97869888,0.97932407,0.97917757,0.97775709,0.97458648,0.96933616,0.96192569,0.95258650,0.94186982,0.93059529,0.91974817,0.91034292,0.90327713,0.89920046,0.89841990,0.90085565,0.90605404,0.91325435,0.92149767,0.92975873,0.93707803,0.94267268,0.94601035,0.94683928,0.94517641,0.94126264,0.93549858,0.92837496,0.92041076,0.91210813,0.90392844,0.89628757,0.88956367,0.88410735,0.88024460,0.87826579,0.87839918,0.88077272,0.88537233,0.89200707,0.90029196,0.90965680,0.91938473,0.92867869,0.93674725,0.94289715,0.94661718,0.94763973,0.94596967,0.94187635,0.93585075,0.92853572,0.92064173,0.91286278,0.90580595,0.89994468,0.89560007,0.89294816,0.89204626,0.89286777,0.89533517,0.89934220,0.90476068,0.91143177,0.91914654,0.92762401,0.93649650,0.94531049,0.95354782,0.96066691,0.96615856,0.96960682,0.97074375,0.96948729,0.96595432,0.96044564,0.95340513,0.94536031,0.93685545,0.92838942,0.92036886,0.91308360,0.90670597,0.90131040,0.89690583,0.89347094,0.89098288,0.88943222,0.88882127,0.88914722,0.89037625,0.89241660,0.89509950,0.89817431,0.90132094,0.90417814,0.90638206
0.96942544,0.96606278,0.96288708,0.96029838,0.95848135,0.95737295,0.95668160,0.95595747,0.95470245,0.95249804,0.94912318,0.94463456,0.93938902,0.93400039,0.92923768,0.92588406,0.92458424,0.92570993,0.92926979,0.93488192,0.94181558,0.94909519,0.95564742,0.96046348,0.96274640,0.96201728,0.95816429,0.95143059,0.94234919,0.93164192,0.92010435,0.90849850,0.89747131,0.88750934,0.87893117,0.87191050,0.86651672,0.86275759,0.86061079,0.86003649,0.86096982,0.86329904,0.86683933,0.87131394,0.87635283,0.88151463,0.88633165,0.89037168,0.89330528,0.89496467,0.89538154,0.89479462,0.89362386,0.89241469,0.89176171,0.89222479,0.89425166,0.89811927,0.90390198,0.91146940,0.92051099,0.93058036,0.94114982,0.95166534,0.96159413,0.97046020,0.97786683,0.98350806,0.98717318,0.98874848,0.98821923,0.98567287,0.98130193,0.97540334,0.96837003,0.96067157,0.95282235,0.94533903,0.93869160,0.93325487,0.92926816,0.92681000,0.92579272,0.92597829,0.92701335,0.92847824,0.92994244,0.93101851,0.93140701,0.93092710,0.92953043,0.92729849,0.92442603,0.92119457,0.91794017,0.91501899,0.91277325,0.91149857,0.91141337,0.91263036
0.98545104,0.98233860,0.97841914,0.97450972,0.97126285,0.96909306,0.96815465,0.96836949,0.96949354,0.97120391,0.97318533,0.97519723,0.97710900,0.97889967,0.98062730,0.98238000,0.98422397,0.98616299,0.98811986,0.98994373,0.99144046,0.99241779,0.99273340,0.99233385,0.99127439,0.98971430,0.98788806,0.98605843,0.98446135,0.98325475,0.98248172,0.98205557,0.98176914,0.98132610,0.98038819,0.97862944,0.97578816,0.97170834,0.96636435,0.95986657,0.95244898,0.94444228,0.93623817,0.92825015,0.92087586,0.91446446,0.90929113,0.90553966,0.90329290,0.90253030,0.90313167,0.90488671,0.90750992,0.91066109,0.91397063,0.91706856,0.91961481,0.92132812,0.92201064,0.92156563,0.92000661,0.91745689,0.91413981,0.91036079,0.90648356,0.90290305,0.90001742,0.89820104,0.89777916,0.89900493,0.90203907,0.90693312,0.91361743,0.92189568,0.93144759,0.94184172,0.95255926,0.96302910,0.97267222,0.98095174,0.98742275,0.99177526,0.99386408,0.99372101,0.99154753,0.98768910,0.98259490,0.97676911,0.97072078,0.96491923,0.95976046,0.95554713,0.95248188,0.95067034,0.95012908,0.95079310,0.95251924,0.95508405,0.95817780,0.96139862
0.87616571,0.87626786,0.87852183,0.88330593,0.89072728,0.90056599,0.91226839,0.92499728,0.93773539,0.94942667,0.95913028,0.96615798,0.97016813,0.97119846,0.96963276,0.96610990,0.96139460,0.95623525,0.95123538,0.94676187,0.94290505,0.93949585,0.93617300,0.93248388,0.92799574,0.92239404,0.91554920,0.90754167,0.89864507,0.88927529,0.87991967,0.87106239,0.86312159,0.85640948,0.85112016,0.84734244,0.84508835,0.84432486,0.84499633,0.84702969,0.85032021,0.85470231,0.85991493,0.86557381,0.87116302,0.87605475,0.87956068,0.88101086,0.87984843,0.87572383,0.86856999,0.85864309,0.84651882,0.83304229,0.81923779,0.80619171,0.79492709,0.78628948,0.78086183,0.77892019,0.78043400,0.78510641,0.79244331,0.80183616,0.81264311,0.82425580,0.83614349,0.84787247,0.85910391,0.86957836,0.87909685,0.88750763,0.89470424,0.90063501,0.90531982,0.90886662,0.91147912,0.91344909,0.91512958,0.91688978,0.91905751,0.92185896,0.92536823,0.92947835,0.93390214,0.93820512,0.94186655,0.94435855,0.94523033,0.94418321,0.94112383,0.93618667,0.92972228,0.92225369,0.91440949,0.90684556,0.90016855,0.89487173,0.89128986,0.88957494
0.96773264,0.97398909,0.97944458,0.98387851,0.98700769,0.98855674,0.98833828,0.98632352,0.98268596,0.97780648,0.97223736,0.96663114,0.96164805,0.95785914,0.95566258,0.95522711,0.95647042,0.95907351,0.96252551,0.96618944,0.96937743,0.97142514,0.97175731,0.96993900,0.96571032,0.95900445,0.94995027,0.93886201,0.92621797,0.91262971,0.89880249,0.88548795,0.87343084,0.86331335,0.85570210,0.85100285,0.84942755,0.85097639,0.85543572,0.86239128,0.87125432,0.88129801,0.89170064,0.90159300,0.91010785,0.91643074,0.91985172,0.91981708,0.91597876,0.90823712,0.89677136,0.88205130,0.86482508,0.84607950,0.82697295,0.80874546,0.79261420,0.77966682,0.77076615,0.76647869,0.76703566,0.77232989,0.78194598,0.79521644,0.81129314,0.82922233,0.84801278,0.86668973,0.88433197,0.90009446,0.91322253,0.92306556,0.92909648,0.93094033,0.92841034,0.92154559,0.91064136,0.89626220,0.87922902,0.86057550,0.84147453,0.82314178,0.80672914,0.79322336,0.78336533,0.77760136,0.77607199,0.77863684,0.78492823,0.79442137,0.80650734,0.82055607,0.83595979,0.85215320,0.86861270,0.88484209,0.90035484,0.91466279,0.92727820,0.93773131
0.94697899,0.95495104,0.96099302,0.96491908,0.96665730,0.96629156,0.96406616,0.96035357,0.95559669,0.95024357,0.94469296,0.93926313,0.93418799,0.92963558,0.92573778,0.92261752,0.92040140,0.91921094,0.91913333,0.92018115,0.92225572,0.92512966,0.92845921,0.93182763,0.93481154,0.93705459,0.93833051,0.93858008,0.93791253,0.93657064,0.93486760,0.93311092,0.93153277,0.93024443,0.92922630,0.92835479,0.92745703,0.92637658,0.92503076,0.92344251,0.92173696,0.92010240,0.91872494,0.91771420,0.91704054,0.91650250,0.91573638,0.91426880,0.91160267,0.90731789,0.90116453,0.89312781,0.88345044,0.87260786,0.86124219,0.85007020,0.83978553,0.83097565,0.82406926,0.81932051,0.81682706,0.81657016,0.81846039,0.82237261,0.82815850,0.83563261,0.84453721,0.85449855,0.86499188,0.87533151,0.88469739,0.89220043,0.89697932,0.89831270,0.89572577,0.88906988,0.87855858,0.86475191,0.84849144,0.83079868,0.81275632,0.79539424,0.77959932,0.76606123,0.75525712,0.74746918,0.74282235,0.74132647,0.74290889,0.74742890,0.75467313,0.76433827,0.77601295,0.78917150,0.80318937,0.81738402,0.83107714,0.84366728,0.85469690,0.86389760
0.84861055,0.83862632,0.83131348,0.82693962,0.82544715,0.82650341,0.82958058,0.83404931,0.83926874,0.84465777,0.84973835,0.85414946,0.85763745,0.86003368,0.86123181,0.86117502,0.85985846,0.85734539,0.85378958,0.84945282,0.84470636,0.84000898,0.83586071,0.83273814,0.83102327,0.83094037,0.83251515,0.83556586,0.83972982,0.84452081,0.84940616,0.85388794,0.85757249,0.86021544,0.86173565,0.86219883,0.86177787,0.86070158,0.85920488,0.85749165,0.85571697,0.85398973,0.85239074,0.85099771,0.84990721,0.84924552,0.84916422,0.84982086,0.85134987,0.85383110,0.85726484,0.86155995,0.86653913,0.87196006,0.87754783,0.88303053,0.88817014,0.89278238,0.89674285,0.89998063,0.90246380,0.90418338,0.90514178,0.90535053,0.90483869,0.90366940,0.90195901,0.89989128,0.89771998,0.89575565,0.89433660,0.89378796,0.89437622,0.89626767,0.89949923,0.90396762,0.90943919,0.91557819,0.92198732,0.92825183,0.93397875,0.93882487,0.94251123,0.94482541,0.94561649,0.94478829,0.94229683,0.93815532,0.93244717,0.92534365,0.91711935,0.90815750,0.89893817,0.89000597,0.88191927,0.87518796,0.87021001,0.86721858,0.86624963,0.86713647
0.98638411,0.97990136,0.97271135,0.96551163,0.95884232,0.95306045,0.94833455,0.94465902,0.94188695,0.93977879,0.93806140,0.93648998,0.93490322,0.93326269,0.93166909,0.93035173,0.92963188,0.92986457,0.93136745,0.93434772,0.93883972,0.94466488,0.95142242,0.95851425,0.96520124,0.97068240,0.97418515,0.97505316,0.97282004,0.96725967,0.95840884,0.94656166,0.93223975,0.91614496,0.89910254,0.88200245,0.86574428,0.85118890,0.83911694,0.83019283,0.82493237,0.82367278,0.82654570,0.83345579,0.84406877,0.85781363,0.87390291,0.89137327,0.90914557,0.92610078,0.94116502,0.95339471,0.96205272,0.96666658,0.96706263,0.96337298,0.95601567,0.94565187,0.93312592,0.91939547,0.90545881,0.89228554,0.88075500,0.87160501,0.86539218,0.86246363,0.86294012,0.86671038,0.87343701,0.88257441,0.89339898,0.90505127,0.91658880,0.92704702,0.93550460,0.94114809,0.94333048,0.94161838,0.93582358,0.92601659,0.91252180,0.89589547,0.87688963,0.85640538,0.83543974,0.81502992,0.79619855,0.77990217,0.76698483,0.75813774,0.75386574,0.75446155,0.75998910,0.77027695,0.78492266,0.80330789,0.82462329,0.84790178,0.87205851,0.89593594
0.96443799,0.96599300,0.96857922,0.97213644,0.97631712,0.98056440,0.98422776,0.98669420,0.98750988,0.98646891,0.98365253,0.97941253,0.97430394,0.96898268,0.96408968,0.96014454,0.95746784,0.95614472,0.95603389,0.95681749,0.95807988,0.95939837,0.96042694,0.96095621,0.96093852,0.96047532,0.95977237,0.95907530,0.95860111,0.95848137,0.95872897,0.95923478,0.95979344,0.96015162,0.96006677,0.95936279,0.95796962,0.95593856,0.95343064,0.95068230,0.94795752,0.94549816,0.94348414,0.94201206,0.94109615,0.94068964,0.94071980,0.94112612,0.94189041,0.94304984,0.94468830,0.94690759,0.94978505,0.95332804,0.95743710,0.96188761,0.96633643,0.97035419,0.97347842,0.97527767,0.97541416,0.97369285,0.97008770,0.96474130,0.95793952,0.95006786,0.94155955,0.93284606,0.92431935,0.91631173,0.90909398,0.90288763,0.89788331,0.89425589,0.89216830,0.89176001,0.89312092,0.89625601,0.90104931,0.90723696,0.91439815,0.92196970,0.92928568,0.93563809,0.94035002,0.94284963,0.94273326,0.93980812,0.93410982,0.92589438,0.91560878,0.90384660,0.89129648,0.87869038,0.86675703,0.85618291,0.84757999,0.84145720,0.83819146,0.83799606
0.96096667,0.94899827,0.93651288,0.92443771,0.91349198,0.90413292,0.89654870,0.89069564,0.88636980,0.88329710,0.88122305,0.87998395,0.87954614,0.88000720,0.88156156,0.88444008,0.88883810,0.89484762,0.90240780,0.91128344,0.92107524,0.93125897,0.94124444,0.95044154,0.95831949,0.96444810,0.96851482,0.97031797,0.96974230,0.96672712,0.96123819,0.95325330,0.94276724,0.92981679,0.91452077,0.89712574,0.87804538,0.85788189,0.83742070,0.81759470,0.79942034,0.78391338,0.77199597,0.76440843,0.76163799,0.76387355,0.77099096,0.78256834,0.79792679,0.81618879,0.83634587,0.85732772,0.87806719,0.89755789,0.91490374,0.92936070,0.94037146,0.94759265,0.95091333,0.95046180,0.94659791,0.93988803,0.93106185,0.92095241,0.91042384,0.90029384,0.89125985,0.88383792,0.87832201,0.87476854,0.87300705,0.87267458,0.87326801,0.87420709,0.87490030,0.87480635,0.87348625,0.87064283,0.86614691,0.86005089,0.85259077,0.84417706,0.83537449,0.82686944,0.81942479,0.81382283,0.81079898,0.81097113,0.81477134,0.82238821,0.83372844,0.84840491,0.86575561,0.88489292,0.90477768,0.92430811,0.94241094,0.95812288,0.97065278,0.97941917
0.95693578,0.95545285,0.95356096,0.95146987,0.94932326,0.94718639,0.94505913,0.94291216,0.94073711,0.93859650,0.93665742,0.93519635,0.93456927,0.93515046,0.93725168,0.94103908,0.94646614,0.95323858,0.96082116,0.96848826,0.97541181,0.98077255,0.98387542,0.98424930,0.98171391,0.97640390,0.96874808,0.95940986,0.94920115,0.93898457,0.92957924,0.92168263,0.91581664,0.91230081,0.91125078,0.91259618,0.91611040,0.92144497,0.92816298,0.93576900,0.94373510,0.95152470,0.95861647,0.96453000,0.96885355,0.97127269,0.97159663,0.96977848,0.96592499,0.96029282,0.95326971,0.94534169,0.93704947,0.92893927,0.92151414,0.91519197,0.91027517,0.90693543,0.90521447,0.90503962,0.90625054,0.90863237,0.91194964,0.91597577,0.92051429,0.92540927,0.93054473,0.93583431,0.94120439,0.94657440,0.95183898,0.95685563,0.96144094,0.96537652,0.96842393,0.97034673,0.97093622,0.97003716,0.96756999,0.96354643,0.95807671,0.95136797,0.94371454,0.93548200,0.92708725,0.91897653,0.91160280,0.90540298,0.90077468,0.89805232,0.89748218,0.89919743,0.90319455,0.90931419,0.91722992,0.92644857,0.93632520,0.94609448,0.95491822,0.96194607
0.91348850,0.91513490,0.91707215,0.91875635,0.91957207,0.91894879,0.91647802,0.91201064,0.90571569,0.89808769,0.88989752,0.88209288,0.87566365,0.87149493,0.87023262,0.87218355,0.87726540,0.88501247,0.89463477,0.90512004,0.91536247,0.92429907,0.93103374,0.93493266,0.93567991,0.93329008,0.92808166,0.92062016,0.91164262,0.90197498,0.89245226,0.88384900,0.87682465,0.87188591,0.86936577,0.86941696,0.87201704,0.87698193,0.88398607,0.89258759,0.90225789,0.91241486,0.92245876,0.93180961,0.93994401,0.94642979,0.95095586,0.95335515,0.95361826,0.95189616,0.94849062,0.94383240,0.93844785,0.93291597,0.92781929,0.92369245,0.92097384,0.91996518,0.92080401,0.92345258,0.92770495,0.93321184,0.93952031,0.94612337,0.95251310,0.95823059,0.96290677,0.96628976,0.96825654,0.96880952,0.96806026,0.96620490,0.96349601,0.96021585,0.95665427,0.95309290,0.94979492,0.94699869,0.94491262,0.94370958,0.94351952,0.94442092,0.94643217,0.94950515,0.95352328,0.95830607,0.96362100,0.96920188,0.97477108,0.98006191,0.98483706,0.98889974,0.99209620,0.99431003,0.99545069,0.99544015,0.99420157,0.99165398,0.98771509,0.98231220
0.97811761,0.97112577,0.96259773,0.95393794,0.94649079,0.94139526,0.93944121,0.94095482,0.94574047,0.95309892,0.96192674,0.97088456,0.97860618,0.98391170,0.98598678,0.98449741,0.97962231,0.97200103,0.96261135,0.95260229,0.94311573,0.93512886,0.92934252,0.92612792,0.92553063,0.92731933,0.93105992,0.93619455,0.94210873,0.94817770,0.95379116,0.95836356,0.96134101,0.96221641,0.96056012,0.95606729,0.94861519,0.93831846,0.92556726,0.91103461,0.89564415,0.88049725,0.86676671,0.85557155,0.84785197,0.84426364,0.84510716,0.85030188,0.85940544,0.87167283,0.88614288,0.90173744,0.91735864,0.93197273,0.94467396,0.95472693,0.96159014,0.96492549,0.96459895,0.96067600,0.95341332,0.94324603,0.93076788,0.91670203,0.90186054,0.88709379,0.87323354,0.86103594,0.85113198,0.84399156,0.83990522,0.83898396,0.84117441,0.84628394,0.85400948,0.86396355,0.87569328,0.88869060,0.90239587,0.91619961,0.92944871,0.94146278,0.95156348,0.95911620,0.96357963,0.96455632,0.96183608,0.95542495,0.94555434,0.93266832,0.91739084,0.90047809,0.88276360,0.86510377,0.84833029,0.83321218,0.82042694,0.81053724,0.80396840,0.80098291
0.98004427,0.97657928,0.97381839,0.97163457,0.96962991,0.96725094,0.96393368,0.95924784,0.95300990,0.94534120,0.93665909,0.92760384,0.91891866,0.91130969,0.90531635,0.90121817,0.89899518,0.89834667,0.89876152,0.89962354,0.90032935,0.90039517,0.89953199,0.89767643,0.89497492,0.89172884,0.88831646,0.88511071,0.88241059,0.88039899,0.87913219,0.87855925,0.87856267,0.87900831,0.87979084,0.88086358,0.88224554,0.88400504,0.88622502,0.88895961,0.89219351,0.89581434,0.89960500,0.90325844,0.90641212,0.90869563,0.90978196,0.90943279,0.90752918,0.90408292,0.89922739,0.89319152,0.88626293,0.87874801,0.87093632,0.86307479,0.85535494,0.84791277,0.84083899,0.83419458,0.82802686,0.82238101,0.81730479,0.81284548,0.80904126,0.80590982,0.80343836,0.80157812,0.80024597,0.79933388,0.79872541,0.79831671,0.79803851,0.79787490,0.79787538,0.79815779,0.79890137,0.80033075,0.80269289,0.80622967,0.81114885,0.81759655,0.82563362,0.83521840,0.84619766,0.85830664,0.87117862,0.88436362,0.89735534,0.90962477,0.92065826,0.92999685,0.93727269,0.94223841,0.94478516,0.94494715,0.94289149,0.93889485,0.93330961,0.92652368
0.97376519,0.97547722,0.97792411,0.98055474,0.98286658,0.98449500,0.98524745,0.98508758,0.98408673,0.98236649,0.98005399,0.97726307,0.97410325,0.97070761,0.96726410,0.96403279,0.96133553,0.95951260,0.95885181,0.95950607,0.96142164,0.96429942,0.96760463,0.97062855,0.97259299,0.97277760,0.97064450,0.96593504,0.95871940,0.94938952,0.93859815,0.92715816,0.91592431,0.90568216,0.89706465,0.89050839,0.88625036,0.88435586,0.88476205,0.88731978,0.89181985,0.89799648,0.90551019,0.91392000,0.92266066,0.93104119,0.93827625,0.94355383,0.94613215,0.94544961,0.94122617,0.93353368,0.92281751,0.90986083,0.89569430,0.88146515,0.86828850,0.85710716,0.84858421,0.84304546,0.84047811,0.84058030,0.84284689,0.84667041,0.85143607,0.85659316,0.86169354,0.86639686,0.87045058,0.87365860,0.87585340,0.87688395,0.87662541,0.87500892,0.87206246,0.86794891,0.86298685,0.85764300,0.85249203,0.84814798,0.84517899,0.84402174,0.84491325,0.84785445,0.85261379,0.85877071,0.86579058,0.87311567,0.88025369,0.88684664,0.89270781,0.89782249,0.90231651,0.90640282,0.91032045,0.91427957,0.91842327,0.92281081,0.92742090,0.93216790
0.84388031,0.86052488,0.87816091,0.89593424,0.91279764,0.92757858,0.93909367,0.94629866,0.94845196,0.94526222,0.93698882,0.92446966,0.90906312,0.89250723,0.87671500,0.86353655,0.85452439,0.85073690,0.85260915,0.85990917,0.87178469,0.88689061,0.90357441,0.92008814,0.93479333,0.94633006,0.95373109,0.95647413,0.95447623,0.94804246,0.93778607,0.92453788,0.90926040,0.89297702,0.87671966,0.86149167,0.84823852,0.83781706,0.83095716,0.82821344,0.82991077,0.83609184,0.84647805,0.86045518,0.87709344,0.89520591,0.91344329,0.93041566,0.94482607,0.95559817,0.96198003,0.96361013,0.96053745,0.95319478,0.94233154,0.92891836,0.91403920,0.89878717,0.88417779,0.87108828,0.86022543,0.85211854,0.84712973,0.84547171,0.84722365,0.85233859,0.86063982,0.87180883,0.88537105,0.90068783,0.91696314,0.93327063,0.94860284,0.96193943,0.97232688,0.97895914,0.98124779,0.97887139,0.97179742,0.96027512,0.94480250,0.92607545,0.90492882,0.88227936,0.85907823,0.83627683,0.81480518,0.79555826,0.77938311,0.76705899,0.75926523,0.75653528,0.75920037,0.76733108,0.78068740,0.79868889,0.82041370,0.84463206,0.86987385,0.89452538
0.98291540,0.98181127,0.98037361,0.97874409,0.97679850,0.97422264,0.97065098,0.96583182,0.95977479,0.95283821,0.94572826,0.93940364,0.93490350,0.93313631,0.93467692,0.93961765,0.94750697,0.95739033,0.96794616,0.97769052,0.98521050,0.98938104,0.98952525,0.98549139,0.97763866,0.96674334,0.95385167,0.94011384,0.92663194,0.91434707,0.90397777,0.89600887,0.89071840,0.88822405,0.88852928,0.89155405,0.89714281,0.90505206,0.91492740,0.92628454,0.93850822,0.95087808,0.96262326,0.97299887,0.98137114,0.98729466,0.99056603,0.99124282,0.98962396,0.98619591,0.98155555,0.97632506,0.97107438,0.96626386,0.96221404,0.95910294,0.95698558,0.95582642,0.95553466,0.95599351,0.95707846,0.95866390,0.96062112,0.96281370,0.96509605,0.96731931,0.96934541,0.97106663,0.97242497,0.97342509,0.97413519,0.97467322,0.97517963,0.97578163,0.97655688,0.97750525,0.97853619,0.97947568,0.98009254,0.98013916,0.97939849,0.97772754,0.97508849,0.97156127,0.96733558,0.96268506,0.95792967,0.95339468,0.94937449,0.94610713,0.94376185,0.94243866,0.94217512,0.94295486,0.94471192,0.94732764,0.95062004,0.95432903,0.95810414,0.96150198
0.96068410,0.95605073,0.95127914,0.94676737,0.94290507,0.94000610,0.93824493,0.93761925,0.93795495,0.93895694,0.94029462,0.94169942,0.94304693,0.94440017,0.94600036,0.94820486,0.95138517,0.95580810,0.96152871,0.96832312,0.97568083,0.98286290,0.98901580,0.99331711,0.99512116,0.99407372,0.99017235,0.98376164,0.97546693,0.96608232,0.95643775,0.94727319,0.93914473,0.93237846,0.92707585,0.92316134,0.92045415,0.91874221,0.91783843,0.91760684,0.91795529,0.91880152,0.92002672,0.92143436,0.92273065,0.92353732,0.92343827,0.92205207,0.91911486,0.91455433,0.90853655,0.90147293,0.89398315,0.88681914,0.88076397,0.87652453,0.87463777,0.87540698,0.87887742,0.88485214,0.89294077,0.90262825,0.91334773,0.92454352,0.93571386,0.94643030,0.95633643,0.96513428,0.97256861,0.97841841,0.98250125,0.98469122,0.98494592,0.98333450,0.98005687,0.97544540,0.96994409,0.96406547,0.95833125,0.95320767,0.94904773,0.94605194,0.94425480,0.94353896,0.94367331,0.94436646,0.94532434,0.94630028,0.94712830,0.94773455,0.94812746,0.94837203,0.94855680,0.94876270,0.94904112,0.94940457,0.94982942,0.95026616,0.95065084,0.95091111
0.97563647,0.96813242,0.95819741,0.94631871,0.93298618,0.91866032,0.90376474,0.88870326,0.87389582,0.85982128,0.84705123,0.83625934,0.82819481,0.82361700,0.82319746,0.82740395,0.83638680,0.84988928,0.86720202,0.88717540,0.90829500,0.92881410,0.94692664,0.96095613,0.96953288,0.97173444,0.96717127,0.95600961,0.93893384,0.91705947,0.89181378,0.86480363,0.83768824,0.81207035,0.78941241,0.77097747,0.75778922,0.75060296,0.74987985,0.75576014,0.76803601,0.78612944,0.80908416,0.83558202,0.86399188,0.89245508,0.91900502,0.94171208,0.95883962,0.96899388,0.97124996,0.96523910,0.95118722,0.92990121,0.90270616,0.87134224,0.83783364,0.80434320,0.77302566,0.74588980,0.72467699,0.71076053,0.70506799,0.70802755,0.71953949,0.73897453,0.76520143,0.79664581,0.83138056,0.86724545,0.90198965,0.93342792,0.95959795,0.97890545,0.99024303,0.99307141,0.98745457,0.97404564,0.95402613,0.92900549,0.90089214,0.87174831,0.84364117,0.81850150,0.79799895,0.78344059,0.77569686,0.77515716,0.78171562,0.79478715,0.81335346,0.83603754,0.86120360,0.88707664,0.91187280,0.93392972,0.95182538,0.96447480,0.97119597,0.97173980
0.94815601,0.94639968,0.94658826,0.94887008,0.95297540,0.95828841,0.96398760,0.96922419,0.97329943,0.97580195,0.97667569,0.97620604,0.97493149,0.97350489,0.97253898,0.97247194,0.97348170,0.97546487,0.97808025,0.98084272,0.98324236,0.98485986,0.98545162,0.98498710,0.98363348,0.98169573,0.97953014,0.97745440,0.97567610,0.97425500,0.97310519,0.97203274,0.97079637,0.96917401,0.96701820,0.96428729,0.96104652,0.95744139,0.95365237,0.94984445,0.94612542,0.94252346,0.93898917,0.93542029,0.93170202,0.92775218,0.92355973,0.91920749,0.91487366,0.91081217,0.90731653,0.90467542,0.90312942,0.90283713,0.90385582,0.90613802,0.90954177,0.91385017,0.91879497,0.92407961,0.92939882,0.93445371,0.93896357,0.94267636,0.94538022,0.94691718,0.94719812,0.94621636,0.94405599,0.94089141,0.93697585,0.93261922,0.92815754,0.92391844,0.92018820,0.91718564,0.91504730,0.91382557,0.91349878,0.91398947,0.91518534,0.91695766,0.91917339,0.92169983,0.92440340,0.92714576,0.92978173,0.93216295,0.93414972,0.93563079,0.93654776,0.93691809,0.93684938,0.93653831,0.93625085,0.93628430,0.93691634,0.93834947,0.94066118,0.94376913
0.97590283,0.97471063,0.97351839,0.97246264,0.97147281,0.97033457,0.96878184,0.96659790,0.96370349,0.96021168,0.95643573,0.95284673,0.94998922,0.94837285,0.94836319,0.95009477,0.95342433,0.95793456,0.96298868,0.96782629,0.97168307,0.97391123,0.97407817,0.97202490,0.96787538,0.96199793,0.95493014,0.94728440,0.93965431,0.93253923,0.92629975,0.92114838,0.91717219,0.91437682,0.91273740,0.91224132,0.91291145,0.91480417,0.91798386,0.92248184,0.92825157,0.93513315,0.94283786,0.95095857,0.95900595,0.96646410,0.97285487,0.97779822,0.98105683,0.98255706,0.98238323,0.98074830,0.97794825,0.97431051,0.97014694,0.96571977,0.96122501,0.95679347,0.95250551,0.94841295,0.94456072,0.94100208,0.93780356,0.93503949,0.93277906,0.93107107,0.92993202,0.92934199,0.92925017,0.92958915,0.93029420,0.93132264,0.93266766,0.93436254,0.93647307,0.93907914,0.94224929,0.94601417,0.95034506,0.95514286,0.96023996,0.96541470,0.97041526,0.97498812,0.97890551,0.98198702,0.98411238,0.98522458,0.98532507,0.98446467,0.98273424,0.98025831,0.97719280,0.97372567,0.97007696,0.96649433,0.96323999,0.96056694,0.95868498,0.95772001
0.94984597,0.94972951,0.94973277,0.95034978,0.95187875,0.95425024,0.95693711,0.95898186,0.95914783,0.95616898,0.94904516,0.93731508,0.92124159,0.90186326,0.88089561,0.86049803,0.84294966,0.83029468,0.82402198,0.82483616,0.83255835,0.84616943,0.86398097,0.88389597,0.90370761,0.92138243,0.93528355,0.94430708,0.94792480,0.94614433,0.93941131,0.92848352,0.91430598,0.89790871,0.88033821,0.86262193,0.84575574,0.83069908,0.81836237,0.80957610,0.80503887,0.80524974,0.81043744,0.82050215,0.83498516,0.85307739,0.87367109,0.89545062,0.91701089,0.93698662,0.95417354,0.96762423,0.97670630,0.98111769,0.98086142,0.97618867,0.96752395,0.95538743,0.94032884,0.92288321,0.90355332,0.88281730,0.86115415,0.83907642,0.81715805,0.79604701,0.77645624,0.75913110,0.74479674,0.73409342,0.72751045,0.72533053,0.72759425,0.73409090,0.74437676,0.75781700,0.77364361,0.79101984,0.80910190,0.82709034,0.84426695,0.86001653,0.87383634,0.88533850,0.89425148,0.90042514,0.90384121,0.90462696,0.90306655,0.89960247,0.89481974,0.88940827,0.88410295,0.87960668,0.87650602,0.87519240,0.87580225,0.87818744,0.88192275,0.88635131
0.96873363,0.97241626,0.97550259,0.97796795,0.97983399,0.98113034,0.98185099,0.98192180,0.98119340,0.97946705,0.97655025,0.97232899,0.96683647,0.96029742,0.95313256,0.94591694,0.93929682,0.93387983,0.93012033,0.92822477,0.92809952,0.92935536,0.93137028,0.93339846,0.93470263,0.93468181,0.93296861,0.92947820,0.92440219,0.91815269,0.91127182,0.90432840,0.89782493,0.89213424,0.88747594,0.88393228,0.88149213,0.88010528,0.87972816,0.88034594,0.88196409,0.88457205,0.88809007,0.89231623,0.89689196,0.90130103,0.90490924,0.90704191,0.90708632,0.90459920,0.89939690,0.89160921,0.88168443,0.87034387,0.85849373,0.84711090,0.83712392,0.82931008,0.82422505,0.82217310,0.82321672,0.82721612,0.83388380,0.84283899,0.85364907,0.86585172,0.87895827,0.89244554,0.90574740,0.91825785,0.92935432,0.93844374,0.94502656,0.94876759,0.94955831,0.94755564,0.94318529,0.93710476,0.93012945,0.92313262,0.91693616,0.91221075,0.90940244,0.90869676,0.91002378,0.91309920,0.91748990,0.92268868,0.92818324,0.93350794,0.93827272,0.94216996,0.94496564,0.94648410,0.94659599,0.94521658,0.94231661,0.93794251,0.93223819,0.92545811
0.94373726,0.93561802,0.92728525,0.91890813,0.91049371,0.90195332,0.89318181,0.88413327,0.87487979,0.86564400,0.85680108,0.84885034,0.84236073,0.83789890,0.83595078,0.83684775,0.84070747,0.84739597,0.85651575,0.86742228,0.87926982,0.89108442,0.90185803,0.91065312,0.91670419,0.91950180,0.91884743,0.91487181,0.90801460,0.89896855,0.88859596,0.87782962,0.86757269,0.85861217,0.85155769,0.84681132,0.84456762,0.84483688,0.84748110,0.85225160,0.85881910,0.86679109,0.87571628,0.88508084,0.89430469,0.90274762,0.90973278,0.91459089,0.91672205,0.91566648,0.91117140,0.90324005,0.89215124,0.87844246,0.86285645,0.84625869,0.82953932,0.81351692,0.79886104,0.78604648,0.77534509,0.76685289,0.76054286,0.75632876,0.75412413,0.75388232,0.75560912,0.75934652,0.76513384,0.77295800,0.78270779,0.79414555,0.80690539,0.82052016,0.83447226,0.84825751,0.86144771,0.87373785,0.88496744,0.89511135,0.90424325,0.91248107,0.91992864,0.92662804,0.93253469,0.93752097,0.94140724,0.94401179,0.94520669,0.94496468,0.94338455,0.94068742,0.93718384,0.93321849,0.92910534,0.92506820,0.92120064,0.91745437,0.91365805,0.90956147
0.95397325,0.95508135,0.95689079,0.95898377,0.96072890,0.96142085,0.96044537,0.95743482,0.95237968,0.94567036,0.93805837,0.93054342,0.92420876,0.92003773,0.91874674,0.92066519,0.92568179,0.93326307,0.94253599,0.95241607,0.96175604,0.96948919,0.97474588,0.97692905,0.97574468,0.97119181,0.96352369,0.95319437,0.94080392,0.92705118,0.91269732,0.89853802,0.88537877,0.87400670,0.86515409,0.85945172,0.85737448,0.85918566,0.86488903,0.87419870,0.88653530,0.90105317,0.91669858,0.93229365,0.94663665,0.95860682,0.96726162,0.97191561,0.97219310,0.96805048,0.95976813,0.94791540,0.93329445,0.91687017,0.89969338,0.88282364,0.86725709,0.85386351,0.84333550,0.83615197,0.83255658,0.83255160,0.83590681,0.84218247,0.85076519,0.86091437,0.87181605,0.88264034,0.89259827,0.90099417,0.90727051,0.91104276,0.91212236,0.91052669,0.90647528,0.90037249,0.89277776,0.88436500,0.87587353,0.86805312,0.86160633,0.85713239,0.85507727,0.85569535,0.85902733,0.86489773,0.87293314,0.88259992,0.89325786,0.90422422,0.91484099,0.92453724,0.93287852,0.93959676,0.94459690,0.94794043,0.94980933,0.95045708,0.95015424,0.94913666
0.89018348,0.90699564,0.92456558,0.94176781,0.95736757,0.97012364,0.97892708,0.98295633,0.98181890,0.97564697,0.96511986,0.95140122,0.93599635,0.92055335,0.90664281,0.89555465,0.88814682,0.88476936,0.88527275,0.88909324,0.89539304,0.90322388,0.91168050,0.92001599,0.92770310,0.93443928,0.94010643,0.94470449,0.94828120,0.95087796,0.95250452,0.95314584,0.95279494,0.95149771,0.94939299,0.94673293,0.94387468,0.94124314,0.93927195,0.93833617,0.93869192,0.94043665,0.94349858,0.94765693,0.95258725,0.95792061,0.96330267,0.96844022,0.97312636,0.97724204,0.98073727,0.98360022,0.98582483,0.98738666,0.98823406,0.98829638,0.98750623,0.98582836,0.98328628,0.97997845,0.97607888,0.97182138,0.96747088,0.96328843,0.95949820,0.95626401,0.95368025,0.95177804,0.95054318,0.94993928,0.94992867,0.95048466,0.95159185,0.95323521,0.95538154,0.95796000,0.96084847,0.96387196,0.96681596,0.96945356,0.97158094,0.97305258,0.97380692,0.97387504,0.97336887,0.97245055,0.97128902,0.97001314,0.96867188,0.96721081,0.96547109,0.96321182,0.96015135,0.95601851,0.95060199,0.94378702,0.93557181,0.92606159,0.91544329,0.90394842
0.93143463,0.92568177,0.92092739,0.91767739,0.91613377,0.91618910,0.91747257,0.91943736,0.92147237,0.92301792,0.92366486,0.92322070,0.92173293,0.91946845,0.91685633,0.91440684,0.91262234,0.91191523,0.91254516,0.91458377,0.91791057,0.92223837,0.92716199,0.93222010,0.93695867,0.94098525,0.94400693,0.94584892,0.94645520,0.94587515,0.94424181,0.94174770,0.93862313,0.93512063,0.93150634,0.92805671,0.92505627,0.92279133,0.92153548,0.92152501,0.92292582,0.92579631,0.93005333,0.93544887,0.94156501,0.94783232,0.95357316,0.95806696,0.96062993,0.96069814,0.95790162,0.95211823,0.94349873,0.93245914,0.91964149,0.90584863,0.89196290,0.87886013,0.86733067,0.85801662,0.85137049,0.84763647,0.84685154,0.84886129,0.85334458,0.85984209,0.86778516,0.87652410,0.88535712,0.89356248,0.90043690,0.90534137,0.90775319,0.90731947,0.90390510,0.89762649,0.88886348,0.87824357,0.86659703,0.85488522,0.84410950,0.83521145,0.82897734,0.82595966,0.82642572,0.83033916,0.83737458,0.84696065,0.85834374,0.87066189,0.88301960,0.89455503,0.90449402,0.91218852,0.91713988,0.91901043,0.91762745,0.91298340,0.90523436,0.89469571
0.95470679,0.95184565,0.95002761,0.94970932,0.95114481,0.95432741,0.95896538,0.96450258,0.97018767,0.97518451,0.97870604,0.98014715,0.97919029,0.97586325,0.97053754,0.96386817,0.95668660,0.94986716,0.94419199,0.94023935,0.93831471,0.93843486,0.94036309,0.94368299,0.94789034,0.95248144,0.95701934,0.96116766,0.96469050,0.96742621,0.96924839,0.97003016,0.96962597,0.96787945,0.96465796,0.95990558,0.95370007,0.94629643,0.93814208,0.92985451,0.92216120,0.91581007,0.91146619,0.90961394,0.91048356,0.91401674,0.91987766,0.92750713,0.93620815,0.94524590,0.95394267,0.96175105,0.96829437,0.97337127,0.97692916,0.97901749,0.97973510,0.97918584,0.97745282,0.97459618,0.97067186,0.96576372,0.96001725,0.95366337,0.94702333,0.94049086,0.93449360,0.92944096,0.92566938,0.92339660,0.92269492,0.92348887,0.92557731,0.92867419,0.93245802,0.93661898,0.94089348,0.94508007,0.94903537,0.95265348,0.95583658,0.95846612,0.96038378,0.96138907,0.96125590,0.95976570,0.95675019,0.95213447,0.94597060,0.93845421,0.92992017,0.92081745,0.91166734,0.90301187,0.89536063,0.88914395,0.88467782,0.88214316,0.88157811,0.88287982
0.94043697,0.92774151,0.91550968,0.90437827,0.89478553,0.88699600,0.88114650,0.87729951,0.87549035,0.87575620,0.87813995,0.88266802,0.88930815,0.89791890,0.90820514,0.91969299,0.93173410,0.94354327,0.95426752,0.96307831,0.96927374,0.97237430,0.97219508,0.96888083,0.96289555,0.95496733,0.94599642,0.93694148,0.92870200,0.92201491,0.91738023,0.91502518,0.91490925,0.91676573,0.92016902,0.92461354,0.92958928,0.93464166,0.93940808,0.94362972,0.94714240,0.94985430,0.95171998,0.95271947,0.95284818,0.95211971,0.95057913,0.94832098,0.94550460,0.94235971,0.93917774,0.93628793,0.93402149,0.93266998,0.93244618,0.93345512,0.93568073,0.93899039,0.94315549,0.94788283,0.95284960,0.95773453,0.96223939,0.96609793,0.96907326,0.97094784,0.97151223,0.97055930,0.96788896,0.96332569,0.95674739,0.94812103,0.93753773,0.92523938,0.91162980,0.89726581,0.88282774,0.86907224,0.85677373,0.84666223,0.83936542,0.83536116,0.83494419,0.83820829,0.84504246,0.85513853,0.86800690,0.88299811,0.89932916,0.91611567,0.93241156,0.94725786,0.95974038,0.96905338,0.97456336,0.97586548,0.97282439,0.96559238,0.95460023,0.94051951
0.96647248,0.96776368,0.96931294,0.97132837,0.97391893,0.97702954,0.98040453,0.98359532,0.98601902,0.98706137,0.98620519,0.98315684,0.97794169,0.97094501,0.96288594,0.95472619,0.94752820,0.94228774,0.93977113,0.94038663,0.94411366,0.95050201,0.95874016,0.96777792,0.97647902,0.98377541,0.98879662,0.99095569,0.98998332,0.98591267,0.97902652,0.96978365,0.95874300,0.94650076,0.93365030,0.92076623,0.90840715,0.89712599,0.88747533,0.87999710,0.87519142,0.87346596,0.87507366,0.88005148,0.88817436,0.89893715,0.91157267,0.92510763,0.93845055,0.95050001,0.96025688,0.96692421,0.96998040,0.96921665,0.96473626,0.95691955,0.94636363,0.93380892,0.92006517,0.90594753,0.89222894,0.87961074,0.86870831,0.86004576,0.85405271,0.85105745,0.85127326,0.85477854,0.86149438,0.87116541,0.88335087,0.89743176,0.91263721,0.92809003,0.94286719,0.95606820,0.96688276,0.97464939,0.97889851,0.97937648,0.97605020,0.96909504,0.95887082,0.94589165,0.93079470,0.91431131,0.89724127,0.88042845,0.86473460,0.85100774,0.84004263,0.83253351,0.82902163,0.82984292,0.83508274,0.84454474,0.85773981,0.87389880,0.89200933,0.91087441
0.93517446,0.93666446,0.93867228,0.94094254,0.94319573,0.94519849,0.94681058,0.94800060,0.94883088,0.94941940,0.94989197,0.95033843,0.95078464,0.95118585,0.95144162,0.95142614,0.95102475,0.95016624,0.94884248,0.94711127,0.94508328,0.94289823,0.94069790,0.93860305,0.93669906,0.93503222,0.93361507,0.93243746,0.93147845,0.93071460,0.93012197,0.92967171,0.92932225,0.92901286,0.92866345,0.92818345,0.92748956,0.92652869,0.92530075,0.92387474,0.92239306,0.92106098,0.92012158,0.91982004,0.92036439,0.92189082,0.92444142,0.92795877,0.93229795,0.93725207,0.94258485,0.94806202,0.95347478,0.95865023,0.96344800,0.96774588,0.97142072,0.97433264,0.97631957,0.97720667,0.97683033,0.97507248,0.97189718,0.96738053,0.96172508,0.95525326,0.94837845,0.94155767,0.93523429,0.92978212,0.92546189,0.92239831,0.92058125,0.91988876,0.92012552,0.92106720,0.92250044,0.92425004,0.92618813,0.92822518,0.93028775,0.93229176,0.93412135,0.93562184,0.93661113,0.93690863,0.93637559,0.93495762,0.93271853,0.92985605,0.92669316,0.92364367,0.92115671,0.91964935,0.91944020,0.92069631,0.92340266,0.92735847,0.93219843,0.93743234
0.94926136,0.94331578,0.93347928,0.91999560,0.90329156,0.88396368,0.86277068,0.84062967,0.81860808,0.79789954,0.77977278,0.76548809,0.75618416,0.75274729,0.75568176,0.76500351,0.78017806,0.80011875,0.82325254,0.84764963,0.87120237,0.89182945,0.90767768,0.91729441,0.91975026,0.91470074,0.90238572,0.88357397,0.85946665,0.83157639,0.80159828,0.77128611,0.74234236,0.71632569,0.69457615,0.67815684,0.66781091,0.66393416,0.66656461,0.67539150,0.68978537,0.70885015,0.73149488,0.75652004,0.78271009,0.80892200,0.83415999,0.85762860,0.87875993,0.89721508,0.91286297,0.92574287,0.93601765,0.94392546,0.94973569,0.95371299,0.95609088,0.95705409,0.95672851,0.95517759,0.95240531,0.94836616,0.94298322,0.93617425,0.92788463,0.91812437,0.90700434,0.89476536,0.88179331,0.86861427,0.85586669,0.84425169,0.83446701,0.82713359,0.82272555,0.82151399,0.82353345,0.82857608,0.83621481,0.84585173,0.85678383,0.86827567,0.87962806,0.89023393,0.89961650,0.90744873,0.91355676,0.91791176,0.92061504,0.92187995,0.92201242,0.92138985,0.92043630,0.91959109,0.91926892,0.91981122,0.92143201,0.92416462,0.92781838,0.93195511
0.96037137,0.96883190,0.97623943,0.98247684,0.98751953,0.99140457,0.99419133,0.99592531,0.99661650,0.99623998,0.99476019,0.99217268,0.98855166,0.98408837,0.97910762,0.97405391,0.96944608,0.96580594,0.96357321,0.96302339,0.96420633,0.96692089,0.97073370,0.97504098,0.97916209,0.98244704,0.98437704,0.98463942,0.98316418,0.98011727,0.97585456,0.97084796,0.96560048,0.96056839,0.95610587,0.95244101,0.94968358,0.94785702,0.94694161,0.94691425,0.94777239,0.94953505,0.95222057,0.95580772,0.96019210,0.96515192,0.97033568,0.97527947,0.97945400,0.98233409,0.98347736,0.98259610,0.97960722,0.97464965,0.96806503,0.96034564,0.95206011,0.94377231,0.93596960,0.92901395,0.92312316,0.91838246,0.91477927,0.91224946,0.91072153,0.91014672,0.91050773,0.91180466,0.91402365,0.91709848,0.92087803,0.92511125,0.92945707,0.93352012,0.93690660,0.93928910,0.94046665,0.94040658,0.93925859,0.93733656,0.93507117,0.93294192,0.93140237,0.93081311,0.93139541,0.93321295,0.93618249,0.94010823,0.94472929,0.94976840,0.95497041,0.96012274,0.96505490,0.96961970,0.97366371,0.97699718,0.97937361,0.98048640,0.97998522,0.97750935
0.95685963,0.95605867,0.95311404,0.94836872,0.94236310,0.93573318,0.92909093,0.92291759,0.91749739,0.91290749,0.90906406,0.90580842,0.90300638,0.90063158,0.89880878,0.89780503,0.89796997,0.89963997,0.90303053,0.90814494,0.91472465,0.92225646,0.93003773,0.93728608,0.94326874,0.94742327,0.94944351,0.94931451,0.94729158,0.94383146,0.93949330,0.93483290,0.93031359,0.92625117,0.92280091,0.91998275,0.91773188,0.91595627,0.91458305,0.91358092,0.91295347,0.91270788,0.91281048,0.91314537,0.91349165,0.91353054,0.91288526,0.91118753,0.90815664,0.90367264,0.89782569,0.89092822,0.88348456,0.87612226,0.86949761,0.86419397,0.86063274,0.85901419,0.85929826,0.86122632,0.86437646,0.86823770,0.87228636,0.87604871,0.87913940,0.88127186,0.88224486,0.88191492,0.88016781,0.87690134,0.87202783,0.86549804,0.85734110,0.84770963,0.83691592,0.82544635,0.81394538,0.80316700,0.79389931,0.78687407,0.78267716,0.78167650,0.78398040,0.78943369,0.79765072,0.80807724,0.82006750,0.83296132,0.84614748,0.85910444,0.87141542,0.88276115,0.89289804,0.90163208,0.90879834,0.91425315,0.91788103,0.91961284,0.91944765,0.91746855
0.96923333,0.97577487,0.98084272,0.98431992,0.98603115,0.98573916,0.98318073,0.97813780,0.97052776,0.96048896,0.94843619,0.93506669,0.92130871,0.90821877,0.89684582,0.88808782,0.88256773,0.88055140,0.88192113,0.88620757,0.89267113,0.90041505,0.90850762,0.91609190,0.92246697,0.92713332,0.92980403,0.93038938,0.92896634,0.92574373,0.92103090,0.91521358,0.90873562,0.90208235,0.89575987,0.89026649,0.88605547,0.88349301,0.88281835,0.88411429,0.88729562,0.89211966,0.89821895,0.90515119,0.91245813,0.91972292,0.92661604,0.93292254,0.93854804,0.94350493,0.94788455,0.95182240,0.95546404,0.95893713,0.96233306,0.96569816,0.96903256,0.97229308,0.97539722,0.97822627,0.98062834,0.98242337,0.98341326,0.98339940,0.98220809,0.97972144,0.97590905,0.97085407,0.96476649,0.95797859,0.95092004,0.94407474,0.93792531,0.93289453,0.92929356,0.92728590,0.92687277,0.92790155,0.93009474,0.93309306,0.93650444,0.93995004,0.94310023,0.94569667,0.94756091,0.94859302,0.94876567,0.94811885,0.94675791,0.94485485,0.94264940,0.94044486,0.93859315,0.93746547,0.93740774,0.93868460,0.94141941,0.94554091,0.95074803,0.95650264
0.91656170,0.91962882,0.92393203,0.92949880,0.93619909,0.94372533,0.95159664,0.95919461,0.96583202,0.97084705,0.97370795,0.97410735,0.97202541,0.96774637,0.96182289,0.95499313,0.94806490,0.94178721,0.93673196,0.93320768,0.93122161,0.93049815,0.93054934,0.93078241,0.93062099,0.92961458,0.92751537,0.92430953,0.92020075,0.91555304,0.91080751,0.90639195,0.90264279,0.89975535,0.89777089,0.89659969,0.89606986,0.89598653,0.89618413,0.89655864,0.89707250,0.89773300,0.89855204,0.89949999,0.90046894,0.90125845,0.90159167,0.90116161,0.89969905,0.89704701,0.89322441,0.88846269,0.88320480,0.87806361,0.87374495,0.87094845,0.87026404,0.87208325,0.87654141,0.88350029,0.89257180,0.90317572,0.91461791,0.92617322,0.93715801,0.94698145,0.95517088,0.96137304,0.96533914,0.96690493,0.96597674,0.96253127,0.95663093,0.94845072,0.93830722,0.92667868,0.91420504,0.90166089,0.88989982,0.87977525,0.87204929,0.86730481,0.86587692,0.86781649,0.87289229,0.88063067,0.89038432,0.90141679,0.91298727,0.92442151,0.93515861,0.94476946,0.95294929,0.95949208,0.96425855,0.96714908,0.96809031,0.96703856,0.96399735,0.95904133
0.94652113,0.94660599,0.94883532,0.95325929,0.95946992,0.96666349,0.97378241,0.97971109,0.98348805,0.98449081,0.98255483,0.97800184,0.97157284,0.96428217,0.95722513,0.95137984,0.94744308,0.94573104,0.94616117,0.94831432,0.95155951,0.95521062,0.95867835,0.96158361,0.96380841,0.96547679,0.96687468,0.96833190,0.97009648,0.97223243,0.97456469,0.97668379,0.97800861,0.97789277,0.97575051,0.97117441,0.96401981,0.95443936,0.94286282,0.92992973,0.91639205,0.90300925,0.89045772,0.87927091,0.86981829,0.86232084,0.85689267,0.85359263,0.85246862,0.85358073,0.85699611,0.86275700,0.87083141,0.88106071,0.89312011,0.90650477,0.92054857,0.93447497,0.94747228,0.95878014,0.96777163,0.97401647,0.97731528,0.97770111,0.97541152,0.97083981,0.96447727,0.95685769,0.94851306,0.93994479,0.93160983,0.92391735,0.91722893,0.91185528,0.90804467,0.90596251,0.90566565,0.90707884,0.90998163,0.91401287,0.91869614,0.92348540,0.92782500,0.93121547,0.93327418,0.93378063,0.93269871,0.93017272,0.92649937,0.92208267,0.91738125,0.91285777,0.90893736,0.90597844,0.90425515,0.90394768,0.90513515,0.90778633,0.91174499,0.91671080
0.96035720,0.96122748,0.96339502,0.96679035,0.97094006,0.97502350,0.97801701,0.97889939,0.97687530,0.97156650,0.96312563,0.95224414,0.94004988,0.92791531,0.91721610,0.90908961,0.90424026,0.90282746,0.90445347,0.90824838,0.91303072,0.91750893,0.92048373,0.92101504,0.91852850,0.91285231,0.90419037,0.89304967,0.88014538,0.86630569,0.85239296,0.83924828,0.82765817,0.81833511,0.81190095,0.80886344,0.80958083,0.81421660,0.82269275,0.83465445,0.84945962,0.86620356,0.88378227,0.90099014,0.91664025,0.92969001,0.93935362,0.94518423,0.94711415,0.94544849,0.94081506,0.93407998,0.92624246,0.91832349,0.91126196,0.90582813,0.90256073,0.90172987,0.90332538,0.90706824,0.91244221,0.91874252,0.92513866,0.93074820,0.93471751,0.93630425,0.93495426,0.93036473,0.92252525,0.91173033,0.89856003,0.88382970,0.86851431,0.85365594,0.84026583,0.82923262,0.82124712,0.81675131,0.81591484,0.81863833,0.82457915,0.83319345,0.84378797,0.85557638,0.86773629,0.87946512,0.89003352,0.89883568,0.90543456,0.90959900,0.91132789,0.91085600,0.90863632,0.90529666,0.90157159,0.89821583,0.89590907,0.89516499,0.89625788,0.89917820
0.96690862,0.96456333,0.96319561,0.96260569,0.96228870,0.96157614,0.95980435,0.95647465,0.95137166,0.94461503,0.93663462,0.92807647,0.91966327,0.91204208,0.90565426,0.90065508,0.89689841,0.89398669,0.89137260,0.88848849,0.88487477,0.88027956,0.87470929,0.86842146,0.86186443,0.85558061,0.85009688,0.84582671,0.84300397,0.84165944,0.84164029,0.84266382,0.84438951,0.84649111,0.84871206,0.85089295,0.85296762,0.85493271,0.85680202,0.85856000,0.86012820,0.86135389,0.86202412,0.86190166,0.86077409,0.85850444,0.85507156,0.85059117,0.84531289,0.83959405,0.83385596,0.82853151,0.82401406,0.82061620,0.81854379,0.81788688,0.81862560,0.82064668,0.82376520,0.82774672,0.83232628,0.83722303,0.84215122,0.84682962,0.85099201,0.85440035,0.85686055,0.85823920,0.85847799,0.85760256,0.85572311,0.85302574,0.84975521,0.84619161,0.84262449,0.83932862,0.83654497,0.83446916,0.83324747,0.83297906,0.83372127,0.83549511,0.83828862,0.84205744,0.84672309,0.85217109,0.85825136,0.86478325,0.87156695,0.87840087,0.88510306,0.89153242,0.89760483,0.90329954,0.90865331,0.91374211,0.91865345,0.92345399,0.92815856,0.93270625
0.92585687,0.92818109,0.92941221,0.92978068,0.92946579,0.92858379,0.92719892,0.92535458,0.92311624,0.92061348,0.91806714,0.91579011,0.91415663,0.91354300,0.91425055,0.91642697,0.92000343,0.92466312,0.92985119,0.93482889,0.93876586,0.94085652,0.94043992,0.93710140,0.93073690,0.92156927,0.91011547,0.89711336,0.88342384,0.86992699,0.85743043,0.84660394,0.83794778,0.83179388,0.82833190,0.82764635,0.82975005,0.83460178,0.84210228,0.85207014,0.86420587,0.87805702,0.89299793,0.90823562,0.92284812,0.93585379,0.94630334,0.95337968,0.95648875,0.95532534,0.94990297,0.94054413,0.92783437,0.91255051,0.89557701,0.87782548,0.86017009,0.84340631,0.82823395,0.81525909,0.80500515,0.79792204,0.79438429,0.79467331,0.79894490,0.80718835,0.81918758,0.83449628,0.85243731,0.87213203,0.89255933,0.91263737,0.93131626,0.94766769,0.96095824,0.97069641,0.97664874,0.97882642,0.97744887,0.97289465,0.96565093,0.95627115,0.94534614,0.93348905,0.92132957,0.90951003,0.89867544,0.88945163,0.88240921,0.87801608,0.87658548,0.87822938,0.88282761,0.89002078,0.89923058,0.90970579,0.92058690,0.93097908,0.94002213,0.94694744
0.96513065,0.96489968,0.96431787,0.96320487,0.96118516,0.95780082,0.95265262,0.94553746,0.93655128,0.92613451,0.91504948,0.90429372,0.89496573,0.88810853,0.88455924,0.88482955,0.88903459,0.89687736,0.90768584,0.92049233,0.93413985,0.94739899,0.95908015,0.96812919,0.97369924,0.97519616,0.97230003,0.96496737,0.95341996,0.93812492,0.91976832,0.89922329,0.87751197,0.85576094,0.83514999,0.81685451,0.80198244,0.79150764,0.78620258,0.78657483,0.79281269,0.80474588,0.82182668,0.84313628,0.86741933,0.89314795,0.91861363,0.94204216,0.96172365,0.97614644,0.98412280,0.98489350,0.97820041,0.96431899,0.94404645,0.91864647,0.88975594,0.85926327,0.82917040,0.80145112,0.77791720,0.76010122,0.74916222,0.74581738,0.75030096,0.76234997,0.78121594,0.80570188,0.83422406,0.86489828,0.89564958,0.92434241,0.94892569,0.96758377,0.97888141,0.98188914,0.97627479,0.96234926,0.94105841,0.91391848,0.88289915,0.85026489,0.81838971,0.78956424,0.76581389,0.74874508,0.73943241,0.73835424,0.74537837,0.75979476,0.78038854,0.80554404,0.83337006,0.86183615,0.88891089,0.91269402,0.93153635,0.94414239,0.94965172,0.94769507
0.93763220,0.94358486,0.94844363,0.95228581,0.95529915,0.95766570,0.95945524,0.96056451,0.96072535,0.95958393,0.95683081,0.95234475,0.94630702,0.93925011,0.93202081,0.92565880,0.92121251,0.91952977,0.92106895,0.92577421,0.93304618,0.94181842,0.95072606,0.95833182,0.96336263,0.96490963,0.96255476,0.95640469,0.94703321,0.93535142,0.92243855,0.90937147,0.89708763,0.88630464,0.87750333,0.87096405,0.86683327,0.86519255,0.86610440,0.86961947,0.87574253,0.88436796,0.89520562,0.90772273,0.92112484,0.93439058,0.94636175,0.95587643,0.96192160,0.96377610,0.96111562,0.95405912,0.94314768,0.92926084,0.91348758,0.89697757,0.88080074,0.86583939,0.85272794,0.84184398,0.83334270,0.82721846,0.82337321,0.82167293,0.82197933,0.82415231,0.82802847,0.83338770,0.83992358,0.84723195,0.85482685,0.86218511,0.86881279,0.87431986,0.87848618,0.88130263,0.88297606,0.88389488,0.88456092,0.88550138,0.88717864,0.88991637,0.89385569,0.89894835,0.90498565,0.91165409,0.91860349,0.92551164,0.93213087,0.93830783,0.94397440,0.94911567,0.95372618,0.95776820,0.96114408,0.96369041,0.96519505,0.96543172,0.96420245,0.96137555
0.94699598,0.94147719,0.93713410,0.93411085,0.93219324,0.93087007,0.92945028,0.92721307,0.92356285,0.91815956,0.91099949,0.90243146,0.89310650,0.88387268,0.87563748,0.86922498,0.86525371,0.86405490,0.86564185,0.86973160,0.87581112,0.88323281,0.89131936,0.89945753,0.90716403,0.91411430,0.92013439,0.92516385,0.92920335,0.93226165,0.93431530,0.93529016,0.93506857,0.93352006,0.93054766,0.92613807,0.92040281,0.91359928,0.90612572,0.89848973,0.89125559,0.88497968,0.88014539,0.87710850,0.87606218,0.87702644,0.87986209,0.88430442,0.89000813,0.89659376,0.90368696,0.91094472,0.91806662,0.92479289,0.93089418,0.93615982,0.94039118,0.94340496,0.94504820,0.94522271,0.94391346,0.94121357,0.93733859,0.93262429,0.92750537,0.92247637,0.91803987,0.91465001,0.91266109,0.91228991,0.91359810,0.91649621,0.92076739,0.92610467,0.93215408,0.93855547,0.94497421,0.95111968,0.95674987,0.96166498,0.96569581,0.96869337,0.97052577,0.97108522,0.97030478,0.96818095,0.96479588,0.96033224,0.95507453,0.94939323,0.94371168,0.93845966,0.93402091,0.93068395,0.92860503,0.92778967,0.92809561,0.92925505,0.93091088,0.93265870
0.95609308,0.95379344,0.94980582,0.94416531,0.93674786,0.92736481,0.91589731,0.90243602,0.88738870,0.87152459,0.85593857,0.84193682,0.83086369,0.82390293,0.82189150,0.82518107,0.83357166,0.84632735,0.86226810,0.87991837,0.89768490,0.91403351,0.92763896,0.93749027,0.94294503,0.94373633,0.93994382,0.93194361,0.92035121,0.90596708,0.88972898,0.87266914,0.85587147,0.84042262,0.82735377,0.81757336,0.81179607,0.81047664,0.81375899,0.82145019,0.83302567,0.84766743,0.86433114,0.88183374,0.89895034,0.91450853,0.92747086,0.93699901,0.94249728,0.94363619,0.94035871,0.93287268,0.92163209,0.90730884,0.89075504,0.87295550,0.85497033,0.83786935,0.82266223,0.81023073,0.80127026,0.79624789,0.79538200,0.79864554,0.80579122,0.81639322,0.82989732,0.84567043,0.86304173,0.88133061,0.89986121,0.91796722,0.93499361,0.95030278,0.96329091,0.97341743,0.98024607,0.98349176,0.98306449,0.97909994,0.97196796,0.96225359,0.95071068,0.93819427,0.92558168,0.91369529,0.90323833,0.89475267,0.88860171,0.88497691,0.88392093,0.88535800,0.88912123,0.89496902,0.90258696,0.91157708,0.92144143,0.93157001,0.94124327,0.94965691
0.86851795,0.86398382,0.86309013,0.86585951,0.87197949,0.88089610,0.89191030,0.90426104,0.91718677,0.92996533,0.94193788,0.95252505,0.96124281,0.96772223,0.97173308,0.97320705,0.97225291,0.96915557,0.96435288,0.95838957,0.95185360,0.94530611,0.93921809,0.93392562,0.92961111,0.92631184,0.92395138,0.92238500,0.92144805,0.92099620,0.92092953,0.92119709,0.92178455,0.92269231,0.92391348,0.92542077,0.92716700,0.92909938,0.93118260,0.93342267,0.93588215,0.93867932,0.94196733,0.94589526,0.95055819,0.95594782,0.96191652,0.96816544,0.97426281,0.97969153,0.98391883,0.98647568,0.98703103,0.98544661,0.98180205,0.97638595,0.96965559,0.96217431,0.95453939,0.94731388,0.94097377,0.93587692,0.93225464,0.93022133,0.92979421,0.93091370,0.93345708,0.93724160,0.94201824,0.94746166,0.95316454,0.95864437,0.96336868,0.96679997,0.96845652,0.96798008,0.96519813,0.96016768,0.95319019,0.94479210,0.93567239,0.92662470,0.91844647,0.91184952,0.90738536,0.90539549,0.90599144,0.90906352,0.91431220,0.92129246,0.92946099,0.93821814,0.94694037,0.95500357,0.96180114,0.96676246,0.96937682,0.96922586,0.96602327,0.95965699
0.99327507,0.99144105,0.99042864,0.99050174,0.99158313,0.99329176,0.99504392,0.99619584,0.99619513,0.99470668,0.99168499,0.98737912,0.98227327,0.97698081,0.97211918,0.96819493,0.96552324,0.96419662,0.96410468,0.96499483,0.96655430,0.96849052,0.97058911,0.97273717,0.97490998,0.97712972,0.97941127,0.98171280,0.98390601,0.98577532,0.98704671,0.98743905,0.98672449,0.98478203,0.98163074,0.97743444,0.97247762,0.96711938,0.96173703,0.95667224,0.95219116,0.94846511,0.94557282,0.94351951,0.94226403,0.94174402,0.94189126,0.94263334,0.94388332,0.94552315,0.94738908,0.94926705,0.95090320,0.95203070,0.95240861,0.95186483,0.95033249,0.94787001,0.94465858,0.94097616,0.93715298,0.93351795,0.93034743,0.92782726,0.92603551,0.92494866,0.92446805,0.92445867,0.92478915,0.92536230,0.92612824,0.92707824,0.92822233,0.92955913,0.93104807,0.93259363,0.93404828,0.93523567,0.93599007,0.93620289,0.93586407,0.93508603,0.93410178,0.93323444,0.93284315,0.93325593,0.93470377,0.93727001,0.94086600,0.94523834,0.95000616,0.95472010,0.95892975,0.96224423,0.96437243,0.96513491,0.96444701,0.96228037,0.95861551,0.95340030
0.98043519,0.98384142,0.98686064,0.98926035,0.99068698,0.99069833,0.98882859,0.98467869,0.97801671,0.96886796,0.95757317,0.94479804,0.93148637,0.91876019,0.90778129,0.89959611,0.89498932,0.89436998,0.89770817,0.90453154,0.91398079,0.92491338,0.93603769,0.94605607,0.95379623,0.95831489,0.95896489,0.95542423,0.94769212,0.93606067,0.92107257,0.90347292,0.88416093,0.86414327,0.84448762,0.82627350,0.81053741,0.79821131,0.79005651,0.78659853,0.78807111,0.79437859,0.80508501,0.81943509,0.83640794,0.85479958,0.87332587,0.89073436,0.90591215,0.91797771,0.92634661,0.93076520,0.93131063,0.92835996,0.92253439,0.91462693,0.90552253,0.89611893,0.88725560,0.87965576,0.87388464,0.87032471,0.86916716,0.87041757,0.87391332,0.87935023,0.88631569,0.89432565,0.90286289,0.91141389,0.91950234,0.92671779,0.93273831,0.93734652,0.94043809,0.94202247,0.94221565,0.94122585,0.93933306,0.93686418,0.93416501,0.93157095,0.92937808,0.92781737,0.92703469,0.92707953,0.92790429,0.92937485,0.93129163,0.93341875,0.93551791,0.93738252,0.93886676,0.93990499,0.94051727,0.94079974,0.94090067,0.94098587,0.94119890,0.94162236
0.95396165,0.95093801,0.94668649,0.94166591,0.93627728,0.93082561,0.92551449,0.92047301,0.91580506,0.91164412,0.90819385,0.90573848,0.90461565,0.90515515,0.90759727,0.91201053,0.91823002,0.92583403,0.93416955,0.94242697,0.94975356,0.95538553,0.95877323,0.95967372,0.95819185,0.95476130,0.95006983,0.94494375,0.94021394,0.93658780,0.93454922,0.93430162,0.93576027,0.93859022,0.94227764,0.94621768,0.94980079,0.95248277,0.95383016,0.95353916,0.95143299,0.94744634,0.94160685,0.93402184,0.92487485,0.91443157,0.90305044,0.89119024,0.87940648,0.86833039,0.85862820,0.85094370,0.84583107,0.84368873,0.84470544,0.84882851,0.85576033,0.86498494,0.87582077,0.88749198,0.89920773,0.91023821,0.91997769,0.92798777,0.93401810,0.93800539,0.94005452,0.94040717,0.93940393,0.93744501,0.93495346,0.93234341,0.92999383,0.92822751,0.92729441,0.92735853,0.92848875,0.93065434,0.93372660,0.93748764,0.94164634,0.94586087,0.94976614,0.95300383,0.95525280,0.95625693,0.95584822,0.95396297,0.95065012,0.94607135,0.94049324,0.93427193,0.92783083,0.92163172,0.91614023,0.91178720,0.90892858,0.90780702,0.90851915,0.91099240
0.95970916,0.95914562,0.95878254,0.95876181,0.95906370,0.95955504,0.96005688,0.96041677,0.96056896,0.96056810,0.96058744,0.96088125,0.96171962,0.96331093,0.96573019,0.96887023,0.97242766,0.97592823,0.97878801,0.98039939,0.98022588,0.97788778,0.97322269,0.96631067,0.95746122,0.94716753,0.93603903,0.92472678,0.91385518,0.90397060,0.89551208,0.88880375,0.88406389,0.88142242,0.88093800,0.88260774,0.88636644,0.89207624,0.89951181,0.90834826,0.91815904,0.92842903,0.93858452,0.94803759,0.95623897,0.96273081,0.96719084,0.96946054,0.96955339,0.96764281,0.96403330,0.95912070,0.95334893,0.94716984,0.94101132,0.93525586,0.93022917,0.92619652,0.92336286,0.92187353,0.92181302,0.92320135,0.92598907,0.93005336,0.93519804,0.94115990,0.94762239,0.95423612,0.96064366,0.96650526,0.97152157,0.97545015,0.97811412,0.97940299,0.97926721,0.97770938,0.97477489,0.97054479,0.96513218,0.95868222,0.95137425,0.94342385,0.93508196,0.92662942,0.91836583,0.91059367,0.90359943,0.89763478,0.89290037,0.88953463,0.88760868,0.88712719,0.88803380,0.89021874,0.89352626,0.89775966,0.90268312,0.90802088,0.91345566,0.91862920
0.94370948,0.94435530,0.94658641,0.95038435,0.95544534,0.96121305,0.96695583,0.97187917,0.97525565,0.97654916,0.97550902,0.97221449,0.96706061,0.96068850,0.95387471,0.94740198,0.94193567,0.93792794,0.93556547,0.93476712,0.93522867,0.93650188,0.93808924,0.93953389,0.94048731,0.94074486,0.94024758,0.93905651,0.93731107,0.93518435,0.93284689,0.93044651,0.92810602,0.92593525,0.92404938,0.92258398,0.92169833,0.92156282,0.92233146,0.92410538,0.92689646,0.93060139,0.93499419,0.93974197,0.94444319,0.94868263,0.95209294,0.95441086,0.95551719,0.95545269,0.95440752,0.95268689,0.95066000,0.94870230,0.94714152,0.94621645,0.94605407,0.94666641,0.94796449,0.94978337,0.95191141,0.95411742,0.95617165,0.95785909,0.95898657,0.95938664,0.95892209,0.95749423,0.95505606,0.95162906,0.94731980,0.94233094,0.93696135,0.93159121,0.92665112,0.92257720,0.91975765,0.91847839,0.91887646,0.92090923,0.92434523,0.92877904,0.93366849,0.93838919,0.94229868,0.94480179,0.94540943,0.94378481,0.93977327,0.93341484,0.92494004,0.91475193,0.90339725,0.89153019,0.87987088,0.86916011,0.86011057,0.85335502,0.84939263,0.84853587
0.94993195,0.94651374,0.94460299,0.94420532,0.94515985,0.94718661,0.94993839,0.95305268,0.95619929,0.95911878,0.96164630,0.96371692,0.96535116,0.96662375,0.96762220,0.96840380,0.96896032,0.96919810,0.96893894,0.96794386,0.96595726,0.96276394,0.95824760,0.95243767,0.94553272,0.93789427,0.93001033,0.92243535,0.91571700,0.91032297,0.90658062,0.90463985,0.90446515,0.90585704,0.90849696,0.91200510,0.91599842,0.92013743,0.92415408,0.92785833,0.93112642,0.93387760,0.93604842,0.93757358,0.93837980,0.93839554,0.93757420,0.93592424,0.93353714,0.93060366,0.92741171,0.92432283,0.92172958,0.92000062,0.91942320,0.92015432,0.92219045,0.92536212,0.92935501,0.93375357,0.93809874,0.94194924,0.94493514,0.94679553,0.94739488,0.94671822,0.94484882,0.94193593,0.93816113,0.93371144,0.92876445,0.92348695,0.91804459,0.91261693,0.90741085,0.90266603,0.89864801,0.89562767,0.89384993,0.89349709,0.89465488,0.89728892,0.90123805,0.90622712,0.91189805,0.91785398,0.92370854,0.92913147,0.93388282,0.93783026,0.94094743,0.94329526,0.94499078,0.94617084,0.94695784,0.94743401,0.94762756,0.94751148,0.94701219,0.94602393
0.85958333,0.84908810,0.84173250,0.83824361,0.83905273,0.84424160,0.85351115,0.86618288,0.88124183,0.89742469,0.91334822,0.92766353,0.93921439,0.94717427,0.95113993,0.95116589,0.94773434,0.94166514,0.93398079,0.92574871,0.91792792,0.91124638,0.90612888,0.90268483,0.90075232,0.89998368,0.89995077,0.90024688,0.90056534,0.90074226,0.90075953,0.90071339,0.90076096,0.90106115,0.90172604,0.90279426,0.90423060,0.90594807,0.90784276,0.90982867,0.91186062,0.91393747,0.91608367,0.91831383,0.92059053,0.92278830,0.92467623,0.92592766,0.92615898,0.92499203,0.92212877,0.91742287,0.91093318,0.90294678,0.89396587,0.88465953,0.87578877,0.86811820,0.86232923,0.85894891,0.85830366,0.86050162,0.86544163,0.87284178,0.88227850,0.89322680,0.90509508,0.91725168,0.92904493,0.93982151,0.94894930,0.95584958,0.96004006,0.96118560,0.95914959,0.95403566,0.94620909,0.93628907,0.92510757,0.91363658,0.90289190,0.89382674,0.88723110,0.88365186,0.88334522,0.88626677,0.89209817,0.90030320,0.91020163,0.92104780,0.93210146,0.94268211,0.95220258,0.96018308,0.96625092,0.97013348,0.97165140,0.97071722,0.96734021,0.96163517
0.97172053,0.96648836,0.96156010,0.95723100,0.95360045,0.95062708,0.94819452,0.94617335,0.94446744,0.94303752,0.94190018,0.94110594,0.94070438,0.94070657,0.94105502,0.94160903,0.94214915,0.94239988,0.94206602,0.94087523,0.93861904,0.93518516,0.93057591,0.92491098,0.91841531,0.91139601,0.90421358,0.89725264,0.89089640,0.88550672,0.88140980,0.87888587,0.87816052,0.87939567,0.88267856,0.88800875,0.89528454,0.90429145,0.91469665,0.92605261,0.93781277,0.94935976,0.96004487,0.96923531,0.97636487,0.98098233,0.98279243,0.98168493,0.97774841,0.97126756,0.96270404,0.95266297,0.94184793,0.93100843,0.92088407,0.91214990,0.90536726,0.90094393,0.89910660,0.89988786,0.90312841,0.90849443,0.91550855,0.92359163,0.93211184,0.94043632,0.94798114,0.95425510,0.95889395,0.96168259,0.96256399,0.96163488,0.95912952,0.95539362,0.95085145,0.94596867,0.94121400,0.93702191,0.93375887,0.93169526,0.93098506,0.93165512,0.93360506,0.93661812,0.94038247,0.94452157,0.94863110,0.95231939,0.95524715,0.95716226,0.95792532,0.95752285,0.95606627,0.95377660,0.95095662,0.94795344,0.94511575,0.94275006,0.94108047,0.94021555
0.98170127,0.97814958,0.97377106,0.96917994,0.96493444,0.96144336,0.95890154,0.95727218,0.95632316,0.95571070,0.95509028,0.95422600,0.95306939,0.95178578,0.95071969,0.95030575,0.95094478,0.95287355,0.95605941,0.96014673,0.96447178,0.96814750,0.97020323,0.96975131,0.96614594,0.95910151,0.94874737,0.93561033,0.92053172,0.90453885,0.88869898,0.87398549,0.86118115,0.85083332,0.84326220,0.83861060,0.83691411,0.83816711,0.84236359,0.84950025,0.85954097,0.87235338,0.88763630,0.90486084,0.92324557,0.94177914,0.95929284,0.97457415,0.98650232,0.99418192,0.99705003,0.99493845,0.98808137,0.97707002,0.96276577,0.94618998,0.92841172,0.91045213,0.89321823,0.87747051,0.86381995,0.85274374,0.84460573,0.83966903,0.83809266,0.83991103,0.84500181,0.85305267,0.86353991,0.87573035,0.88871384,0.90146689,0.91294129,0.92216531,0.92834157,0.93092617,0.92967672,0.92466354,0.91624477,0.90501291,0.89172388,0.87722147,0.86236815,0.84799034,0.83484105,0.82357852,0.81475585,0.80881492,0.80607911,0.80674158,0.81085009,0.81829242,0.82878822,0.84189295,0.85701732,0.87346209,0.89046469,0.90725093,0.92308407,0.93730364
0.90387056,0.90110771,0.90023994,0.90094969,0.90276103,0.90518210,0.90782766,0.91049646,0.91319062,0.91607916,0.91942079,0.92346930,0.92838706,0.93418777,0.94072053,0.94769626,0.95474660,0.96149786,0.96764050,0.97297723,0.97744025,0.98107691,0.98401116,0.98639345,0.98835318,0.98996577,0.99124152,0.99213737,0.99258593,0.99253192,0.99196439,0.99093495,0.98955668,0.98798443,0.98638205,0.98488564,0.98357252,0.98244392,0.98142573,0.98038718,0.97917255,0.97763815,0.97568549,0.97328317,0.97047314,0.96736124,0.96409551,0.96083824,0.95773859,0.95491169,0.95242805,0.95031415,0.94856199,0.94714338,0.94602391,0.94517267,0.94456575,0.94418402,0.94400745,0.94400935,0.94415342,0.94439587,0.94469284,0.94501169,0.94534290,0.94570848,0.94616351,0.94678915,0.94767794,0.94891457,0.95055650,0.95261904,0.95506826,0.95782381,0.96077100,0.96377975,0.96672588,0.96950935,0.97206513,0.97436383,0.97640287,0.97819095,0.97973079,0.98100502,0.98196937,0.98255544,0.98268260,0.98227671,0.98129081,0.97972221,0.97762112,0.97508765,0.97225743,0.96927864,0.96628558,0.96337442,0.96058591,0.95789840,0.95523159,0.95245934
0.92536922,0.93697091,0.94622394,0.95329266,0.95846152,0.96205147,0.96435348,0.96558928,0.96590182,0.96537110,0.96404566,0.96197796,0.95925295,0.95600238,0.95240227,0.94865590,0.94496795,0.94151782,0.93843912,0.93581044,0.93365845,0.93197103,0.93071546,0.92985537,0.92936098,0.92920890,0.92937064,0.92979256,0.93037247,0.93094011,0.93124822,0.93097930,0.92976943,0.92724691,0.92308071,0.91703138,0.90899684,0.89904609,0.88743553,0.87460496,0.86115347,0.84779764,0.83531678,0.82449075,0.81603577,0.81054317,0.80842560,0.80987458,0.81483304,0.82298588,0.83377084,0.84641057,0.85996513,0.87340240,0.88568125,0.89584011,0.90308185,0.90684487,0.90685168,0.90312848,0.89599364,0.88601667,0.87395395,0.86066991,0.84705461,0.83394800,0.82207978,0.81203002,0.80421160,0.79887154,0.79610523,0.79587708,0.79804137,0.80235979,0.80851451,0.81611848,0.82472632,0.83384978,0.84298099,0.85162410,0.85933319,0.86575104,0.87064174,0.87390979,0.87560070,0.87588128,0.87500236,0.87325049,0.87089831,0.86816373,0.86518689,0.86202998,0.85869983,0.85518745,0.85151450,0.84777430,0.84415586,0.84094281,0.83848447,0.83714234
0.98342930,0.99177098,0.99742350,0.99990158,0.99879598,0.99385513,0.98505291,0.97263135,0.95711192,0.93927493,0.92011164,0.90075613,0.88240554,0.86623528,0.85331461,0.84452596,0.84049096,0.84150661,0.84749641,0.85798289,0.87208843,0.88857094,0.90589827,0.92236024,0.93621196,0.94583518,0.94990062,0.94751174,0.93831166,0.92253904,0.90102509,0.87513083,0.84663183,0.81756327,0.79004311,0.76609255,0.74747161,0.73554417,0.73118170,0.73470948,0.74589500,0.76397516,0.78771713,0.81550720,0.84546151,0.87555285,0.90374704,0.92814239,0.94710439,0.95938686,0.96422982,0.96142423,0.95133549,0.93488014,0.91345527,0.88882481,0.86297241,0.83793440,0.81562928,0.79770057,0.78538819,0.77944020,0.78007155,0.78697117,0.79935378,0.81604847,0.83561363,0.85646630,0.87701402,0.89577835,0.91150103,0.92322616,0.93035455,0.93266824,0.93032538,0.92382704,0.91395902,0.90171346,0.88819646,0.87452968,0.86175441,0.85074669,0.84215121,0.83633987,0.83339854,0.83314263,0.83515892,0.83886827,0.84360154,0.84867993,0.85349069,0.85755019,0.86054824,0.86236969,0.86309178,0.86295862,0.86233603,0.86165201,0.86132910,0.86171537
0.97135536,0.97609633,0.97894219,0.97949515,0.97744467,0.97260645,0.96495950,0.95467955,0.94216421,0.92804210,0.91315679,0.89851870,0.88522278,0.87433727,0.86677615,0.86317258,0.86377379,0.86837628,0.87631663,0.88652556,0.89764309,0.90818126,0.91671120,0.92204561,0.92338783,0.92042468,0.91335087,0.90282452,0.88986462,0.87570994,0.86166324,0.84894525,0.83857841,0.83131322,0.82759981,0.82759898,0.83121996,0.83816989,0.84800181,0.86015241,0.87396743,0.88871812,0.90361638,0.91783758,0.93055807,0.94101049,0.94855348,0.95274701,0.95341962,0.95071314,0.94509209,0.93731055,0.92833703,0.91924532,0.91108654,0.90476139,0.90091222,0.89985142,0.90153637,0.90559314,0.91138310,0.91809964,0.92487854,0.93090434,0.93549818,0.93817720,0.93868162,0.93697194,0.93320282,0.92768290,0.92082990,0.91312820,0.90509281,0.89724011,0.89006263,0.88400443,0.87943398,0.87661395,0.87567045,0.87656674,0.87908806,0.88284408,0.88729369,0.89179325,0.89566535,0.89828058,0.89914147,0.89795588,0.89468788,0.88957701,0.88312162,0.87602754,0.86912894,0.86329202,0.85931457,0.85783422,0.85925566,0.86370344,0.87100283,0.88068737
0.90007881,0.88031627,0.86189090,0.84589750,0.83305465,0.82370329,0.81786105,0.81531086,0.81569770,0.81860753,0.82361041,0.83026144,0.83806689,0.84643436,0.85463153,0.86177672,0.86687674,0.86891599,0.86698733,0.86044414,0.84904506,0.83306073,0.81331646,0.79115464,0.76831603,0.74675463,0.72841402,0.71500048,0.70778827,0.70748579,0.71417985,0.72736152,0.74602338,0.76880739,0.79417579,0.82057682,0.84658161,0.87097763,0.89281527,0.91141378,0.92634017,0.93737649,0.94448927,0.94780966,0.94762608,0.94438487,0.93868973,0.93128915,0.92304311,0.91486541,0.90764484,0.90215538,0.89896997,0.89839400,0.90043189,0.90479476,0.91094954,0.91820232,0.92580166,0.93304446,0.93936635,0.94440216,0.94800893,0.95025114,0.95135536,0.95164651,0.95147980,0.95118146,0.95100755,0.95112506,0.95161370,0.95248236,0.95369147,0.95517274,0.95684017,0.95859036,0.96029447,0.96178730,0.96286014,0.96326288,0.96271848,0.96094879,0.95770737,0.95281244,0.94617223,0.93779631,0.92778987,0.91633232,0.90364566,0.88996140,0.87549490,0.86043441,0.84494800,0.82920647,0.81341573,0.79784909,0.78286877,0.76892779,0.75654711,0.74626861
0.98024585,0.98191116,0.98257711,0.98178654,0.97917779,0.97460884,0.96823627,0.96053363,0.95224549,0.94428634,0.93760415,0.93303559,0.93118011,0.93231494,0.93636276,0.94291287,0.95128664,0.96063147,0.97002463,0.97856934,0.98546962,0.99007668,0.99190719,0.99064051,0.98610602,0.97827190,0.96724361,0.95327412,0.93678210,0.91836900,0.89882403,0.87910653,0.86029919,0.84353107,0.82987635,0.82024109,0.81525410,0.81517948,0.81986533,0.82873806,0.84084439,0.85493583,0.86958466,0.88331628,0.89474169,0.90267574,0.90623021,0.90487579,0.89847172,0.88726542,0.87186633,0.85319854,0.83243643,0.81092640,0.79009778,0.77136586,0.75603141,0.74518292,0.73960961,0.73973449,0.74557670,0.75674974,0.77249871,0.79177417,0.81333526,0.83587008,0.85811850,0.87898232,0.89760940,0.91344306,0.92623368,0.93601583,0.94305883,0.94780170,0.95078348,0.95257805,0.95373963,0.95476122,0.95604555,0.95788548,0.96045078,0.96377862,0.96776791,0.97217981,0.97664866,0.98070776,0.98383247,0.98549975,0.98525890,0.98280435,0.97803892,0.97111539,0.96244612,0.95267549,0.94261568,0.93315330,0.92513999,0.91928302,0.91605204,0.91561547
0.98031123,0.98260549,0.98406803,0.98459851,0.98400962,0.98208943,0.97867690,0.97373436,0.96740082,0.96001294,0.95208714,0.94426421,0.93722616,0.93160080,0.92787200,0.92631180,0.92694595,0.92955778,0.93372845,0.93890565,0.94448828,0.94991235,0.95472390,0.95862713,0.96150163,0.96338852,0.96445158,0.96492344,0.96504873,0.96503481,0.96501810,0.96504974,0.96510075,0.96508311,0.96488074,0.96438281,0.96351192,0.96224150,0.96059933,0.95865775,0.95651380,0.95426440,0.95198229,0.94969786,0.94739072,0.94499280,0.94240260,0.93950775,0.93621111,0.93245468,0.92823627,0.92361504,0.91870492,0.91365691,0.90863377,0.90378210,0.89920755,0.89495888,0.89102508,0.88734697,0.88384192,0.88043692,0.87710333,0.87388605,0.87092049,0.86843298,0.86672260,0.86612628,0.86697193,0.86952734,0.87395375,0.88027217,0.88834819,0.89789695,0.90850639,0.91967390,0.93084962,0.94147922,0.95104002,0.95906607,0.96516107,0.96900123,0.97033295,0.96897149,0.96480566,0.95781133,0.94807274,0.93580758,0.92138908,0.90535789,0.88841638,0.87140062,0.85522878,0.84082977,0.82906020,0.82062136,0.81598836,0.81536141,0.81864540,0.82545896
0.96461515,0.96759682,0.96991178,0.97181391,0.97334473,0.97430091,0.97427852,0.97278435,0.96938744,0.96387272,0.95635742,0.94733894,0.93765936,0.92839103,0.92066615,0.91548491,0.91354049,0.91509452,0.91992499,0.92735373,0.93634548,0.94565775,0.95401352,0.96026669,0.96353512,0.96328457,0.95935819,0.95195669,0.94158183,0.92895904,0.91495428,0.90049611,0.88650924,0.87386120,0.86332048,0.85552326,0.85094560,0.84987977,0.85241539,0.85842815,0.86758008,0.87933494,0.89299037,0.90772575,0.92266187,0.93692670,0.94972060,0.96037472,0.96839718,0.97350316,0.97562703,0.97491638,0.97170952,0.96649893,0.95988407,0.95251712,0.94504567,0.93805744,0.93203207,0.92730558,0.92405143,0.92228087,0.92186227,0.92255678,0.92406482,0.92607643,0.92831706,0.93058129,0.93274921,0.93478345,0.93670932,0.93858360,0.94045980,0.94235784,0.94424461,0.94602942,0.94757458,0.94871800,0.94930161,0.94919829,0.94833052,0.94667707,0.94426759,0.94116870,0.93746756,0.93325898,0.92864124,0.92372247,0.91863604,0.91355986,0.90873151,0.90445074,0.90106282,0.89892016,0.89832606,0.89946905,0.90236032,0.90678786,0.91229856,0.91821598
0.87105236,0.87505988,0.88132090,0.88975974,0.89983905,0.91065363,0.92109586,0.93005620,0.93661686,0.94020021,0.94064631,0.93821085,0.93349213,0.92730967,0.92056411,0.91410759,0.90864654,0.90468730,0.90252314,0.90225233,0.90381283,0.90702074,0.91160367,0.91722624,0.92350938,0.93004810,0.93643302,0.94227901,0.94726063,0.95114966,0.95384594,0.95539180,0.95596291,0.95583390,0.95532370,0.95473154,0.95427699,0.95405708,0.95402948,0.95402530,0.95378824,0.95303097,0.95149557,0.94900454,0.94549137,0.94100604,0.93569735,0.92977988,0.92349643,0.91708666,0.91076949,0.90474198,0.89919166,0.89431457,0.89032904,0.88747548,0.88599679,0.88610004,0.88790676,0.89140378,0.89640857,0.90256065,0.90934572,0.91615216,0.92235149,0.92738873,0.93086448,0.93259182,0.93261567,0.93119076,0.92872341,0.92569047,0.92255292,0.91968249,0.91731519,0.91553975,0.91431971,0.91354079,0.91306873,0.91280128,0.91270003,0.91279428,0.91315737,0.91386393,0.91494176,0.91633407,0.91788488,0.91935460,0.92046489,0.92096343,0.92069337,0.91964926,0.91800353,0.91609382,0.91437067,0.91331484,0.91334076,0.91470664,0.91745026,0.92136420
0.92789653,0.92861616,0.93131862,0.93585812,0.94174749,0.94824135,0.95445996,0.95953516,0.96275528,0.96368413,0.96223265,0.95867002,0.95357306,0.94772494,0.94198380,0.93714649,0.93383163,0.93240122,0.93293207,0.93523855,0.93893903,0.94354958,0.94858393,0.95363801,0.95844238,0.96287439,0.96693214,0.97068087,0.97418814,0.97746511,0.98042903,0.98289594,0.98460573,0.98527347,0.98465494,0.98261063,0.97915284,0.97446450,0.96888519,0.96286692,0.95690926,0.95148697,0.94698450,0.94364979,0.94157479,0.94070469,0.94087116,0.94184060,0.94336547,0.94522759,0.94726509,0.94937937,0.95152384,0.95368004,0.95582967,0.95793108,0.95990722,0.96164828,0.96302860,0.96393309,0.96428623,0.96407571,0.96336436,0.96228648,0.96102897,0.95980085,0.95879773,0.95816883,0.95799372,0.95827329,0.95893674,0.95986257,0.96090841,0.96194318,0.96287447,0.96366569,0.96434003,0.96497124,0.96566406,0.96652911,0.96765765,0.96910135,0.97086055,0.97288245,0.97506853,0.97728845,0.97939687,0.98124954,0.98271585,0.98368676,0.98407839,0.98383261,0.98291667,0.98132312,0.97907084,0.97620661,0.97280577,0.96897007,0.96482082,0.96048657
0.93511670,0.94487573,0.95348217,0.96071231,0.96620487,0.96953196,0.97031064,0.96832922,0.96365687,0.95670719,0.94823524,0.93926289,0.93094364,0.92439225,0.92051232,0.91985503,0.92253506,0.92821836,0.93618192,0.94543295,0.95486433,0.96341725,0.97022242,0.97469694,0.97658469,0.97594048,0.97306972,0.96844220,0.96260114,0.95608524,0.94937576,0.94287240,0.93689484,0.93170078,0.92750856,0.92451282,0.92288515,0.92275743,0.92419167,0.92714494,0.93144047,0.93675488,0.94262850,0.94850039,0.95376455,0.95783899,0.96023629,0.96062351,0.95886148,0.95501720,0.94934875,0.94226681,0.93428090,0.92594020,0.91777857,0.91027121,0.90380763,0.89868127,0.89509313,0.89316376,0.89294745,0.89444280,0.89759659,0.90230039,0.90838212,0.91559672,0.92362058,0.93205454,0.94043827,0.94827721,0.95508006,0.96040250,0.96389090,0.96531947,0.96461519,0.96186696,0.95731767,0.95134049,0.94440238,0.93701973,0.92971169,0.92295690,0.91715855,0.91262076,0.90953715,0.90799050,0.90796130,0.90934203,0.91195459,0.91556827,0.91991659,0.92471185,0.92965719,0.93445673,0.93882482,0.94249521,0.94523079,0.94683363,0.94715429,0.94609937
0.82340428,0.80750459,0.79541920,0.78770267,0.78441852,0.78521278,0.78944652,0.79635852,0.80522329,0.81547152,0.82674946,0.83890887,0.85193637,0.86584555,0.88056294,0.89583902,0.91120760,0.92600482,0.93944450,0.95073373,0.95920324,0.96442375,0.96628271,0.96500509,0.96111503,0.95534841,0.94853657,0.94148631,0.93487994,0.92921231,0.92477236,0.92166613,0.91986942,0.91929300,0.91984216,0.92145587,0.92411766,0.92783861,0.93262022,0.93841011,0.94506459,0.95232974,0.95984727,0.96718519,0.97388678,0.97952756,0.98376823,0.98639296,0.98732656,0.98662891,0.98447048,0.98109635,0.97678791,0.97183038,0.96649191,0.96101551,0.95562184,0.95051756,0.94590331,0.94197585,0.93892128,0.93689935,0.93602184,0.93633012,0.93777791,0.94022415,0.94343872,0.94712081,0.95092661,0.95450132,0.95750989,0.95966186,0.96072788,0.96054763,0.95903129,0.95615763,0.95197215,0.94658765,0.94018787,0.93303248,0.92545983,0.91788293,0.91077442,0.90463838,0.89996987,0.89720608,0.89667596,0.89855614,0.90284056,0.90932935,0.91763915,0.92723362,0.93746939,0.94764995,0.95707940,0.96510834,0.97116705,0.97478458,0.97559574,0.97334090
0.96144052,0.95658866,0.95309529,0.95129769,0.95112788,0.95217115,0.95379109,0.95529339,0.95609254,0.95584487,0.95451939,0.95239320,0.94997638,0.94788778,0.94671257,0.94687455,0.94855028,0.95164047,0.95580074,0.96052031,0.96522726,0.96939432,0.97262071,0.97467353,0.97548363,0.97510313,0.97364123,0.97119902,0.96782269,0.96348792,0.95811916,0.95163795,0.94402674,0.93539014,0.92599652,0.91628691,0.90684638,0.89834174,0.89143732,0.88670529,0.88454780,0.88514486,0.88843615,0.89413739,0.90178505,0.91079868,0.92054780,0.93041173,0.93982446,0.94830144,0.95545037,0.96097150,0.96465422,0.96637599,0.96610638,0.96391566,0.95998405,0.95460565,0.94818147,0.94119752,0.93418763,0.92768422,0.92216380,0.91799596,0.91540479,0.91444936,0.91502674,0.91689608,0.91971909,0.92310876,0.92667818,0.93008164,0.93304313,0.93537050,0.93695664,0.93777177,0.93785161,0.93728608,0.93621090,0.93480227,0.93327243,0.93186266,0.93083048,0.93042931,0.93088113,0.93234546,0.93488997,0.93846919,0.94291742,0.94795942,0.95323931,0.95836392,0.96295326,0.96668918,0.96935279,0.97084371,0.97117775,0.97046393,0.96886596,0.96655643
0.93658390,0.93972337,0.94444686,0.95050100,0.95727314,0.96390584,0.96946822,0.97314909,0.97443043,0.97320375,0.96980365,0.96495122,0.95961974,0.95485197,0.95156734,0.95039789,0.95158305,0.95493969,0.95990764,0.96565681,0.97123174,0.97570505,0.97831244,0.97854804,0.97620910,0.97138983,0.96443437,0.95586475,0.94630128,0.93638934,0.92674134,0.91789645,0.91029567,0.90426790,0.90002148,0.89763743,0.89706265,0.89810448,0.90043051,0.90357862,0.90698171,0.91000874,0.91202006,0.91243151,0.91077958,0.90677908,0.90036576,0.89171787,0.88125340,0.86960224,0.85755608,0.84600086,0.83583848,0.82790530,0.82289426,0.82128765,0.82330645,0.82888189,0.83765308,0.84899269,0.86205978,0.87587547,0.88941461,0.90170421,0.91191775,0.91945450,0.92399367,0.92551661,0.92429461,0.92084512,0.91586405,0.91014449,0.90449338,0.89965620,0.89625744,0.89476072,0.89544918,0.89842284,0.90360786,0.91077188,0.91954154,0.92942090,0.93981256,0.95004536,0.95941218,0.96721998,0.97285087,0.97582933,0.97588718,0.97301521,0.96748988,0.95986555,0.95092780,0.94161021,0.93288440,0.92563856,0.92056253,0.91805654,0.91817684,0.92062537
0.93463133,0.94468728,0.95582270,0.96723043,0.97793281,0.98691161,0.99325556,0.99630133,0.99574245,0.99168586,0.98464495,0.97547005,0.96522876,0.95505754,0.94600926,0.93892079,0.93431870,0.93237320,0.93290136,0.93541300,0.93918726,0.94336568,0.94704854,0.94938374,0.94964140,0.94727101,0.94194080,0.93356069,0.92229027,0.90853226,0.89291088,0.87623376,0.85943722,0.84351655,0.82944605,0.81809616,0.81015636,0.80607245,0.80600512,0.80981447,0.81707138,0.82709387,0.83900316,0.85179267,0.86440253,0.87579357,0.88501628,0.89127239,0.89396739,0.89275241,0.88755335,0.87858381,0.86633847,0.85156364,0.83520336,0.81832233,0.80201051,0.78727879,0.77495820,0.76561675,0.75950684,0.75655178,0.75637437,0.75836351,0.76176876,0.76580828,0.76977331,0.77311370,0.77549221,0.77680240,0.77715143,0.77681600,0.77618324,0.77568939,0.77576668,0.77680472,0.77912772,0.78298448,0.78854484,0.79589563,0.80503022,0.81582983,0.82803943,0.84124580,0.85486795,0.86816955,0.88029980,0.89036295,0.89751038,0.90104322,0.90050951,0.89577893,0.88708074,0.87499606,0.86040405,0.84438973,0.82812872,0.81276717,0.79931492,0.78856505
0.98867384,0.98583123,0.98161275,0.97650702,0.97099043,0.96548075,0.96029806,0.95564280,0.95159745,0.94815340,0.94525693,0.94286278,0.94098026,0.93969883,0.93918444,0.93964577,0.94127628,0.94418465,0.94832949,0.95347498,0.95918042,0.96483055,0.96970436,0.97307141,0.97429837,0.97294606,0.96883931,0.96209763,0.95312261,0.94254578,0.93114760,0.91976258,0.90918668,0.90010091,0.89302037,0.88827160,0.88599480,0.88616342,0.88861139,0.89305957,0.89913597,0.90638860,0.91429386,0.92226618,0.92967531,0.93587631,0.94025367,0.94227710,0.94156207,0.93792562,0.93142681,0.92238300,0.91135645,0.89911079,0.88654220,0.87459441,0.86416909,0.85604366,0.85080637,0.84881500,0.85018126,0.85477879,0.86226963,0.87214231,0.88375510,0.89637951,0.90924131,0.92155919,0.93258211,0.94162710,0.94811819,0.95162558,0.95190202,0.94891183,0.94284688,0.93412449,0.92336370,0.91133997,0.89892179,0.88699647,0.87639445,0.86782187,0.86180953,0.85868364,0.85855988,0.86135872,0.86683682,0.87462735,0.88428165,0.89530604,0.90719011,0.91942573,0.93151894,0.94299805,0.95342169,0.96238940,0.96955537,0.97464442,0.97746715,0.97793068
0.89420094,0.89599612,0.90019612,0.90618607,0.91317914,0.92036754,0.92706105,0.93278447,0.93731438,0.94064975,0.94292709,0.94430463,0.94484739,0.94444415,0.94277872,0.93936442,0.93363502,0.92507262,0.91334403,0.89841519,0.88061734,0.86064936,0.83951408,0.81840097,0.79853842,0.78104436,0.76680229,0.75638279,0.75001888,0.74763214,0.74889620,0.75331858,0.76032086,0.76930105,0.77966925,0.79085634,0.80230345,0.81344522,0.82370086,0.83248452,0.83923977,0.84349563,0.84493428,0.84345579,0.83922472,0.83268571,0.82454157,0.81569402,0.80715503,0.79994146,0.79496919,0.79296156,0.79438426,0.79941238,0.80793000,0.81955670,0.83369282,0.84957404,0.86632754,0.88302493,0.89873014,0.91254362,0.92364536,0.93133920,0.93509893,0.93461374,0.92982770,0.92096615,0.90854174,0.89333503,0.87634811,0.85873374,0.84170694,0.82644849,0.81401192,0.80524446,0.80073040,0.80076148,0.80533446,0.81417194,0.82676027,0.84239726,0.86024353,0.87937301,0.89882083,0.91762857,0.93488831,0.94978673,0.96164952,0.96998414,0.97451665,0.97521679,0.97230507,0.96623745,0.95766608,0.94737865,0.93622268,0.92502374,0.91450801,0.90523835
0.95315266,0.95294150,0.95253590,0.95209341,0.95174613,0.95158000,0.95162397,0.95185399,0.95221255,0.95263917,0.95310300,0.95362753,0.95429878,0.95525314,0.95664635,0.95861007,0.96120586,0.96438740,0.96798068,0.97168881,0.97512279,0.97785391,0.97947865,0.97968320,0.97829559,0.97531539,0.97091643,0.96542302,0.95926509,0.95292115,0.94685942,0.94148686,0.93711354,0.93393594,0.93203854,0.93140960,0.93196495,0.93357291,0.93607528,0.93930098,0.94307223,0.94720489,0.95150659,0.95577624,0.95980819,0.96340196,0.96637716,0.96859081,0.96995341,0.97044003,0.97009341,0.96901756,0.96736261,0.96530305,0.96301326,0.96064449,0.95830726,0.95606185,0.95391809,0.95184379,0.94977972,0.94765801,0.94542048,0.94303381,0.94049924,0.93785601,0.93517872,0.93256979,0.93014897,0.92804143,0.92636630,0.92522668,0.92470199,0.92484280,0.92566792,0.92716308,0.92928084,0.93194134,0.93503409,0.93842094,0.94194076,0.94541561,0.94865846,0.95148198,0.95370812,0.95517802,0.95576189,0.95536833,0.95395224,0.95152065,0.94813557,0.94391334,0.93902006,0.93366279,0.92807675,0.92250858,0.91719661,0.91234923,0.90812330,0.90460483
0.95535164,0.95517557,0.95720154,0.96116701,0.96650817,0.97247793,0.97827543,0.98316343,0.98655597,0.98806718,0.98752147,0.98493262,0.98046380,0.97438154,0.96701468,0.95872456,0.94988771,0.94088747,0.93210836,0.92392776,0.91670125,0.91074214,0.90629809,0.90352918,0.90249165,0.90313014,0.90527947,0.90867555,0.91297337,0.91776909,0.92262326,0.92708319,0.93070405,0.93307001,0.93381720,0.93265959,0.92941685,0.92404115,0.91663800,0.90747594,0.89698055,0.88571011,0.87431331,0.86347282,0.85384160,0.84598103,0.84031017,0.83707345,0.83633058,0.83796811,0.84172828,0.84724823,0.85410143,0.86183471,0.86999574,0.87814995,0.88588856,0.89283253,0.89863788,0.90300709,0.90570858,0.90660283,0.90567032,0.90303455,0.89897265,0.89390777,0.88838053,0.88300095,0.87838671,0.87509683,0.87357149,0.87408767,0.87673735,0.88143045,0.88792002,0.89584321,0.90476926,0.91424517,0.92383172,0.93312540,0.94176630,0.94943551,0.95584868,0.96075275,0.96393130,0.96522100,0.96453708,0.96190265,0.95747398,0.95155386,0.94458653,0.93713101,0.92981394,0.92326746,0.91806114,0.91463878,0.91327010,0.91402428,0.91676794,0.92118518
0.96485040,0.96172626,0.95959637,0.95844838,0.95808283,0.95818394,0.95839964,0.95841757,0.95802625,0.95715366,0.95587900,0.95441723,0.95307961,0.95221704,0.95215520,0.95313133,0.95524183,0.95840780,0.96236388,0.96667297,0.97076713,0.97401077,0.97577847,0.97553590,0.97291093,0.96774318,0.96010441,0.95028756,0.93876761,0.92614208,0.91306182,0.90016385,0.88801737,0.87709078,0.86774256,0.86023275,0.85474687,0.85142104,0.85035795,0.85162671,0.85524476,0.86114593,0.86914331,0.87889836,0.88990804,0.90151889,0.91297142,0.92347130,0.93227693,0.93878807,0.94261918,0.94364325,0.94199772,0.93805113,0.93233706,0.92546802,0.91804610,0.91058707,0.90347177,0.89693150,0.89106662,0.88588975,0.88138010,0.87753375,0.87439687,0.87207362,0.87070746,0.87044124,0.87136718,0.87348092,0.87665299,0.88062703,0.88504734,0.88951083,0.89363263,0.89711074,0.89977581,0.90161493,0.90276428,0.90347209,0.90404000,0.90475573,0.90583213,0.90736591,0.90932471,0.91156423,0.91386980,0.91601180,0.91780121,0.91913273,0.92000587,0.92052008,0.92084554,0.92117731,0.92168388,0.92246251,0.92351144,0.92472418,0.92590531,0.92680186
0.97659887,0.97672061,0.97692906,0.97715726,0.97719689,0.97675701,0.97554955,0.97338336,0.97024398,0.96633771,0.96208571,0.95806559,0.95491105,0.95319062,0.95329191,0.95533670,0.95914563,0.96426048,0.97002042,0.97567728,0.98052627,0.98402583,0.98588206,0.98608178,0.98486985,0.98267889,0.98002937,0.97742323,0.97525357,0.97374758,0.97295118,0.97275429,0.97294626,0.97328559,0.97356544,0.97365933,0.97353752,0.97325289,0.97290315,0.97258207,0.97233425,0.97212632,0.97184253,0.97130628,0.97032194,0.96872675,0.96643956,0.96349379,0.96004634,0.95635936,0.95275902,0.94958019,0.94710943,0.94553827,0.94493645,0.94524955,0.94632029,0.94792754,0.94983348,0.95182832,0.95376313,0.95556482,0.95723189,0.95881433,0.96038432,0.96200578,0.96371039,0.96548523,0.96727383,0.96898907,0.97053347,0.97182103,0.97279473,0.97343574,0.97376268,0.97382235,0.97367576,0.97338398,0.97299820,0.97255666,0.97208869,0.97162394,0.97120309,0.97088581,0.97075225,0.97089616,0.97140997,0.97236465,0.97378905,0.97565380,0.97786454,0.98026669,0.98266173,0.98483155,0.98656577,0.98768582,0.98806040,0.98760916,0.98629419,0.98410200
0.97944340,0.97773234,0.97787798,0.97972565,0.98272410,0.98605478,0.98880101,0.99012671,0.98943356,0.98646925,0.98136917,0.97462619,0.96699721,0.95936654,0.95259294,0.94736828,0.94411108,0.94291000,0.94352277,0.94542687,0.94791014,0.95018457,0.95150330,0.95126205,0.94907026,0.94478432,0.93850306,0.93053274,0.92133240,0.91145188,0.90147297,0.89196112,0.88343175,0.87633116,0.87102884,0.86781566,0.86690141,0.86840662,0.87234665,0.87860982,0.88693502,0.89689599,0.90790005,0.91920722,0.92997280,0.93931250,0.94638494,0.95048175,0.95111308,0.94807539,0.94148990,0.93180453,0.91975717,0.90630415,0.89252292,0.87950188,0.86823218,0.85951589,0.85390168,0.85165455,0.85275989,0.85695693,0.86379276,0.87268616,0.88299080,0.89404984,0.90523673,0.91598146,0.92578487,0.93422620,0.94097001,0.94577670,0.94851824,0.94919680,0.94796111,0.94511384,0.94110360,0.93649740,0.93193270,0.92805255,0.92543132,0.92450202,0.92549734,0.92841538,0.93301728,0.93885832,0.94534836,0.95183202,0.95767606,0.96235035,0.96549006,0.96693036,0.96670979,0.96504405,0.96227732,0.95882143,0.95509403,0.95146555,0.94822074,0.94553710
0.97481642,0.97087561,0.96763643,0.96528326,0.96385117,0.96326306,0.96336506,0.96395496,0.96480317,0.96566837,0.96631113,0.96650773,0.96606467,0.96483263,0.96271782,0.95968812,0.95577205,0.95104993,0.94563896,0.93967635,0.93330601,0.92667371,0.91993249,0.91325642,0.90685669,0.90099270,0.89597116,0.89212919,0.88980093,0.88927161,0.89072654,0.89420520,0.89957124,0.90650704,0.91453675,0.92307549,0.93149627,0.93920183,0.94568811,0.95058794,0.95368853,0.95492198,0.95433435,0.95204298,0.94819456,0.94293537,0.93640166,0.92873181,0.92009577,0.91073157,0.90097642,0.89128062,0.88219608,0.87433738,0.86831965,0.86468345,0.86382086,0.86591729,0.87092116,0.87854769,0.88831591,0.89961138,0.91176195,0.92411241,0.93608497,0.94721670,0.95717100,0.96572609,0.97274876,0.97816453,0.98193455,0.98404701,0.98452503,0.98344750,0.98097488,0.97736934,0.97299972,0.96832477,0.96385329,0.96008587,0.95744789,0.95622655,0.95652517,0.95824450,0.96109581,0.96464354,0.96836917,0.97174409,0.97429751,0.97566740,0.97562670,0.97408248,0.97105199,0.96662415,0.96091787,0.95404806,0.94610722,0.93716556,0.92728677,0.91655227
0.94416822,0.94495680,0.94566239,0.94624056,0.94653577,0.94635512,0.94554167,0.94402842,0.94186231,0.93919634,0.93625663,0.93329596,0.93054639,0.92818195,0.92629819,0.92491022,0.92396595,0.92336690,0.92298849,0.92269341,0.92233679,0.92176588,0.92082018,0.91933727,0.91716720,0.91419471,0.91036559,0.90571107,0.90036335,0.89455604,0.88860541,0.88287339,0.87771773,0.87343948,0.87023930,0.86819218,0.86724601,0.86724317,0.86795960,0.86915193,0.87060199,0.87214917,0.87370394,0.87524131,0.87677804,0.87834184,0.87994296,0.88155697,0.88312410,0.88456529,0.88580999,0.88682754,0.88765214,0.88839296,0.88922438,0.89035643,0.89199134,0.89427618,0.89726307,0.90088753,0.90497066,0.90924604,0.91340568,0.91715532,0.92026683,0.92261591,0.92419695,0.92511237,0.92553995,0.92568717,0.92574422,0.92584705,0.92605898,0.92637409,0.92674018,0.92709410,0.92739876,0.92767084,0.92799064,0.92849027,0.92932298,0.93062165,0.93245778,0.93481262,0.93756892,0.94052694,0.94344229,0.94607746,0.94825535,0.94990153,0.95106420,0.95190546,0.95266449,0.95359990,0.95492395,0.95674303,0.95901765,0.96155037,0.96400390,0.96594490
0.93320610,0.92903743,0.92587342,0.92403340,0.92357777,0.92430184,0.92578704,0.92750145,0.92892875,0.92969670,0.92967417,0.92901223,0.92811754,0.92756284,0.92795350,0.92977934,0.93328298,0.93837212,0.94459396,0.95117717,0.95713451,0.96140704,0.96302380,0.96124867,0.95569028,0.94635965,0.93367078,0.91839011,0.90154799,0.88432870,0.86795609,0.85358870,0.84223372,0.83468422,0.83147905,0.83288197,0.83887536,0.84916488,0.86319349,0.88016573,0.89908437,0.91880147,0.93808455,0.95569582,0.97047969,0.98145143,0.98787791,0.98934155,0.98577927,0.97749139,0.96511811,0.94958579,0.93202809,0.91368990,0.89582379,0.87958873,0.86596073,0.85566323,0.84912309,0.84645514,0.84747550,0.85174067,0.85860734,0.86730578,0.87701870,0.88695742,0.89642767,0.90487908,0.91193456,0.91739887,0.92124812,0.92360451,0.92470192,0.92484804,0.92438802,0.92367317,0.92303621,0.92277296,0.92312910,0.92429023,0.92637346,0.92942041,0.93339211,0.93816787,0.94355060,0.94928021,0.95505599,0.96056633,0.96552234,0.96969006,0.97291523,0.97513518,0.97637451,0.97672445,0.97630929,0.97524620,0.97360664,0.97138727,0.96849701,0.96476360
0.88983031,0.90115504,0.91234356,0.92298661,0.93267821,0.94103464,0.94771775,0.95246439,0.95512093,0.95567780,0.95429637,0.95131931,0.94725753,0.94275065,0.93850297,0.93520218,0.93343184,0.93359116,0.93583578,0.94005085,0.94586291,0.95269023,0.95982378,0.96652527,0.97212524,0.97610481,0.97814856,0.97816225,0.97625586,0.97269895,0.96785973,0.96214115,0.95592663,0.94954429,0.94325358,0.93725239,0.93169761,0.92672965,0.92249095,0.91913112,0.91679567,0.91560015,0.91559584,0.91673609,0.91885276,0.92165091,0.92472589,0.92760247,0.92979089,0.93085052,0.93045020,0.92841460,0.92474873,0.91963690,0.91341737,0.90653786,0.89950053,0.89280546,0.88690169,0.88215188,0.87881363,0.87703672,0.87687238,0.87828897,0.88118848,0.88541953,0.89078465,0.89704238,0.90390657,0.91104672,0.91809316,0.92465057,0.93032063,0.93473281,0.93757923,0.93864823,0.93785072,0.93523475,0.93098540,0.92540972,0.91890850,0.91193846,0.90496971,0.89844413,0.89273974,0.88814531,0.88484694,0.88292661,0.88237047,0.88308411,0.88491165,0.88765594,0.89109771,0.89501173,0.89917865,0.90339201,0.90746040,0.91120589,0.91445993,0.91705818
0.94978193,0.94282338,0.93431400,0.92466543,0.91417269,0.90301526,0.89129406,0.87909450,0.86655880,0.85394743,0.84167079,0.83027824,0.82040196,0.81266430,0.80756731,0.80538790,0.80610152,0.80935212,0.81447703,0.82058529,0.82667756,0.83178744,0.83511909,0.83615650,0.83472541,0.83099933,0.82545223,0.81877070,0.81174486,0.80515838,0.79969644,0.79588427,0.79406220,0.79439488,0.79690574,0.80152301,0.80812289,0.81655840,0.82666812,0.83826563,0.85111618,0.86491075,0.87924805,0.89363354,0.90750007,0.92024988,0.93131214,0.94020599,0.94659723,0.95033765,0.95147936,0.95026144,0.94707165,0.94239042,0.93672744,0.93056194,0.92429654,0.91823135,0.91256054,0.90738859,0.90276000,0.89869368,0.89521332,0.89236693,0.89023155,0.88890324,0.88847565,0.88901311,0.89052545,0.89295084,0.89615088,0.89991955,0.90400384,0.90813223,0.91204500,0.91552086,0.91839500,0.92056610,0.92199229,0.92267874,0.92266138,0.92199145,0.92072529,0.91892155,0.91664579,0.91398054,0.91103698,0.90796386,0.90494942,0.90221334,0.89998829,0.89849284,0.89790023,0.89830844,0.89971727,0.90201635,0.90498635,0.90831284,0.91161056,0.91445390
0.97087135,0.97573528,0.97769075,0.97709955,0.97433344,0.96971737,0.96350778,0.95590439,0.94708593,0.93725576,0.92668295,0.91572679,0.90483804,0.89453567,0.88536354,0.87783549,0.87237929,0.86928929,0.86869469,0.87054655,0.87462331,0.88055255,0.88784595,0.89594398,0.90426608,0.91226148,0.91945506,0.92548345,0.93011783,0.93327148,0.93499194,0.93543870,0.93484872,0.93349442,0.93164055,0.92950761,0.92724907,0.92494675,0.92262476,0.92027837,0.91791081,0.91556933,0.91337168,0.91151592,0.91026918,0.90993610,0.91081173,0.91312825,0.91700618,0.92242021,0.92918662,0.93697475,0.94534022,0.95377361,0.96175555,0.96880830,0.97453523,0.97864302,0.98094597,0.98135591,0.97986480,0.97652730,0.97144969,0.96478828,0.95675686,0.94763909,0.93779908,0.92768265,0.91780304,0.90870828,0.90093217,0.89493565,0.89104850,0.88942250,0.89000574,0.89254407,0.89661126,0.90166373,0.90711133,0.91239224,0.91703933,0.92072721,0.92329362,0.92473426,0.92517561,0.92483397,0.92397062,0.92285214,0.92172226,0.92078756,0.92021524,0.92013777,0.92065760,0.92184556,0.92372931,0.92627202,0.92934590,0.93270791,0.93598681,0.93868920
0.93797624,0.92047187,0.90455159,0.89147619,0.88211789,0.87697016,0.87619273,0.87966897,0.88705471,0.89780514,0.91117752,0.92621892,0.94175684,0.95641322,0.96865892,0.97691640,0.97970654,0.97582378,0.96451394,0.94562430,0.91969632,0.88797817,0.85234707,0.81514680,0.77896104,0.74635457,0.71961911,0.70055859,0.69034007,0.68942449,0.69757807,0.71395297,0.73721694,0.76570726,0.79758489,0.83096970,0.86404617,0.89513765,0.92275500,0.94562974,0.96274225,0.97335251,0.97703530,0.97371613,0.96369918,0.94767635,0.92670717,0.90216367,0.87563990,0.84883350,0.82341228,0.80088276,0.78247778,0.76907755,0.76117256,0.75886979,0.76193654,0.76987037,0.78198089,0.79746856,0.81548928,0.83519831,0.85577350,0.87642294,0.89638570,0.91493498,0.93139119,0.94514841,0.95571326,0.96275043,0.96612607,0.96593913,0.96253173,0.95647348,0.94851888,0.93954261,0.93046107,0.92215110,0.91537632,0.91072965,0.90859710,0.90914374,0.91231943,0.91787936,0.92541328,0.93437815,0.94413085,0.95396016,0.96311967,0.97086433,0.97649287,0.97939641,0.97911021,0.97536305,0.96811651,0.95758634,0.94423940,0.92876333,0.91200943,0.89491417
0.93407207,0.94403362,0.95451748,0.96516965,0.97539701,0.98443127,0.99143313,0.99562030,0.99639815,0.99347060,0.98691110,0.97718024,0.96508558,0.95168973,0.93818181,0.92573306,0.91535828,0.90780283,0.90346909,0.90239042,0.90425328,0.90846140,0.91422913,0.92068702,0.92698175,0.93235550,0.93619650,0.93805941,0.93766122,0.93486177,0.92963951,0.92207182,0.91232646,0.90066623,0.88746430,0.87322239,0.85858129,0.84431293,0.83128642,0.82040618,0.81252697,0.80835651,0.80836045,0.81268556,0.82111555,0.83306946,0.84764578,0.86370794,0.87999927,0.89527089,0.90840407,0.91851074,0.92500042,0.92760794,0.92638324,0.92165004,0.91394447,0.90394616,0.89241332,0.88012953,0.86786551,0.85635385,0.84627179,0.83822563,0.83273146,0.83018961,0.83085384,0.83479957,0.84189835,0.85180624,0.86397303,0.87767551,0.89207387,0.90628540,0.91946617,0.93088932,0.94000919,0.94650266,0.95028317,0.95148698,0.95043608,0.94758511,0.94346163,0.93860910,0.93353960,0.92870051,0.92445553,0.92107779,0.91875080,0.91757327,0.91756423,0.91866722,0.92075366,0.92362690,0.92702932,0.93065452,0.93416535,0.93721720,0.93948369,0.94068097
0.87634982,0.87766986,0.88334762,0.89317830,0.90637525,0.92168790,0.93759342,0.95252630,0.96510276,0.97429901,0.97955304,0.98077754,0.97829158,0.97269539,0.96472236,0.95510299,0.94446790,0.93330436,0.92196609,0.91072339,0.89983202,0.88959653,0.88040692,0.87273591,0.86709530,0.86396127,0.86368626,0.86641886,0.87205064,0.88020240,0.89025331,0.90140721,0.91278345,0.92351556,0.93284123,0.94017018,0.94512246,0.94753611,0.94744912,0.94506439,0.94070760,0.93478631,0.92775550,0.92009099,0.91226961,0.90475284,0.89797142,0.89230879,0.88808353,0.88553248,0.88479726,0.88591744,0.88883239,0.89339240,0.89937738,0.90651969,0.91452716,0.92310243,0.93195666,0.94081753,0.94943312,0.95757448,0.96503963,0.97166062,0.97731387,0.98193176,0.98551225,0.98812230,0.98989191,0.99099733,0.99163503,0.99199063,0.99220900,0.99237211,0.99248996,0.99250725,0.99232497,0.99183264,0.99094402,0.98962810,0.98792767,0.98596054,0.98390266,0.98195653,0.98031257,0.97911246,0.97842337,0.97822947,0.97844246,0.97892857,0.97954518,0.98017747,0.98076560,0.98131452,0.98188297,0.98255314,0.98338746,0.98438265,0.98543240,0.98630840
0.93322035,0.93619862,0.93911684,0.94150666,0.94272729,0.94213628,0.93927058,0.93399480,0.92658138,0.91770286,0.90833709,0.89960616,0.89258462,0.88811814,0.88668952,0.88835672,0.89277065,0.89926362,0.90698572,0.91505849,0.92271480,0.92939924,0.93481419,0.93890978,0.94182807,0.94382068,0.94516273,0.94608344,0.94672714,0.94714892,0.94734015,0.94727207,0.94694260,0.94641200,0.94581710,0.94536000,0.94527386,0.94577446,0.94700938,0.94901733,0.95170737,0.95486256,0.95816748,0.96125335,0.96375195,0.96534777,0.96581937,0.96506348,0.96309928,0.96005456,0.95613880,0.95160998,0.94674235,0.94180052,0.93702297,0.93261545,0.92875243,0.92558334,0.92323994,0.92184114,0.92149273,0.92228128,0.92426290,0.92744929,0.93179415,0.93718273,0.94342724,0.95026921,0.95738965,0.96442658,0.97099872,0.97673341,0.98129620,0.98441929,0.98592613,0.98574999,0.98394440,0.98068410,0.97625558,0.97103721,0.96547013,0.96002219,0.95514853,0.95125264,0.94865192,0.94755122,0.94802683,0.95002221,0.95335554,0.95773783,0.96279902,0.96811897,0.97325977,0.97779609,0.98134108,0.98356616,0.98421463,0.98310931,0.98015568,0.97534113
0.82836612,0.84126703,0.85535308,0.87027908,0.88577748,0.90157624,0.91730742,0.93243920,0.94625884,0.95792162,0.96656249,0.97144870,0.97213895,0.96860985,0.96131716,0.95117260,0.93943545,0.92753614,0.91686357,0.90855610,0.90333596,0.90141794,0.90250785,0.90588683,0.91056034,0.91543888,0.91951381,0.92199673,0.92240176,0.92056468,0.91660676,0.91086210,0.90379229,0.89591113,0.88773475,0.87976232,0.87248143,0.86638433,0.86197805,0.85977417,0.86025044,0.86378654,0.87058498,0.88059551,0.89346278,0.90851480,0.92480117,0.94118028,0.95644344,0.96945637,0.97929402,0.98534646,0.98737917,0.98554027,0.98031779,0.97245846,0.96286592,0.95249694,0.94227162,0.93300726,0.92537818,0.91989746,0.91691224,0.91660356,0.91898398,0.92389074,0.93097793,0.93971503,0.94940156,0.95920521,0.96822674,0.97558781,0.98053154,0.98252036,0.98131415,0.97701326,0.97005631,0.96117059,0.95128153,0.94139571,0.93247652,0.92533282,0.92053719,0.91838375,0.91888726,0.92181720,0.92675503,0.93316054,0.94043427,0.94796698,0.95517293,0.96150912,0.96648676,0.96968308,0.97075941,0.96948817,0.96578565,0.95974291,0.95164411,0.94196198
0.96035077,0.95226621,0.94385370,0.93533157,0.92685823,0.91858079,0.91067039,0.90333757,0.89682721,0.89139802,0.88729410,0.88471601,0.88379736,0.88458974,0.88705644,0.89107315,0.89643267,0.90285128,0.90997608,0.91739498,0.92465251,0.93127513,0.93680704,0.94085440,0.94313217,0.94350529,0.94201602,0.93889068,0.93452247,0.92943119,0.92420489,0.91943239,0.91563752,0.91322592,0.91245224,0.91341075,0.91604722,0.92018527,0.92555814,0.93183731,0.93865160,0.94559460,0.95222275,0.95805017,0.96254858,0.96516040,0.96533017,0.96255464,0.95644603,0.94679839,0.93364438,0.91728989,0.89831750,0.87755463,0.85600914,0.83478105,0.81496378,0.79755012,0.78335684,0.77297735,0.76676571,0.76484894,0.76715901,0.77347364,0.78345474,0.79667639,0.81263875,0.83076943,0.85041864,0.87085698,0.89128479,0.91085950,0.92874245,0.94416104,0.95647725,0.96525035,0.97028154,0.97163108,0.96960312,0.96469972,0.95755146,0.94883663,0.93920298,0.92920523,0.91926795,0.90967732,0.90059957,0.89211786,0.88427692,0.87712382,0.87073562,0.86522862,0.86074867,0.85744650,0.85544565,0.85481167,0.85553043,0.85750035,0.86053895,0.86440024
0.95126601,0.95219176,0.95432901,0.95749778,0.96116542,0.96458002,0.96694426,0.96759071,0.96612141,0.96248485,0.95697853,0.95018250,0.94284355,0.93573812,0.92954398,0.92474467,0.92158130,0.92005406,0.91996522,0.92098806,0.92274354,0.92486791,0.92705968,0.92910069,0.93085280,0.93223738,0.93320757,0.93372388,0.93374078,0.93320784,0.93208392,0.93035927,0.92807848,0.92535750,0.92238957,0.91943729,0.91681145,0.91483912,0.91382625,0.91402053,0.91558008,0.91855220,0.92286428,0.92832717,0.93464952,0.94146106,0.94834152,0.95485238,0.96056809,0.96510452,0.96814270,0.96944716,0.96887841,0.96639953,0.96207707,0.95607655,0.94865336,0.94013987,0.93092948,0.92145811,0.91218301,0.90355937,0.89601491,0.88992389,0.88558190,0.88318359,0.88280564,0.88439731,0.88778123,0.89266581,0.89866956,0.90535526,0.91227016,0.91898735,0.92514294,0.93046479,0.93478948,0.93806588,0.94034540,0.94176121,0.94250051,0.94277483,0.94279348,0.94274341,0.94277700,0.94300711,0.94350721,0.94431420,0.94543133,0.94682952,0.94844603,0.95018134,0.95189584,0.95340900,0.95450370,0.95493693,0.95445668,0.95282292,0.94982934,0.94532221
0.97287419,0.96641479,0.95985629,0.95328536,0.94664428,0.93980778,0.93266015,0.92515540,0.91735062,0.90941115,0.90159218,0.89420464,0.88757397,0.88199986,0.87772272,0.87489968,0.87358995,0.87374677,0.87521403,0.87772793,0.88092763,0.88437971,0.88761928,0.89020555,0.89178402,0.89214384,0.89125835,0.88929923,0.88661869,0.88369993,0.88108186,0.87927060,0.87865420,0.87943852,0.88161813,0.88498831,0.88919488,0.89380956,0.89841375,0.90267222,0.90638153,0.90948407,0.91204682,0.91421235,0.91613642,0.91792975,0.91961995,0.92114340,0.92236859,0.92314357,0.92335392,0.92297505,0.92210400,0.92096096,0.91985846,0.91914456,0.91913364,0.92004191,0.92194412,0.92476246,0.92829059,0.93224671,0.93634259,0.94035134,0.94415695,0.94777318,0.95132629,0.95500610,0.95899734,0.96340936,0.96822231,0.97326440,0.97822700,0.98271507,0.98632209,0.98871269,0.98969397,0.98925882,0.98759100,0.98503056,0.98200736,0.97895810,0.97624556,0.97409756,0.97257782,0.97159296,0.97093130,0.97032205,0.96949907,0.96825360,0.96646373,0.96409557,0.96117870,0.95776583,0.95389035,0.94953579,0.94462777,0.93905189,0.93269397,0.92549188
0.95637218,0.95187799,0.94912856,0.94863174,0.95036747,0.95379539,0.95796559,0.96171507,0.96391323,0.96370632,0.96070796,0.95509353,0.94757699,0.93927589,0.93149461,0.92547235,0.92214731,0.92198290,0.92488767,0.93024137,0.93701843,0.94398089,0.94989918,0.95375535,0.95488987,0.95306842,0.94846493,0.94157527,0.93308877,0.92374962,0.91423777,0.90509090,0.89667679,0.88921323,0.88282089,0.87758789,0.87362382,0.87108610,0.87017061,0.87107000,0.87391168,0.87869337,0.88523449,0.89315824,0.90191191,0.91082421,0.91919005,0.92636636,0.93186046,0.93539363,0.93692875,0.93665776,0.93495352,0.93229663,0.92919199,0.92609082,0.92333148,0.92110776,0.91946729,0.91833621,0.91756175,0.91696169,0.91636997,0.91567013,0.91481180,0.91381006,0.91273053,0.91166626,0.91071318,0.90995032,0.90942908,0.90917270,0.90918432,0.90945986,0.91000106,0.91082442,0.91196315,0.91346102,0.91535935,0.91768001,0.92040897,0.92348495,0.92679718,0.93019407,0.93350237,0.93655371,0.93921364,0.94140746,0.94313708,0.94448482,0.94560156,0.94668016,0.94791728,0.94946974,0.95141258,0.95370598,0.95617695,0.95851913,0.96031150,0.96105388
0.95953796,0.95720229,0.95604606,0.95628390,0.95785591,0.96045026,0.96357289,0.96665318,0.96916513,0.97073873,0.97123687,0.97078028,0.96971536,0.96853247,0.96775356,0.96781392,0.96896284,0.97120374,0.97428520,0.97774383,0.98098891,0.98340988,0.98448343,0.98385786,0.98139922,0.97719302,0.97150629,0.96472272,0.95726830,0.94954499,0.94188593,0.93453956,0.92768172,0.92144826,0.91597537,0.91143372,0.90804447,0.90607051,0.90578301,0.90740987,0.91107737,0.91675824,0.92423837,0.93311041,0.94279701,0.95260079,0.96177309,0.96959045,0.97542757,0.97881669,0.97948708,0.97738191,0.97265394,0.96564403,0.95684809,0.94687753,0.93641752,0.92618524,0.91688902,0.90918809,0.90365287,0.90072609,0.90068646,0.90361787,0.90938800,0.91764056,0.92780461,0.93912227,0.95069408,0.96153866,0.97066160,0.97712762,0.98013005,0.97905212,0.97351584,0.96341517,0.94893215,0.93053526,0.90896092,0.88517874,0.86034194,0.83572409,0.81264451,0.79238564,0.77610750,0.76476547,0.75903851,0.75927441,0.76545797,0.77720610,0.79379141,0.81419301,0.83716973,0.86134814,0.88531579,0.90771013,0.92729537,0.94302265,0.95407231,0.95987959
0.91401235,0.91388835,0.91508326,0.91801809,0.92280416,0.92920770,0.93668354,0.94447386,0.95175189,0.95777918,0.96204075,0.96432753,0.96474911,0.96367692,0.96163464,0.95916380,0.95669725,0.95446946,0.95248334,0.95053946,0.94831856,0.94549518,0.94185269,0.93737011,0.93225842,0.92693747,0.92195916,0.91789522,0.91521589,0.91418698,0.91480802,0.91680440,0.91967437,0.92277907,0.92545481,0.92712275,0.92737309,0.92600848,0.92304166,0.91865360,0.91312663,0.90677152,0.89986686,0.89262425,0.88518478,0.87764372,0.87009269,0.86266421,0.85556372,0.84907761,0.84355302,0.83935297,0.83679703,0.83610214,0.83733825,0.84040988,0.84506883,0.85095556,0.85766011,0.86478920,0.87202498,0.87916331,0.88612457,0.89293662,0.89969612,0.90651903,0.91349274,0.92064112,0.92790950,0.93517092,0.94224995,0.94895577,0.95511500,0.96059528,0.96531381,0.96922957,0.97232296,0.97457005,0.97592061,0.97628740,0.97555146,0.97358278,0.97027197,0.96556481,0.95949125,0.95218110,0.94386221,0.93484108,0.92547026,0.91611045,0.90709647,0.89871497,0.89119809,0.88473220,0.87947637,0.87558194,0.87320416,0.87249852,0.87359845,0.87657579
0.95638289,0.95623058,0.95759131,0.95995575,0.96260604,0.96479151,0.96590321,0.96561073,0.96393235,0.96122332,0.95808584,0.95522201,0.95326469,0.95262553,0.95339419,0.95530990,0.95780993,0.96014266,0.96152059,0.96128074,0.95901915,0.95467231,0.94852961,0.94117653,0.93338342,0.92596575,0.91964637,0.91494729,0.91212952,0.91118755,0.91189308,0.91387273,0.91669933,0.91997502,0.92338892,0.92673945,0.92992141,0.93288682,0.93559491,0.93796782,0.93986623,0.94109221,0.94141934,0.94064236,0.93863404,0.93539427,0.93107864,0.92599780,0.92058619,0.91534537,0.91077345,0.90729438,0.90520089,0.90462106,0.90551313,0.90768724,0.91084753,0.91464447,0.91872628,0.92277996,0.92655592,0.92987486,0.93262001,0.93472122,0.93613783,0.93684696,0.93684050,0.93613127,0.93476544,0.93283614,0.93049254,0.92793955,0.92542560,0.92321928,0.92157835,0.92071709,0.92077830,0.92181566,0.92378942,0.92657583,0.92998748,0.93379988,0.93777851,0.94170145,0.94537421,0.94863632,0.95136123,0.95345315,0.95484458,0.95549764,0.95541028,0.95462596,0.95324331,0.95142089,0.94937211,0.94734729,0.94560248,0.94435818,0.94375431,0.94380944
0.96430327,0.96303853,0.96257136,0.96335725,0.96554713,0.96895242,0.97308041,0.97723271,0.98064562,0.98264190,0.98276154,0.98084443,0.97704988,0.97181266,0.96574918,0.95953726,0.95379633,0.94899202,0.94538173,0.94300675,0.94172650,0.94128132,0.94136600,0.94169551,0.94204891,0.94228421,0.94232570,0.94213214,0.94165878,0.94082644,0.93950782,0.93753575,0.93473171,0.93094779,0.92611175,0.92026427,0.91357926,0.90636182,0.89902372,0.89204069,0.88589983,0.88104650,0.87783928,0.87651895,0.87719385,0.87984074,0.88431772,0.89038467,0.89772643,0.90597527,0.91473080,0.92357732,0.93209989,0.93990093,0.94661814,0.95194382,0.95564353,0.95757181,0.95768214,0.95602892,0.95276074,0.94810553,0.94234968,0.93581447,0.92883324,0.92173237,0.91481766,0.90836602,0.90262089,0.89778927,0.89403794,0.89148776,0.89020576,0.89019656,0.89139532,0.89366552,0.89680403,0.90055521,0.90463324,0.90875035,0.91264642,0.91611506,0.91902156,0.92130968,0.92299652,0.92415695,0.92490140,0.92535200,0.92562230,0.92580453,0.92596632,0.92615582,0.92641184,0.92677421,0.92728923,0.92800667,0.92896688,0.93017988,0.93160069,0.93310702
0.95349315,0.96022541,0.96799371,0.97641275,0.98481831,0.99237310,0.99821133,1.00158999,1.00201449,0.99931460,0.99365963,0.98551664,0.97556742,0.96460652,0.95344360,0.94282743,0.93340054,0.92568292,0.92007488,0.91686524,0.91623239,0.91823146,0.92276896,0.92957341,0.93817438,0.94790225,0.95791727,0.96726986,0.97498674,0.98017096,0.98209907,0.98029885,0.97459425,0.96511150,0.95224915,0.93662162,0.91899090,0.90020042,0.88112222,0.86262225,0.84554196,0.83068897,0.81882616,0.81064922,0.80674674,0.80754315,0.81323232,0.82371514,0.83855698,0.85697941,0.87789486,0.89998556,0.92181854,0.94198172,0.95922070,0.97255576,0.98136209,0.98540341,0.98481810,0.98006541,0.97184576,0.96101143,0.94848306,0.93518246,0.92198621,0.90969781,0.89903153,0.89059877,0.88488947,0.88224448,0.88282037,0.88655356,0.89313391,0.90199940,0.91236059,0.92325895,0.93365540,0.94253894,0.94903958,0.95252789,0.95268538,0.94953474,0.94342611,0.93498338,0.92502089,0.91444533,0.90415883,0.89497699,0.88757064,0.88243404,0.87987592,0.88002624,0.88284969,0.88815895,0.89562364,0.90477558,0.91501470,0.92562227,0.93578855,0.94465909
0.95346448,0.95198008,0.94785243,0.94158131,0.93365297,0.92452699,0.91464446,0.90444918,0.89441142,0.88504347,0.87689862,0.87054842,0.86653866,0.86532973,0.86723146,0.87234469,0.88052126,0.89135175,0.90418605,0.91818691,0.93241149,0.94591055,0.95783125,0.96750741,0.97452287,0.97873797,0.98027598,0.97947384,0.97680775,0.97280792,0.96797819,0.96273402,0.95736851,0.95204988,0.94684700,0.94177400,0.93684064,0.93209499,0.92764717,0.92366829,0.92036474,0.91793408,0.91651310,0.91613041,0.91667543,0.91789159,0.91939698,0.92072896,0.92140481,0.92098703,0.91914189,0.91568167,0.91058527,0.90399656,0.89620391,0.88760784,0.87868416,0.86994972,0.86193447,0.85516077,0.85012697,0.84729080,0.84704759,0.84970046,0.85542259,0.86421568,0.87587183,0.88994780,0.90576064,0.92241088,0.93883552,0.95388776,0.96643544,0.97546634,0.98018700,0.98010198,0.97506399,0.96528937,0.95133865,0.93406673,0.91455040,0.89400259,0.87368295,0.85481227,0.83849648,0.82566319,0.81701189,0.81297801,0.81371112,0.81906811,0.82862330,0.84169715,0.85740431,0.87471939,0.89255593,0.90985116,0.92564755,0.93916152,0.94983118,0.95733779
0.87099763,0.88151635,0.89420033,0.90810719,0.92206719,0.93482110,0.94516740,0.95209985,0.95491829,0.95330012,0.94732558,0.93745633,0.92447320,0.90938348,0.89331134,0.87738502,0.86263302,0.84989875,0.83978021,0.83259868,0.82839775,0.82697142,0.82791658,0.83070211,0.83474472,0.83948151,0.84443015,0.84923076,0.85366647,0.85766279,0.86126891,0.86462627,0.86793090,0.87139655,0.87522351,0.87957590,0.88456693,0.89024980,0.89661097,0.90356349,0.91093959,0.91848408,0.92585193,0.93261443,0.93827847,0.94232203,0.94424557,0.94363544,0.94023099,0.93398468,0.92510327,0.91406050,0.90157518,0.88855425,0.87600619,0.86493561,0.85623360,0.85057942,0.84836800,0.84967268,0.85424727,0.86156464,0.87088369,0.88133328,0.89200038,0.90201106,0.91059601,0.91713648,0.92119087,0.92250563,0.92101604,0.91684183,0.91028085,0.90180046,0.89202377,0.88170610,0.87169742,0.86288826,0.85614032,0.85220651,0.85164908,0.85476690,0.86154370,0.87162746,0.88434725,0.89876834,0.91378030,0.92820758,0.94092862,0.95098840,0.95769071,0.96065943,0.95986299,0.95560118,0.94845863,0.93923337,0.92885074,0.91827294,0.90841253,0.90005548
0.89628220,0.89619215,0.89892515,0.90406860,0.91098716,0.91893584,0.92716712,0.93501818,0.94196956,0.94767191,0.95194251,0.95473755,0.95610983,0.95616219,0.95500663,0.95273582,0.94941003,0.94505950,0.93969952,0.93335440,0.92608520,0.91801505,0.90934588,0.90036104,0.89141152,0.88288700,0.87517678,0.86862773,0.86350685,0.85997468,0.85807394,0.85773494,0.85879656,0.86103821,0.86421544,0.86809059,0.87245075,0.87710874,0.88188775,0.88659462,0.89099058,0.89476922,0.89755074,0.89889862,0.89836034,0.89552843,0.89011221,0.88200728,0.87134790,0.85853023,0.84419897,0.82919684,0.81448316,0.80103311,0.78973300,0.78128745,0.77615225,0.77450175,0.77623303,0.78100210,0.78828180,0.79742903,0.80774867,0.81854545,0.82915911,0.83898336,0.84747336,0.85414901,0.85860203,0.86051242,0.85967605,0.85603946,0.84973403,0.84109874,0.83068164,0.81921371,0.80755332,0.79660615,0.78722981,0.78013717,0.77581333,0.77446055,0.77598067,0.77999839,0.78592113,0.79302447,0.80054869,0.80779096,0.81418016,0.81932547,0.82303521,0.82530734,0.82629766,0.82627433,0.82556860,0.82452964,0.82348797,0.82272799,0.82246655,0.82283380
0.93212904,0.92339974,0.91495133,0.90716631,0.90039041,0.89489540,0.89084478,0.88827471,0.88709886,0.88713861,0.88817225,0.88999009,0.89244105,0.89545817,0.89905659,0.90330457,0.90827459,0.91398703,0.92036129,0.92718847,0.93413493,0.94077848,0.94666975,0.95140465,0.95469048,0.95639041,0.95653667,0.95531045,0.95299433,0.94990868,0.94634715,0.94252611,0.93855962,0.93446477,0.93019452,0.92568790,0.92092318,0.91595941,0.91095528,0.90616043,0.90188126,0.89842951,0.89606607,0.89495374,0.89513027,0.89650813,0.89890048,0.90206616,0.90576201,0.90978944,0.91402408,0.91842230,0.92300415,0.92781837,0.93289938,0.93822853,0.94371034,0.94917104,0.95438031,0.95909137,0.96308938,0.96623614,0.96849982,0.96996203,0.97080000,0.97124752,0.97154347,0.97187976,0.97236100,0.97298523,0.97364981,0.97418067,0.97437755,0.97406422,0.97313230,0.97156885,0.96946236,0.96698667,0.96436765,0.96184142,0.95961454,0.95783568,0.95658460,0.95587941,0.95569834,0.95600797,0.95678911,0.95805196,0.95983564,0.96219148,0.96515410,0.96870797,0.97275890,0.97711923,0.98151207,0.98559540,0.98900149,0.99138331,0.99245761,0.99203516
0.87871151,0.87737777,0.87905529,0.88349998,0.89014291,0.89822357,0.90694482,0.91561738,0.92376460,0.93116872,0.93785336,0.94401188,0.94990289,0.95574074,0.96160780,0.96740815,0.97287068,0.97759712,0.98114038,0.98309298,0.98316497,0.98123529,0.97736735,0.97178863,0.96484193,0.95692186,0.94841218,0.93963791,0.93084025,0.92217560,0.91373324,0.90556255,0.89769962,0.89018531,0.88307014,0.87640612,0.87022904,0.86453806,0.85928028,0.85434668,0.84958298,0.84481433,0.83987913,0.83466495,0.82913904,0.82336755,0.81751989,0.81185730,0.80670757,0.80242997,0.79937581,0.79785055,0.79808195,0.80019733,0.80421067,0.81001956,0.81741116,0.82607658,0.83563278,0.84565114,0.85569057,0.86533311,0.87421885,0.88207681,0.88874793,0.89419643,0.89850649,0.90186379,0.90452369,0.90677116,0.90887896,0.91107087,0.91349559,0.91621469,0.91920532,0.92237595,0.92559035,0.92869409,0.93153687,0.93398595,0.93592881,0.93726672,0.93790401,0.93773891,0.93666135,0.93456119,0.93134738,0.92697536,0.92147731,0.91498781,0.90775692,0.90014480,0.89259519,0.88559042,0.87959474,0.87499610,0.87205651,0.87087960,0.87140012,0.87339591
0.96737513,0.95901424,0.94830857,0.93597928,0.92264666,0.90880062,0.89480359,0.88092283,0.86738303,0.85442510,0.84235454,0.83156404,0.82252054,0.81571521,0.81158386,0.81041283,0.81224967,0.81683829,0.82359526,0.83163730,0.83986070,0.84706383,0.85209444,0.85399795,0.85214181,0.84629541,0.83665354,0.82380203,0.80863470,0.79223813,0.77576512,0.76031739,0.74685361,0.73613267,0.72869353,0.72486562,0.72479813,0.72849468,0.73584102,0.74661845,0.76050170,0.77704647,0.79567573,0.81567576,0.83621093,0.85636200,0.87518738,0.89180027,0.90545079,0.91559905,0.92196650,0.92455605,0.92363723,0.91969908,0.91337907,0.90538032,0.89639047,0.88701452,0.87773035,0.86887071,0.86063026,0.85309138,0.84625993,0.84010169,0.83457210,0.82963520,0.82527126,0.82147558,0.81825242,0.81560875,0.81355141,0.81208998,0.81124481,0.81105782,0.81160179,0.81298367,0.81533887,0.81881566,0.82355171,0.82964675,0.83713642,0.84597260,0.85601406,0.86702981,0.87871502,0.89071668,0.90266470,0.91420295,0.92501535,0.93484385,0.94349709,0.95085062,0.95684057,0.96145349,0.96471496,0.96667874,0.96741754,0.96701525,0.96555979,0.96313534
0.92790926,0.91449853,0.90345860,0.89550901,0.89103219,0.89010472,0.89254995,0.89799814,0.90594287,0.91578584,0.92686662,0.93847890,0.94987838,0.96029017,0.96892373,0.97500107,0.97780051,0.97671363,0.97130995,0.96140069,0.94709197,0.92881745,0.90734169,0.88372866,0.85927453,0.83540954,0.81357921,0.79511889,0.78113692,0.77242055,0.76937568,0.77200667,0.77993733,0.79246820,0.80866014,0.82743070,0.84764869,0.86821449,0.88811802,0.90647214,0.92252473,0.93565654,0.94537395,0.95130527,0.95320664,0.95097957,0.94469726,0.93463279,0.92127944,0.90535343,0.88777199,0.86960413,0.85199696,0.83608546,0.82289741,0.81326636,0.80776458,0.80666468,0.80993308,0.81725339,0.82807240,0.84165892,0.85716526,0.87368303,0.89028885,0.90607938,0.92019882,0.93186415,0.94039363,0.94524238,0.94604554,0.94266489,0.93523130,0.92417276,0.91021804,0.89436858,0.87783648,0.86195170,0.84804764,0.83733799,0.83080006,0.82907910,0.83242526,0.84066995,0.85324260,0.86922330,0.88742234,0.90647614,0.92494875,0.94143037,0.95462689,0.96343701,0.96701553,0.96482241,0.95665713,0.94267774,0.92340264,0.89969247,0.87270944,0.84385200
0.95592811,0.95295213,0.94682416,0.93723600,0.92397957,0.90699283,0.88641460,0.86264110,0.83637230,0.80863349,0.78075823,0.75432392,0.73103875,0.71258833,0.70045867,0.69575822,0.69906398,0.71031504,0.72877154,0.75304847,0.78122350,0.81100736,0.83995642,0.86570139,0.88616471,0.89974187,0.90542871,0.90288491,0.89243270,0.87499773,0.85200405,0.82523831,0.79669868,0.76844263,0.74244506,0.72047508,0.70399631,0.69409275,0.69142040,0.69618380,0.70813683,0.72660730,0.75054466,0.77859002,0.80916553,0.84057930,0.87113939,0.89926962,0.92361802,0.94314911,0.95721117,0.96557175,0.96841744,0.96631774,0.96015671,0.95103989,0.94018636,0.92881779,0.91805611,0.90884007,0.90186822,0.89757191,0.89611754,0.89743372,0.90125608,0.90718138,0.91472247,0.92335734,0.93256753,0.94186402,0.95080146,0.95898386,0.96606581,0.97175315,0.97580595,0.97804458,0.97835810,0.97671287,0.97315878,0.96783090,0.96094534,0.95278942,0.94370747,0.93408475,0.92433211,0.91487323,0.90613512,0.89854058,0.89249991,0.88839852,0.88657712,0.88730334,0.89073538,0.89688168,0.90556239,0.91638012,0.92870723,0.94169550,0.95431153,0.96539781
0.96734559,0.96886309,0.97273901,0.97839124,0.98482463,0.99083361,0.99524027,0.99712080,0.99597631,0.99181592,0.98513970,0.97683001,0.96797896,0.95969057,0.95289848,0.94823228,0.94595259,0.94595875,0.94785837,0.95107710,0.95498151,0.95898893,0.96264375,0.96564971,0.96785856,0.96922578,0.96975030,0.96941712,0.96815849,0.96584314,0.96229462,0.95733272,0.95082707,0.94274978,0.93321533,0.92249896,0.91102988,0.89936026,0.88811609,0.87793844,0.86942481,0.86307870,0.85927287,0.85822844,0.86000904,0.86452742,0.87156089,0.88077230,0.89173322,0.90394771,0.91687541,0.92995420,0.94262274,0.95434315,0.96462345,0.97303869,0.97924941,0.98301620,0.98420957,0.98281501,0.97893334,0.97277683,0.96466144,0.95499554,0.94426520,0.93301569,0.92182892,0.91129632,0.90198765,0.89441716,0.88900980,0.88607070,0.88576158,0.88808704,0.89289271,0.89987615,0.90860950,0.91857182,0.92918721,0.93986443,0.95003369,0.95917726,0.96685245,0.97270693,0.97648798,0.97804742,0.97734445,0.97444739,0.96953456,0.96289336,0.95491540,0.94608490,0.93695802,0.92813172,0.92020274,0.91371937,0.90913069,0.90673888,0.90666030,0.90880042
0.95130243,0.95079667,0.95072243,0.95126801,0.95241514,0.95396912,0.95562179,0.95703512,0.95792939,0.95815826,0.95775471,0.95693692,0.95607138,0.95559947,0.95594171,0.95739850,0.96006684,0.96378920,0.96814526,0.97249024,0.97603563,0.97796070,0.97753694,0.97424448,0.96786055,0.95850537,0.94663918,0.93301263,0.91858080,0.90439552,0.89149262,0.88078994,0.87300862,0.86862515,0.86785529,0.87066538,0.87680198,0.88582953,0.89716715,0.91011969,0.92390215,0.93766111,0.95049837,0.96150330,0.96979801,0.97459645,0.97527409,0.97144013,0.96300099,0.95020294,0.93364334,0.91424462,0.89319041,0.87182992,0.85156173,0.83371146,0.81941931,0.80955112,0.80464272,0.80488125,0.81012101,0.81992644,0.83363199,0.85040801,0.86932385,0.88940224,0.90966306,0.92915807,0.94700052,0.96239457,0.97466776,0.98330743,0.98799811,0.98865407,0.98543956,0.97876970,0.96928728,0.95781454,0.94528325,0.93265080,0.92081299,0.91052558,0.90234574,0.89660081,0.89338739,0.89259794,0.89396787,0.89713331,0.90168920,0.90723862,0.91342730,0.91996089,0.92660614,0.93318035,0.93953533,0.94554180,0.95107882,0.95602974,0.96028342,0.96373737
0.84592695,0.85750605,0.87169426,0.88781604,0.90501929,0.92228430,0.93846407,0.95236577,0.96287186,0.96908711,0.97048603,0.96703008,0.95922562,0.94810339,0.93511502,0.92195833,0.91035682,0.90182793,0.89747701,0.89785079,0.90287392,0.91187818,0.92371689,0.93694219,0.95001203,0.96149109,0.97021435,0.97539238,0.97665077,0.97400904,0.96781427,0.95865070,0.94724671,0.93439707,0.92091008,0.90758001,0.89517707,0.88444186,0.87607144,0.87068770,0.86878612,0.87067088,0.87638850,0.88567638,0.89794207,0.91228499,0.92756472,0.94251058,0.95585834,0.96649340,0.97357768,0.97664014,0.97561705,0.97083754,0.96295924,0.95286754,0.94155704,0.93001576,0.91912970,0.90961958,0.90201344,0.89665100,0.89370947,0.89323828,0.89519030,0.89944124,0.90579390,0.91396995,0.92359637,0.93419642,0.94519449,0.95594113,0.96575917,0.97400604,0.98014236,0.98379465,0.98479995,0.98322338,0.97934491,0.97361714,0.96660192,0.95889734,0.95106851,0.94359394,0.93683541,0.93103357,0.92632545,0.92277578,0.92041173,0.91925091,0.91931541,0.92062847,0.92319542,0.92697467,0.93184730,0.93759469,0.94389124,0.95031609,0.95638247,0.96157960
0.98945427,0.98578949,0.98115491,0.97586732,0.97010380,0.96392743,0.95734095,0.95035008,0.94301810,0.93549816,0.92803703,0.92095192,0.91458839,0.90927067,0.90525632,0.90270478,0.90166489,0.90208130,0.90381474,0.90666897,0.91041703,0.91482181,0.91964947,0.92467646,0.92969268,0.93450317,0.93893017,0.94281654,0.94603039,0.94846958,0.95006454,0.95077742,0.95059729,0.94953271,0.94760466,0.94484349,0.94129238,0.93701783,0.93212513,0.92677453,0.92119306,0.91567654,0.91057803,0.90628120,0.90316028,0.90153198,0.90160685,0.90344906,0.90695208,0.91183541,0.91766352,0.92388467,0.92988378,0.93504163,0.93879189,0.94066885,0.94034051,0.93762552,0.93249509,0.92506332,0.91557033,0.90436225,0.89187068,0.87859278,0.86507125,0.85187280,0.83956292,0.82867614,0.81968225,0.81295117,0.80872105,0.80707468,0.80792937,0.81104333,0.81603970,0.82244628,0.82974645,0.83743488,0.84507026,0.85231796,0.85897696,0.86498791,0.87042248,0.87545665,0.88033293,0.88531755,0.89065861,0.89655037,0.90310706,0.91034750,0.91819037,0.92645814,0.93488784,0.94314616,0.95084734,0.95757252,0.96289017,0.96637756,0.96764378,0.96635463
0.95700548,0.95620887,0.95569035,0.95565656,0.95611019,0.95683120,0.95741089,0.95733631,0.95610890,0.95337116,0.94901118,0.94321845,0.93647573,0.92948636,0.92305193,0.91792583,0.91467378,0.91357038,0.91455342,0.91724491,0.92103374,0.92520115,0.92906113,0.93208503,0.93398443,0.93473711,0.93455447,0.93380245,0.93289724,0.93220172,0.93194634,0.93219110,0.93283466,0.93366493,0.93443577,0.93494860,0.93511777,0.93500309,0.93480233,0.93480640,0.93532941,0.93663128,0.93885212,0.94197376,0.94581724,0.95007583,0.95437491,0.95834404,0.96168394,0.96421336,0.96588623,0.96677715,0.96704115,0.96685944,0.96638558,0.96570570,0.96482181,0.96366123,0.96210854,0.96005055,0.95742214,0.95424064,0.95061974,0.94675955,0.94291542,0.93935341,0.93630355,0.93392165,0.93226839,0.93130949,0.93093598,0.93099858,0.93134722,0.93186591,0.93249451,0.93323327,0.93413033,0.93525699,0.93667859,0.93842882,0.94049426,0.94281223,0.94528169,0.94778347,0.95020400,0.95245587,0.95448985,0.95629565,0.95789202,0.95931047,0.96057855,0.96170870,0.96269651,0.96352882,0.96419826,0.96471846,0.96513306,0.96551273,0.96593750,0.96646512
0.89820043,0.89115470,0.88497507,0.88043082,0.87797699,0.87770857,0.87938682,0.88253058,0.88655104,0.89089870,0.89518845,0.89927385,0.90325457,0.90741680,0.91212230,0.91767273,0.92418078,0.93147650,0.93906925,0.94617350,0.95179390,0.95485367,0.95434258,0.94945845,0.93971860,0.92502541,0.90568024,0.88234986,0.85599756,0.82779436,0.79902597,0.77100716,0.74501057,0.72221148,0.70364643,0.69018068,0.68247960,0.68098021,0.68586234,0.69702211,0.71405345,0.73624446,0.76259465,0.79185614,0.82259858,0.85329343,0.88241068,0.90851881,0.93037885,0.94702375,0.95781642,0.96248249,0.96111657,0.95416336,0.94237669,0.92676069,0.90849785,0.88886931,0.86917278,0.85064374,0.83438485,0.82130818,0.81209317,0.80716249,0.80667640,0.81054462,0.81845330,0.82990309,0.84425369,0.86077008,0.87866695,0.89714876,0.91544477,0.93283887,0.94869512,0.96247942,0.97377778,0.98231072,0.98794261,0.99068403,0.99068521,0.98821943,0.98365663,0.97742960,0.96999657,0.96180496,0.95326098,0.94470868,0.93642050,0.92859907,0.92138796,0.91488717,0.90916811,0.90428329,0.90026743,0.89712926,0.89483636,0.89329739,0.89234730,0.89174103
0.86807151,0.86932266,0.86931250,0.86833015,0.86657616,0.86415473,0.86110032,0.85743325,0.85323142,0.84869937,0.84421430,0.84033219,0.83774586,0.83719782,0.83936187,0.84471503,0.85342482,0.86527569,0.87965242,0.89558872,0.91187701,0.92722319,0.94042005,0.95050885,0.95690047,0.95943616,0.95838025,0.95435036,0.94820197,0.94089120,0.93334169,0.92633837,0.92046307,0.91607705,0.91334450,0.91228305,0.91282269,0.91485526,0.91826216,0.92291518,0.92865471,0.93525567,0.94239584,0.94964066,0.95645448,0.96224161,0.96641236,0.96846267,0.96805139,0.96505928,0.95961699,0.95209568,0.94306177,0.93320459,0.92325080,0.91388133,0.90566505,0.89901862,0.89419558,0.89130115,0.89032405,0.89117384,0.89371316,0.89777696,0.90317618,0.90968861,0.91704392,0.92491177,0.93290138,0.94057753,0.94749367,0.95323757,0.95748128,0.96002506,0.96082569,0.96000226,0.95781753,0.95463820,0.95088186,0.94696128,0.94323648,0.93998267,0.93737807,0.93551064,0.93439865,0.93401721,0.93432237,0.93526597,0.93679796,0.93885710,0.94135496,0.94416031,0.94709120,0.94991952,0.95238958,0.95424762,0.95527606,0.95532419,0.95432710,0.95230711
0.90890535,0.90308300,0.89940329,0.89838081,0.90004695,0.90398056,0.90942258,0.91544921,0.92116630,0.92588339,0.92923151,0.93120298,0.93211013,0.93247820,0.93290172,0.93389914,0.93579855,0.93867773,0.94236782,0.94651477,0.95067951,0.95444984,0.95753557,0.95982465,0.96138869,0.96243981,0.96325251,0.96407232,0.96503502,0.96611652,0.96712539,0.96773895,0.96757348,0.96627099,0.96358194,0.95942487,0.95391040,0.94732597,0.94008722,0.93266912,0.92553384,0.91907158,0.91356621,0.90919027,0.90602588,0.90410181,0.90343356,0.90405290,0.90601793,0.90939974,0.91424940,0.92055436,0.92819677,0.93692646,0.94635787,0.95599433,0.96527688,0.97364815,0.98061901,0.98582478,0.98906047,0.99028985,0.98962865,0.98730841,0.98363070,0.97892310,0.97350619,0.96767690,0.96170816,0.95585993,0.95039355,0.94558043,0.94169810,0.93901076,0.93773608,0.93800494,0.93982403,0.94305176,0.94739620,0.95243872,0.95768174,0.96261231,0.96677024,0.96980737,0.97152693,0.97189638,0.97103247,0.96916396,0.96658139,0.96358607,0.96044961,0.95739153,0.95457733,0.95213303,0.95016767,0.94879289,0.94812964,0.94829603,0.94937567,0.95137208
0.98982005,0.99330386,0.99651297,0.99906087,1.00061707,1.00097739,1.00010663,0.99814626,0.99538757,0.99221736,0.98904866,0.98625145,0.98409670,0.98272351,0.98213312,0.98220762,0.98274649,0.98351115,0.98426748,0.98481813,0.98502022,0.98478789,0.98408273,0.98289733,0.98123799,0.97911201,0.97652289,0.97347459,0.96998272,0.96608887,0.96187310,0.95746050,0.95301919,0.94874968,0.94486711,0.94157939,0.93906466,0.93745159,0.93680513,0.93711964,0.93831971,0.94026796,0.94277797,0.94563061,0.94859193,0.95143124,0.95393823,0.95593800,0.95730286,0.95795967,0.95789222,0.95713828,0.95578144,0.95393875,0.95174537,0.94933841,0.94684262,0.94436032,0.94196733,0.93971508,0.93763775,0.93576195,0.93411607,0.93273665,0.93166958,0.93096545,0.93066955,0.93080906,0.93138072,0.93234303,0.93361601,0.93508949,0.93663899,0.93814590,0.93951761,0.94070314,0.94170024,0.94255177,0.94333112,0.94411927,0.94497825,0.94592743,0.94692873,0.94788524,0.94865436,0.94907355,0.94899377,0.94831402,0.94700994,0.94515046,0.94289827,0.94049312,0.93822042,0.93637055,0.93519665,0.93487815,0.93549621,0.93702372,0.93932946,0.94219336
0.93685759,0.93649389,0.93592040,0.93553122,0.93560229,0.93624550,0.93737767,0.93871425,0.93979571,0.94004956,0.93888293,0.93579249,0.93047234,0.92289856,0.91337269,0.90251315,0.89119336,0.88043491,0.87127284,0.86461571,0.86112480,0.86113346,0.86461966,0.87123340,0.88036963,0.89126865,0.90312211,0.91516441,0.92673510,0.93730625,0.94647763,0.95394987,0.95948992,0.96290404,0.96402943,0.96274959,0.95903008,0.95296457,0.94481690,0.93504448,0.92429202,0.91335113,0.90308912,0.89435742,0.88789509,0.88424432,0.88369273,0.88625174,0.89167317,0.89949874,0.90913119,0.91991274,0.93119685,0.94240242,0.95304495,0.96274491,0.97121893,0.97826209,0.98373049,0.98753104,0.98962183,0.99002215,0.98882712,0.98622017,0.98247599,0.97794934,0.97304815,0.96819409,0.96377712,0.96011254,0.95740901,0.95575368,0.95511697,0.95537523,0.95634563,0.95782536,0.95962661,0.96160043,0.96364583,0.96570423,0.96774319,0.96973578,0.97164235,0.97340060,0.97492709,0.97612989,0.97692888,0.97727815,0.97718373,0.97671161,0.97598288,0.97515653,0.97440319,0.97387565,0.97368223,0.97386835,0.97440934,0.97521433,0.97613867,0.97699990
0.95186870,0.95553492,0.95998050,0.96453005,0.96833723,0.97051718,0.97028861,0.96710510,0.96075511,0.95141324,0.93963218,0.92627493,0.91239797,0.89910524,0.88739731,0.87804023,0.87147395,0.86777327,0.86666551,0.86760011,0.86985635,0.87266860,0.87534513,0.87735920,0.87839766,0.87836326,0.87733691,0.87551430,0.87313554,0.87042563,0.86755958,0.86465897,0.86181782,0.85914778,0.85682666,0.85513241,0.85444831,0.85523204,0.85795107,0.86299576,0.87058805,0.88070569,0.89303999,0.90699865,0.92175606,0.93634366,0.94976431,0.96110955,0.96965862,0.97494260,0.97676545,0.97518337,0.97045241,0.96296002,0.95315832,0.94151380,0.92848282,0.91451382,0.90006905,0.88565313,0.87183320,0.85923795,0.84852857,0.84034284,0.83522113,0.83352927,0.83539521,0.84067515,0.84895854,0.85961389,0.87186786,0.88490289,0.89795475,0.91039171,0.92176196,0.93180360,0.94041988,0.94763024,0.95351190,0.95814791,0.96159440,0.96387373,0.96499266,0.96497741,0.96391263,0.96197029,0.95941725,0.95659620,0.95388229,0.95162455,0.95008587,0.94939635,0.94953219,0.95032584,0.95150570,0.95275557,0.95377925,0.95435399,0.95435961,0.95377611
0.98992022,0.99121957,0.98852891,0.98202578,0.97209441,0.95935933,0.94469640,0.92920630,0.91414260,0.90079820,0.89036463,0.88378731,0.88164211,0.88405605,0.89068661,0.90076383,0.91318782,0.92666562,0.93986501,0.95156226,0.96076375,0.96678839,0.96930537,0.96833010,0.96418621,0.95744497,0.94885333,0.93926002,0.92954545,0.92055818,0.91305806,0.90766553,0.90481764,0.90473345,0.90739311,0.91253550,0.91967828,0.92816144,0.93721192,0.94602292,0.95383860,0.96003286,0.96417131,0.96604799,0.96569261,0.96334939,0.95943305,0.95447085,0.94904053,0.94371285,0.93900485,0.93534668,0.93306140,0.93235482,0.93331146,0.93589315,0.93993891,0.94516705,0.95118257,0.95749375,0.96354088,0.96873794,0.97252482,0.97442426,0.97409558,0.97137595,0.96630131,0.95910185,0.95017161,0.94001677,0.92919129,0.91823128,0.90759912,0.89764668,0.88860227,0.88058152,0.87361698,0.86769800,0.86281038,0.85896639,0.85621846,0.85465454,0.85437735,0.85547393,0.85798365,0.86187312,0.86702422,0.87323815,0.88025440,0.88777942,0.89551809,0.90320024,0.91059664,0.91752177,0.92382453,0.92937098,0.93402558,0.93763746,0.94003737,0.94104779
0.90323082,0.90729611,0.91317197,0.92058854,0.92894997,0.93739435,0.94492129,0.95056595,0.95358489,0.95361344,0.95075799,0.94560032,0.93911048,0.93248554,0.92694668,0.92353515,0.92294530,0.92542335,0.93074612,0.93827742,0.94708584,0.95609720,0.96425178,0.97063916,0.97459262,0.97573612,0.97398787,0.96953193,0.96277167,0.95427747,0.94473637,0.93490599,0.92557085,0.91749693,0.91138101,0.90779414,0.90712289,0.90951651,0.91485029,0.92271578,0.93244466,0.94316789,0.95390447,0.96366863,0.97158015,0.97696187,0.97941081,0.97883388,0.97544556,0.96973044,0.96237884,0.95420599,0.94606558,0.93876701,0.93300291,0.92929068,0.92793013,0.92897832,0.93224263,0.93729347,0.94349781,0.95007405,0.95616637,0.96093389,0.96364615,0.96377359,0.96105971,0.95556284,0.94765872,0.93800113,0.92744440,0.91693836,0.90741097,0.89965584,0.89424108,0.89145160,0.89127105,0.89340232,0.89731925,0.90233812,0.90769671,0.91263016,0.91643697,0.91853236,0.91848973,0.91607269,0.91126005,0.90426391,0.89553817,0.88577096,0.87585352,0.86681884,0.85974792,0.85564875,0.85532039,0.85922062,0.86735872,0.87923346,0.89383168,0.90969424
0.97501646,0.97646240,0.97829642,0.98008931,0.98132915,0.98153724,0.98037709,0.97773670,0.97376759,0.96887169,0.96363680,0.95873290,0.95479027,0.95228437,0.95145071,0.95224547,0.95435856,0.95727517,0.96037371,0.96304120,0.96478353,0.96530909,0.96456906,0.96274770,0.96020679,0.95739863,0.95476773,0.95266237,0.95127337,0.95061057,0.95051922,0.95073024,0.95093133,0.95084207,0.95027568,0.94917432,0.94761165,0.94576470,0.94386446,0.94213839,0.94075946,0.93981327,0.93928989,0.93910095,0.93911600,0.93920793,0.93929510,0.93936921,0.93950191,0.93982893,0.94051597,0.94171540,0.94352448,0.94595532,0.94892402,0.95226112,0.95574070,0.95912084,0.96218570,0.96477958,0.96682594,0.96832825,0.96935412,0.97000819,0.97040150,0.97062572,0.97073858,0.97076360,0.97070257,0.97055592,0.97034341,0.97011799,0.96996747,0.97000228,0.97033135,0.97103170,0.97211936,0.97352982,0.97511418,0.97665398,0.97789274,0.97857810,0.97850556,0.97755431,0.97570741,0.97305243,0.96976296,0.96606574,0.96220113,0.95838629,0.95478905,0.95151774,0.94862760,0.94613949,0.94406351,0.94241845,0.94123957,0.94057046,0.94043920,0.94082376
0.95056556,0.94917093,0.94867259,0.94937991,0.95134833,0.95436546,0.95798426,0.96160024,0.96456182,0.96629420,0.96641289,0.96480308,0.96164764,0.95739704,0.95268725,0.94822206,0.94464290,0.94241130,0.94172610,0.94249144,0.94434158,0.94671759,0.94897987,0.95053281,0.95093550,0.94997665,0.94770041,0.94438135,0.94045737,0.93643724,0.93280316,0.92992878,0.92802852,0.92714643,0.92718361,0.92795406,0.92925257,0.93091652,0.93286594,0.93511310,0.93774058,0.94085489,0.94452866,0.94874669,0.95337079,0.95813334,0.96266320,0.96653919,0.96936026,0.97081717,0.97075038,0.96918197,0.96631533,0.96250328,0.95819161,0.95385026,0.94990570,0.94668754,0.94439811,0.94310800,0.94277482,0.94327735,0.94445484,0.94614130,0.94818714,0.95046505,0.95286144,0.95525917,0.95751952,0.95947142,0.96091374,0.96163278,0.96143250,0.96017157,0.95779877,0.95437817,0.95009712,0.94525408,0.94022733,0.93543017,0.93126092,0.92805697,0.92606083,0.92540310,0.92610337,0.92808638,0.93120757,0.93528094,0.94010239,0.94546409,0.95115846,0.95697396,0.96268731,0.96805775,0.97282821,0.97673582,0.97953142,0.98100467,0.98100926,0.97948202
0.93115310,0.93043816,0.93135447,0.93356037,0.93661816,0.94011005,0.94372906,0.94732757,0.95091642,0.95461905,0.95859576,0.96295955,0.96770592,0.97267436,0.97755058,0.98190836,0.98528074,0.98724443,0.98749884,0.98592298,0.98259881,0.97779686,0.97192862,0.96547678,0.95891891,0.95266027,0.94698834,0.94205556,0.93789026,0.93442953,0.93156416,0.92918405,0.92721376,0.92563103,0.92446591,0.92378240,0.92364928,0.92410819,0.92514773,0.92668980,0.92859129,0.93066035,0.93268297,0.93445390,0.93580479,0.93662395,0.93686405,0.93653688,0.93569765,0.93442302,0.93278868,0.93085162,0.92864080,0.92615805,0.92338794,0.92031395,0.91693662,0.91328916,0.90944692,0.90552842,0.90168775,0.89809993,0.89494250,0.89237698,0.89053387,0.88950384,0.88933604,0.89004314,0.89161082,0.89400904,0.89720185,0.90115328,0.90582805,0.91118707,0.91717908,0.92373085,0.93073872,0.93806406,0.94553438,0.95295054,0.96009887,0.96676619,0.97275459,0.97789350,0.98204694,0.98511530,0.98703227,0.98775878,0.98727625,0.98558181,0.98268744,0.97862345,0.97344553,0.96724289,0.96014429,0.95231871,0.94396846,0.93531372,0.92656976,0.91791957
0.94534459,0.93857643,0.93274772,0.92817857,0.92502356,0.92327923,0.92280699,0.92336871,0.92467109,0.92641263,0.92832528,0.93020316,0.93191273,0.93338332,0.93458158,0.93547702,0.93600799,0.93605720,0.93544453,0.93394187,0.93131028,0.92735435,0.92198284,0.91526165,0.90744453,0.89897135,0.89043049,0.88248984,0.87580745,0.87093728,0.86824704,0.86786294,0.86965235,0.87324748,0.87810564,0.88359359,0.88907895,0.89401108,0.89797723,0.90072670,0.90216294,0.90231071,0.90126999,0.89917040,0.89613845,0.89228559,0.88771852,0.88256638,0.87701388,0.87132756,0.86586357,0.86105038,0.85734629,0.85517817,0.85487354,0.85660040,0.86032908,0.86582622,0.87268419,0.88038185,0.88836481,0.89612964,0.90329540,0.90964898,0.91515670,0.91994167,0.92423378,0.92830423,0.93239992,0.93669152,0.94124571,0.94602531,0.95091404,0.95575694,0.96040417,0.96474620,0.96873138,0.97236189,0.97566997,0.97868163,0.98137808,0.98366653,0.98536933,0.98623647,0.98598005,0.98432419,0.98105988,0.97609306,0.96947601,0.96141585,0.95225916,0.94245618,0.93251261,0.92293808,0.91420091,0.90669531,0.90072374,0.89649216,0.89411267,0.89360656
0.98768626,0.98769676,0.98743309,0.98695357,0.98618712,0.98503756,0.98346574,0.98152776,0.97936320,0.97714435,0.97500941,0.97300633,0.97106903,0.96903604,0.96670775,0.96392633,0.96065459,0.95702875,0.95336549,0.95011528,0.94776894,0.94673855,0.94724277,0.94922710,0.95234149,0.95598331,0.95939808,0.96181662,0.96259908,0.96135509,0.95801442,0.95283383,0.94634057,0.93922727,0.93222416,0.92597832,0.92096584,0.91745274,0.91550679,0.91504962,0.91592921,0.91798925,0.92111464,0.92524021,0.93032147,0.93627740,0.94292485,0.94992714,0.95677704,0.96282548,0.96735562,0.96968999,0.96930904,0.96595571,0.95970202,0.95096193,0.94044558,0.92906317,0.91779742,0.90757016,0.89912850,0.89297107,0.88932429,0.88816726,0.88929337,0.89238935,0.89711086,0.90313663,0.91019095,0.91803357,0.92642600,0.93508937,0.94367178,0.95173970,0.95880152,0.96436164,0.96799487,0.96942438,0.96858407,0.96564937,0.96102673,0.95530157,0.94915365,0.94325663,0.93818181,0.93432561,0.93187410,0.93080955,0.93095416,0.93203788,0.93377256,0.93591446,0.93830125,0.94085673,0.94356495,0.94642319,0.94938840,0.95233279,0.95502169,0.95712046
0.97330432,0.97404516,0.97355312,0.97191057,0.96910544,0.96504805,0.95961775,0.95273110,0.94441737,0.93488390,0.92455421,0.91406666,0.90422916,0.89593464,0.89005054,0.88730045,0.88815777,0.89276914,0.90092015,0.91204904,0.92530600,0.93964805,0.95395393,0.96714068,0.97826494,0.98659650,0.99165812,0.99323258,0.99134322,0.98621733,0.97824284,0.96792664,0.95586051,0.94269600,0.92912664,0.91587240,0.90366104,0.89320123,0.88514541,0.88004370,0.87829345,0.88009189,0.88540006,0.89392557,0.90512940,0.91825835,0.93240107,0.94656178,0.95974315,0.97102859,0.97965451,0.98506491,0.98694360,0.98522257,0.98006828,0.97184994,0.96109551,0.94844167,0.93458351,0.92022846,0.90605746,0.89269433,0.88068291,0.87047056,0.86239650,0.85668398,0.85343576,0.85263327,0.85414026,0.85771179,0.86300951,0.86962366,0.87710149,0.88498045,0.89282367,0.90025388,0.90698221,0.91282819,0.91772883,0.92173563,0.92499968,0.92774653,0.93024360,0.93276389,0.93555059,0.93878697,0.94257505,0.94692524,0.95175740,0.95691209,0.96216996,0.96727602,0.97196524,0.97598585,0.97911735,0.98118127,0.98204424,0.98161473,0.97983513,0.97667198
0.85300679,0.84661848,0.84344348,0.84416894,0.84896846,0.85743630,0.86863325,0.88124060,0.89379297,0.90494126,0.91368835,0.91954643,0.92258405,0.92335730,0.92274591,0.92173452,0.92118922,0.92167695,0.92336379,0.92600893,0.92904900,0.93174778,0.93337264,0.93335629,0.93140850,0.92755749,0.92211879,0.91560613,0.90861086,0.90168096,0.89522764,0.88947768,0.88447715,0.88013832,0.87631200,0.87286260,0.86972484,0.86692805,0.86458370,0.86284218,0.86183293,0.86160592,0.86209132,0.86308895,0.86429086,0.86533178,0.86585551,0.86558181,0.86435912,0.86219247,0.85924207,0.85579535,0.85222044,0.84891297,0.84624774,0.84454429,0.84405015,0.84494055,0.84732854,0.85127814,0.85681267,0.86391379,0.87251028,0.88245971,0.89352964,0.90538601,0.91759574,0.92964708,0.94098741,0.95107331,0.95942490,0.96567513,0.96960540,0.97116203,0.97045145,0.96771676,0.96330110,0.95760608,0.95105289,0.94405218,0.93698549,0.93019749,0.92399550,0.91865161,0.91440284,0.91144616,0.90992780,0.90992837,0.91144752,0.91439289,0.91857747,0.92372799,0.92950401,0.93552469,0.94139816,0.94674765,0.95123000,0.95454433,0.95643152,0.95666798
0.96143172,0.95970885,0.95774054,0.95541268,0.95274837,0.94996545,0.94747516,0.94582024,0.94556557,0.94716705,0.95084948,0.95652175,0.96374824,0.97178272,0.97965750,0.98630998,0.99072237,0.99204953,0.98971461,0.98346094,0.97335932,0.95977904,0.94333612,0.92483303,0.90520081,0.88544914,0.86662424,0.84976976,0.83588397,0.82586702,0.82045612,0.82015252,0.82515013,0.83527997,0.84998478,0.86833424,0.88908472,0.91077919,0.93187592,0.95088921,0.96652331,0.97778197,0.98404067,0.98507520,0.98104858,0.97246401,0.96009614,0.94491279,0.92799730,0.91047785,0.89346561,0.87800046,0.86500115,0.85521722,0.84918236,0.84717224,0.84917305,0.85486880,0.86365426,0.87467764,0.88691179,0.89924776,0.91059963,0.92000694,0.92672039,0.93025912,0.93043294,0.92732943,0.92127231,0.91276214,0.90241191,0.89088894,0.87887071,0.86701711,0.85595694,0.84628229,0.83854261,0.83323077,0.83075685,0.83141031,0.83531654,0.84239746,0.85234684,0.86462934,0.87850753,0.89309635,0.90743833,0.92058924,0.93170075,0.94008782,0.94527110,0.94699058,0.94519254,0.93999779,0.93166175,0.92053733,0.90704836,0.89167690,0.87496191,0.85750251
0.91799569,0.91394184,0.91031992,0.90729076,0.90467384,0.90203204,0.89882395,0.89458651,0.88910246,0.88250976,0.87532353,0.86836223,0.86259300,0.85893049,0.85803407,0.86014796,0.86501895,0.87190910,0.87970077,0.88707277,0.89271283,0.89552593,0.89480085,0.89030780,0.88231549,0.87153199,0.85898791,0.84588848,0.83346293,0.82283469,0.81492748,0.81041160,0.80968578,0.81288389,0.81989435,0.83038208,0.84380741,0.85944249,0.87639008,0.89361254,0.90997831,0.92432958,0.93556911,0.94275836,0.94521413,0.94258918,0.93492364,0.92265799,0.90660436,0.88787929,0.86780641,0.84780177,0.82925582,0.81342498,0.80134277,0.79375591,0.79108726,0.79342398,0.80052822,0.81186676,0.82665670,0.84392439,0.86257521,0.88147159,0.89951543,0.91572998,0.92933398,0.93979993,0.94688909,0.95065760,0.95143255,0.94976089,0.94633833,0.94192791,0.93727882,0.93305595,0.92978769,0.92783652,0.92739205,0.92848253,0.93099771,0.93471598,0.93933018,0.94446958,0.94971861,0.95463542,0.95877393,0.96171253,0.96309054,0.96265040,0.96028011,0.95604757,0.95021754,0.94324333,0.93572947,0.92836749,0.92185225,0.91679117,0.91362041,0.91254145
0.93626510,0.93856919,0.94178408,0.94609983,0.95156423,0.95803011,0.96513114,0.97229868,0.97882485,0.98396571,0.98706762,0.98769158,0.98570816,0.98134134,0.97514943,0.96794493,0.96066680,0.95422834,0.94936877,0.94653668,0.94582793,0.94699011,0.94949122,0.95263655,0.95570748,0.95809233,0.95938323,0.95942231,0.95829266,0.95626164,0.95369380,0.95095588,0.94833718,0.94600310,0.94399070,0.94224346,0.94067237,0.93922359,0.93793234,0.93694661,0.93651306,0.93692692,0.93845735,0.94126606,0.94533941,0.95045169,0.95617066,0.96190660,0.96699615,0.97080416,0.97282323,0.97275104,0.97053124,0.96635171,0.96060289,0.95380730,0.94653625,0.93933149,0.93264653,0.92681660,0.92205815,0.91849185,0.91617750,0.91514777,0.91542929,0.91704447,0.91999363,0.92422323,0.92959064,0.93583766,0.94258348,0.94934339,0.95557335,0.96073407,0.96436301,0.96614054,0.96593699,0.96383133,0.96009807,0.95516541,0.94955317,0.94380280,0.93841227,0.93378662,0.93021063,0.92784478,0.92674052,0.92686686,0.92813956,0.93044450,0.93365062,0.93761159,0.94215891,0.94709248,0.95217445,0.95713191,0.96167023,0.96549631,0.96834676,0.97001456
0.98376005,0.97688349,0.96920089,0.96133261,0.95374661,0.94673489,0.94042952,0.93485029,0.92996962,0.92577827,0.92233549,0.91979130,0.91837512,0.91835306,0.91996387,0.92334820,0.92848717,0.93516352,0.94295409,0.95125618,0.95934545,0.96645727,0.97187982,0.97504438,0.97559860,0.97345098,0.96878037,0.96201035,0.95375367,0.94473612,0.93571087,0.92737525,0.92030065,0.91488449,0.91132905,0.90964762,0.90969340,0.91120338,0.91384770,0.91727596,0.92115373,0.92518580,0.92912583,0.93277478,0.93597332,0.93859392,0.94053808,0.94174150,0.94218686,0.94192035,0.94106613,0.93983233,0.93850351,0.93741713,0.93692497,0.93734450,0.93890815,0.94172030,0.94573133,0.95073534,0.95639344,0.96227956,0.96794075,0.97296136,0.97701914,0.97992311,0.98162653,0.98221342,0.98186282,0.98079949,0.97924251,0.97736313,0.97526010,0.97295658,0.97041709,0.96757873,0.96438767,0.96083102,0.95695554,0.95286837,0.94871995,0.94467400,0.94087348,0.93741230,0.93432086,0.93156995,0.92909233,0.92681663,0.92470445,0.92278031,0.92114492,0.91996610,0.91944684,0.91977605,0.92107259,0.92333519,0.92641056,0.92998822,0.93362483,0.93679479
0.96938453,0.96766157,0.96620108,0.96528568,0.96509586,0.96565948,0.96682114,0.96824741,0.96947561,0.97000218,0.96939447,0.96740090,0.96403252,0.95959402,0.95465337,0.94995267,0.94627617,0.94430114,0.94446212,0.94685764,0.95122022,0.95695726,0.96325443,0.96921923,0.97403369,0.97708420,0.97804323,0.97688979,0.97386993,0.96941123,0.96401458,0.95814955,0.95217718,0.94631540,0.94065089,0.93518873,0.92992147,0.92489482,0.92024878,0.91622035,0.91310497,0.91118483,0.91064150,0.91147516,0.91345187,0.91609490,0.91872627,0.92055353,0.92078639,0.91876091,0.91404747,0.90652193,0.89638770,0.88414668,0.87052687,0.85638246,0.84258611,0.82993240,0.81906747,0.81045246,0.80436018,0.80089741,0.80004087,0.80167391,0.80561408,0.81162659,0.81942474,0.82866299,0.83893115,0.84975811,0.86063087,0.87103043,0.88048064,0.88860166,0.89515714,0.90008386,0.90349646,0.90566441,0.90696477,0.90781930,0.90862720,0.90970552,0.91124724,0.91330280,0.91578637,0.91850278,0.92118721,0.92354826,0.92530549,0.92621590,0.92608747,0.92478208,0.92221211,0.91833607,0.91315735,0.90672829,0.89915855,0.89062439,0.88137326,0.87171794
0.88696381,0.88815928,0.88999888,0.89264165,0.89596384,0.89957081,0.90287821,0.90524472,0.90612682,0.90521995,0.90255334,0.89851611,0.89380761,0.88932254,0.88599485,0.88463267,0.88577628,0.88960505,0.89590819,0.90412108,0.91341712,0.92283549,0.93142027,0.93834645,0.94301342,0.94509477,0.94454326,0.94155834,0.93652907,0.92996731,0.92244403,0.91453770,0.90679858,0.89972809,0.89376891,0.88930015,0.88663176,0.88599483,0.88752715,0.89125633,0.89708512,0.90478394,0.91399479,0.92424860,0.93499548,0.94564478,0.95561021,0.96435419,0.97142631,0.97649135,0.97934499,0.97991667,0.97826151,0.97454386,0.96901590,0.96199436,0.95383779,0.94492623,0.93564414,0.92636693,0.91745063,0.90922414,0.90198326,0.89598579,0.89144712,0.88853592,0.88736972,0.88801018,0.89045851,0.89465131,0.90045786,0.90767995,0.91605540,0.92526622,0.93495197,0.94472788,0.95420678,0.96302267,0.97085361,0.97744118,0.98260452,0.98624739,0.98835811,0.98900310,0.98831573,0.98648270,0.98372990,0.98030949,0.97648872,0.97254019,0.96873256,0.96532028,0.96253115,0.96055144,0.95950890,0.95945536,0.96035145,0.96205643,0.96432599,0.96682012
0.93068895,0.92863560,0.92560369,0.92154784,0.91651102,0.91063877,0.90418377,0.89750059,0.89102932,0.88526663,0.88072469,0.87788018,0.87711900,0.87868367,0.88263199,0.88881403,0.89687294,0.90627150,0.91634201,0.92635365,0.93558784,0.94341100,0.94933510,0.95305894,0.95448674,0.95372457,0.95105767,0.94691374,0.94181757,0.93634208,0.93105958,0.92649580,0.92308804,0.92114866,0.92083534,0.92213098,0.92483625,0.92857849,0.93283879,0.93699762,0.94039600,0.94240666,0.94250725,0.94034599,0.93579086,0.92895494,0.92019412,0.91007744,0.89933425,0.88878513,0.87926533,0.87154928,0.86628364,0.86393435,0.86475061,0.86874649,0.87569940,0.88516347,0.89649668,0.90890036,0.92147040,0.93325890,0.94334390,0.95090311,0.95528597,0.95607659,0.95313974,0.94664252,0.93704680,0.92507080,0.91162309,0.89771616,0.88436996,0.87251715,0.86292112,0.85611563,0.85237156,0.85169204,0.85383331,0.85834532,0.86462451,0.87197134,0.87964710,0.88692705,0.89314912,0.89775848,0.90034836,0.90069598,0.89879115,0.89485314,0.88933055,0.88287891,0.87631258,0.87053093,0.86642390,0.86476658,0.86611639,0.87072747,0.87849578,0.88894421
0.95229577,0.95820991,0.96306850,0.96676188,0.96898057,0.96928606,0.96722916,0.96248819,0.95499427,0.94501421,0.93317073,0.92039420,0.90781469,0.89661513,0.88787356,0.88242211,0.88074569,0.88293373,0.88868822,0.89738120,0.90814770,0.91999637,0.93191994,0.94299059,0.95243072,0.95965546,0.96428870,0.96615851,0.96527925,0.96182724,0.95611474,0.94856451,0.93968496,0.93004497,0.92024728,0.91089997,0.90258646,0.89583491,0.89108873,0.88867996,0.88880732,0.89152067,0.89671278,0.90411911,0.91332592,0.92378706,0.93485017,0.94579223,0.95586445,0.96434417,0.97059069,0.97409961,0.97455007,0.97183864,0.96609489,0.95767511,0.94713393,0.93517637,0.92259638,0.91020954,0.89878876,0.88901009,0.88141364,0.87638146,0.87413095,0.87472022,0.87806032,0.88392939,0.89198481,0.90177230,0.91273320,0.92421430,0.93548507,0.94576692,0.95427657,0.96028224,0.96316777,0.96249690,0.95806830,0.94995198,0.93849960,0.92432483,0.90825437,0.89125553,0.87435000,0.85852568,0.84465828,0.83345158,0.82540169,0.82078605,0.81967399,0.82195286,0.82736215,0.83552814,0.84599321,0.85823691,0.87168937,0.88574025,0.89974840,0.91305681
0.85646927,0.88001218,0.90205095,0.92149716,0.93719047,0.94800054,0.95296206,0.95142438,0.94319106,0.92862278,0.90867981,0.88488862,0.85922919,0.83395285,0.81135285,0.79351716,0.78209588,0.77811307,0.78184683,0.79279259,0.80971371,0.83077266,0.85372491,0.87614985,0.89568954,0.91026734,0.91826420,0.91863885,0.91098649,0.89553848,0.87311123,0.84501635,0.81294576,0.77884464,0.74478296,0.71283222,0.68495074,0.66287838,0.64804080,0.64146476,0.64370782,0.65480816,0.67426163,0.70103304,0.73360721,0.77008166,0.80829776,0.84600167,0.88102105,0.91143978,0.93575174,0.95297613,0.96272132,0.96519015,0.96112762,0.95171886,0.93845165,0.92296138,0.90687745,0.89168757,0.87863270,0.86863886,0.86228676,0.85981462,0.86114660,0.86593790,0.87362870,0.88350081,0.89473403,0.90646102,0.91782124,0.92801452,0.93635371,0.94231458,0.94557868,0.94606372,0.94393533,0.93959564,0.93364675,0.92683146,0.91995735,0.91381362,0.90909165,0.90631951,0.90581857,0.90768650,0.91180688,0.91788081,0.92547321,0.93406464,0.94309989,0.95202722,0.96032526,0.96751830,0.97318335,0.97695389,0.97852517,0.97766423,0.97422530,0.96816821
0.88290558,0.87485007,0.86702744,0.85967221,0.85284457,0.84651562,0.84066542,0.83536802,0.83084148,0.82745105,0.82566426,0.82596800,0.82876554,0.83427494,0.84244973,0.85293739,0.86508379,0.87798259,0.89056131,0.90169034,0.91029892,0.91548309,0.91659290,0.91329015,0.90557256,0.89376457,0.87847960,0.86056128,0.84101243,0.82092002,0.80138274,0.78344594,0.76804703,0.75597353,0.74783432,0.74404359,0.74481514,0.75016434,0.75991493,0.77370913,0.79102071,0.81117204,0.83335666,0.85666904,0.88014290,0.90279837,0.92369679,0.94199979,0.95702705,0.96830590,0.97560571,0.97895158,0.97861439,0.97507760,0.96898448,0.96107248,0.95210348,0.94279921,0.93379020,0.92558369,0.91855206,0.91293952,0.90888161,0.90643049,0.90557938,0.90628063,0.90845453,0.91198909,0.91673344,0.92249001,0.92901082,0.93600211,0.94313929,0.95009062,0.95654572,0.96224334,0.96699252,0.97068284,0.97328128,0.97481630,0.97535288,0.97496420,0.97370725,0.97160842,0.96866305,0.96484923,0.96015267,0.95459686,0.94827143,0.94135185,0.93410536,0.92688018,0.92007887,0.91411938,0.90939021,0.90620709,0.90477773,0.90517898,0.90734772,0.91108385
0.90359271,0.91134270,0.92098156,0.93183170,0.94289019,0.95301426,0.96113787,0.96647348,0.96865581,0.96779778,0.96444877,0.95946789,0.95384354,0.94850079,0.94413760,0.94112166,0.93946343,0.93886300,0.93881275,0.93872722,0.93806878,0.93644223,0.93364188,0.92964829,0.92458451,0.91865068,0.91205877,0.90498638,0.89756041,0.88987172,0.88201219,0.87411941,0.86641267,0.85920699,0.85289857,0.84792334,0.84469773,0.84355529,0.84469385,0.84814471,0.85376974,0.86128489,0.87030258,0.88038140,0.89107100,0.90194303,0.91260438,0.92269479,0.93187595,0.93982149,0.94621677,0.95077361,0.95326010,0.95353987,0.95161110,0.94763389,0.94193628,0.93499344,0.92738122,0.91971110,0.91255860,0.90639903,0.90156246,0.89821565,0.89637201,0.89592426,0.89668950,0.89845412,0.90100690,0.90415290,0.90770665,0.91146994,0.91520419,0.91860999,0.92132479,0.92294519,0.92307354,0.92138167,0.91767883,0.91196877,0.90448149,0.89566998,0.88616923,0.87672292,0.86809034,0.86095068,0.85582199,0.85300880,0.85258521,0.85441276,0.85818472,0.86348394,0.86983987,0.87677233,0.88381442,0.89051364,0.89641723,0.90105288,0.90391800,0.90448862
0.99300392,0.99339520,0.99232390,0.98961438,0.98530996,0.97968237,0.97318335,0.96635782,0.95974637,0.95380359,0.94885082,0.94506868,0.94252228,0.94120344,0.94107100,0.94207318,0.94414309,0.94716839,0.95094626,0.95514213,0.95927195,0.96272277,0.96481522,0.96489910,0.96246246,0.95723001,0.94922780,0.93879858,0.92656222,0.91332770,0.89997336,0.88731968,0.87602058,0.86649471,0.85890809,0.85320679,0.84918584,0.84657337,0.84510709,0.84458421,0.84487488,0.84589966,0.84758148,0.84979023,0.85230034,0.85477854,0.85681102,0.85796755,0.85788976,0.85638252,0.85348549,0.84950489,0.84499432,0.84068429,0.83737223,0.83579368,0.83650056,0.83977110,0.84556931,0.85356064,0.86317859,0.87372595,0.88448809,0.89483451,0.90428896,0.91255708,0.91951118,0.92514186,0.92949405,0.93260750,0.93447918,0.93505816,0.93427320,0.93208448,0.92854302,0.92383950,0.91832553,0.91249773,0.90694362,0.90225855,0.89895075,0.89735567,0.89757942,0.89948508,0.90272600,0.90681931,0.91124380,0.91554123,0.91939925,0.92269891,0.92551787,0.92809026,0.93073422,0.93376486,0.93741322,0.94176931,0.94676010,0.95216421,0.95765557,0.96286184
0.90987328,0.89699351,0.88183169,0.86520571,0.84808286,0.83148816,0.81639774,0.80363852,0.79381466,0.78727386,0.78411492,0.78422667,0.78734099,0.79308178,0.80099637,0.81056408,0.82118561,0.83216445,0.84269676,0.85188652,0.85879815,0.86254845,0.86242706,0.85802296,0.84932876,0.83679612,0.82132453,0.80417911,0.78684719,0.77085586,0.75758070,0.74807838,0.74297163,0.74240478,0.74607345,0.75331642,0.76324616,0.77488874,0.78730557,0.79967779,0.81134488,0.82180174,0.83066772,0.83764681,0.84249844,0.84503277,0.84513505,0.84281290,0.83825144,0.83185662,0.82426841,0.81633177,0.80902344,0.80334316,0.80018749,0.80022944,0.80382749,0.81098180,0.82134584,0.83428969,0.84900097,0.86460184,0.88025904,0.89526701,0.90909197,0.92137488,0.93190077,0.94054993,0.94724894,0.95193815,0.95456548,0.95510781,0.95361216,0.95024237,0.94531464,0.93930706,0.93283464,0.92658986,0.92125775,0.91742185,0.91548087,0.91559414,0.91766818,0.92138730,0.92628125,0.93181487,0.93748023,0.94287191,0.94773102,0.95195132,0.95555004,0.95861452,0.96124080,0.96348157,0.96531730,0.96665714,0.96736745,0.96731790,0.96642966,0.96470969
0.91548156,0.90814571,0.90185127,0.89661753,0.89227154,0.88859842,0.88548433,0.88301612,0.88151209,0.88147463,0.88347567,0.88800271,0.89530409,0.90527216,0.91739393,0.93078312,0.94428969,0.95666695,0.96676448,0.97370988,0.97704401,0.97678383,0.97340180,0.96772849,0.96080042,0.95368551,0.94732039,0.94238889,0.93925999,0.93799001,0.93838087,0.94007528,0.94266427,0.94578214,0.94916931,0.95269307,0.95632734,0.96010230,0.96404124,0.96810355,0.97214974,0.97593790,0.97915245,0.98145790,0.98256437,0.98228876,0.98059698,0.97761763,0.97362422,0.96899055,0.96412986,0.95943124,0.95520699,0.95166100,0.94888314,0.94686781,0.94554968,0.94484562,0.94469133,0.94506308,0.94597930,0.94748205,0.94960364,0.95232766,0.95555494,0.95908414,0.96261291,0.96576117,0.96811277,0.96926813,0.96889812,0.96678982,0.96287631,0.95724615,0.95013257,0.94188571,0.93293456,0.92374578,0.91478589,0.90649079,0.89924387,0.89336145,0.88908312,0.88656424,0.88586858,0.88696075,0.88969963,0.89383572,0.89901632,0.90480211,0.91069665,0.91618736,0.92079311,0.92411126,0.92585599,0.92588135,0.92418497,0.92089206,0.91622298,0.91045012
0.90266403,0.90574638,0.90752912,0.90864505,0.90970558,0.91123535,0.91361815,0.91706372,0.92160126,0.92709974,0.93330865,0.93990800,0.94655539,0.95291996,0.95869787,0.96361021,0.96738955,0.96976542,0.97046020,0.96920453,0.96577604,0.96005713,0.95210012,0.94218296,0.93083775,0.91883880,0.90714479,0.89679936,0.88880419,0.88398546,0.88287757,0.88564594,0.89206394,0.90154848,0.91324720,0.92615998,0.93927176,0.95167255,0.96264540,0.97171123,0.97862942,0.98336245,0.98601928,0.98679484,0.98592055,0.98363568,0.98018102,0.97580928,0.97080128,0.96547525,0.96017957,0.95526417,0.95103360,0.94769122,0.94528836,0.94369317,0.94259068,0.94151886,0.93993757,0.93731913,0.93324383,0.92748183,0.92004528,0.91120053,0.90143859,0.89141058,0.88184173,0.87344108,0.86682300,0.86245290,0.86062234,0.86145183,0.86491361,0.87086314,0.87906801,0.88922580,0.90096810,0.91385356,0.92735832,0.94087401,0.95372280,0.96519426,0.97460268,0.98135732,0.98503339,0.98542989,0.98260203,0.97686026,0.96873488,0.95891213,0.94815373,0.93721541,0.92677897,0.91740835,0.90953309,0.90345531,0.89937042,0.89738906,0.89754858,0.89980644
0.92686600,0.92689762,0.92821602,0.93079669,0.93443625,0.93874690,0.94317196,0.94702624,0.94956180,0.95005448,0.94790141,0.94271610,0.93440578,0.92321722,0.90974154,0.89487467,0.87973673,0.86555981,0.85355794,0.84479604,0.84007462,0.83984547,0.84416882,0.85271623,0.86481676,0.87953725,0.89578387,0.91241021,0.92831847,0.94254330,0.95431209,0.96307951,0.96853825,0.97061047,0.96942629,0.96529537,0.95867661,0.95014834,0.94037943,0.93009950,0.92006602,0.91102645,0.90367514,0.89860669,0.89626969,0.89692603,0.90062177,0.90717512,0.91618492,0.92706070,0.93907195,0.95141122,0.96326366,0.97387467,0.98260770,0.98898607,0.99271535,0.99368567,0.99195655,0.98772904,0.98131133,0.97308409,0.96347031,0.95291281,0.94185958,0.93075574,0.92003894,0.91013470,0.90144860,0.89435291,0.88916746,0.88613581,0.88540030,0.88697980,0.89075490,0.89646386,0.90371107,0.91198829,0.92070652,0.92923561,0.93694763,0.94325968,0.94767206,0.94979877,0.94938826,0.94633415,0.94067712,0.93259955,0.92241503,0.91055362,0.89754337,0.88398772,0.87053836,0.85786342,0.84661132,0.83737128,0.83063217,0.82674207,0.82587191,0.82798715
0.97902906,0.98309626,0.98596072,0.98761285,0.98796086,0.98678905,0.98375507,0.97843456,0.97041105,0.95939620,0.94535540,0.92860866,0.90987916,0.89027131,0.87117496,0.85410730,0.84051711,0.83158359,0.82804392,0.83007959,0.83728181,0.84870224,0.86297955,0.87851838,0.89368837,0.90700957,0.91729660,0.92374505,0.92595624,0.92390897,0.91789470,0.90843681,0.89621342,0.88199781,0.86662216,0.85096089,0.83592315,0.82243994,0.81143369,0.80376323,0.80014588,0.80106634,0.80668884,0.81679135,0.83073947,0.84751166,0.86577843,0.88402836,0.90072415,0.91446655,0.92414196,0.92903315,0.92887895,0.92387813,0.91464196,0.90210739,0.88742750,0.87185694,0.85664707,0.84296074,0.83181020,0.82401610,0.82018196,0.82067742,0.82562526,0.83489061,0.84807453,0.86451776,0.88332136,0.90339011,0.92350063,0.94239171,0.95886886,0.97191095,0.98076504,0.98501572,0.98461878,0.97989430,0.97148094,0.96025916,0.94725602,0.93354582,0.92015971,0.90801437,0.89786435,0.89027802,0.88563278,0.88412281,0.88577217,0.89044799,0.89787134,0.90762682,0.91917455,0.93186933,0.94499041,0.95778300,0.96950893,0.97950093,0.98721274,0.99225715
0.97489297,0.98021643,0.98066164,0.97598932,0.96630670,0.95208443,0.93413777,0.91357481,0.89171748,0.87000317,0.84987569,0.83267541,0.81953789,0.81130973,0.80848823,0.81118906,0.81914354,0.83172529,0.84800401,0.86682248,0.88689053,0.90688767,0.92556443,0.94183264,0.95483663,0.96400044,0.96904917,0.97000582,0.96716692,0.96106150,0.95239868,0.94200882,0.93078270,0.91961190,0.90933286,0.90067638,0.89422417,0.89037466,0.88932020,0.89103790,0.89529573,0.90167461,0.90960542,0.91841878,0.92740328,0.93586674,0.94319456,0.94889924,0.95265668,0.95432626,0.95395416,0.95176068,0.94811419,0.94349505,0.93845314,0.93356280,0.92937827,0.92639234,0.92500011,0.92546964,0.92792099,0.93231511,0.93845362,0.94599059,0.95445597,0.96329000,0.97188627,0.97964014,0.98599815,0.99050371,0.99283443,0.99282770,0.99049219,0.98600514,0.97969608,0.97201970,0.96352057,0.95479329,0.94644140,0.93903774,0.93308843,0.92900166,0.92706231,0.92741324,0.93004416,0.93478955,0.94133672,0.94924468,0.95797378,0.96692464,0.97548366,0.98307121,0.98918764,0.99345162,0.99562628,0.99562951,0.99352751,0.98951283,0.98387075,0.97693920
0.94872290,0.94314547,0.93687353,0.93020115,0.92353222,0.91735822,0.91220226,0.90854288,0.90673650,0.90695723,0.90916740,0.91312415,0.91841797,0.92453247,0.93091092,0.93701549,0.94236915,0.94657608,0.94932349,0.95037260,0.94954890,0.94674011,0.94190621,0.93509979,0.92649079,0.91638610,0.90523480,0.89361218,0.88218011,0.87162728,0.86259788,0.85562140,0.85105651,0.84905944,0.84958183,0.85239660,0.85714468,0.86339178,0.87068384,0.87859121,0.88673601,0.89480173,0.90252908,0.90970507,0.91615327,0.92173162,0.92634019,0.92993743,0.93255942,0.93433481,0.93548809,0.93632593,0.93720532,0.93848664,0.94047921,0.94338919,0.94728003,0.95205298,0.95745125,0.96308647,0.96848187,0.97312425,0.97651568,0.97821742,0.97788135,0.97526783,0.97025259,0.96282748,0.95310021,0.94129629,0.92776352,0.91297610,0.89753321,0.88214591,0.86760748,0.85474463,0.84435151,0.83711261,0.83352496,0.83383213,0.83798181,0.84561523,0.85609140,0.86854295,0.88195583,0.89526148,0.90742971,0.91755123,0.92490195,0.92898534,0.92955335,0.92660959,0.92040003,0.91139559,0.90026827,0.88785996,0.87514040,0.86315042,0.85292791,0.84541700
0.98101590,0.98197266,0.98242045,0.98241703,0.98192791,0.98082796,0.97892685,0.97601622,0.97193047,0.96660752,0.96013471,0.95276737,0.94491387,0.93708901,0.92984498,0.92369386,0.91903728,0.91611692,0.91499478,0.91556605,0.91760013,0.92079902,0.92485914,0.92952179,0.93460161,0.93998811,0.94562264,0.95145916,0.95742064,0.96336341,0.96905978,0.97420404,0.97844191,0.98141755,0.98282822,0.98247510,0.98029929,0.97639598,0.97100408,0.96447422,0.95722196,0.94967536,0.94222661,0.93519546,0.92880923,0.92320056,0.91842012,0.91445904,0.91127454,0.90881248,0.90702234,0.90586295,0.90529976,0.90529650,0.90580525,0.90675868,0.90806739,0.90962383,0.91131223,0.91302299,0.91466807,0.91619435,0.91759157,0.91889340,0.92017097,0.92152017,0.92304479,0.92483805,0.92696536,0.92945077,0.93226893,0.93534382,0.93855396,0.94174335,0.94473613,0.94735323,0.94942881,0.95082494,0.95144298,0.95123052,0.95018324,0.94834195,0.94578588,0.94262401,0.93898625,0.93501596,0.93086472,0.92668938,0.92265105,0.91891499,0.91564973,0.91302358,0.91119683,0.91030885,0.91046061,0.91169489,0.91397714,0.91718051,0.92107827,0.92534589
0.95166032,0.95857945,0.96618097,0.97435589,0.98265012,0.99034280,0.99659425,1.00062950,1.00191412,1.00028135,0.99598106,0.98964105,0.98215176,0.97450281,0.96760900,0.96216289,0.95854286,0.95679123,0.95666044,0.95771055,0.95943059,0.96135342,0.96313776,0.96460212,0.96570858,0.96650745,0.96706297,0.96738313,0.96737425,0.96683302,0.96547853,0.96301569,0.95921371,0.95397903,0.94740413,0.93977983,0.93156757,0.92333825,0.91569117,0.90917070,0.90419786,0.90102936,0.89974931,0.90029127,0.90248085,0.90608578,0.91085984,0.91657052,0.92300591,0.92996293,0.93722411,0.94453376,0.95158414,0.95801928,0.96345931,0.96754187,0.96997241,0.97057217,0.96931285,0.96632975,0.96190998,0.95645804,0.95044584,0.94435755,0.93864007,0.93366790,0.92972671,0.92701506,0.92565882,0.92573022,0.92726296,0.93025678,0.93466876,0.94039303,0.94723486,0.95488796,0.96292439,0.97080408,0.97790726,0.98358701,0.98723495,0.98834900,0.98659202,0.98183139,0.97415359,0.96385290,0.95139812,0.93738544,0.92248720,0.90740569,0.89283792,0.87945290,0.86787829,0.85869017,0.85239841,0.84942167,0.85004962,0.85439453,0.86233933,0.87349314
0.93349514,0.93800182,0.94185864,0.94474850,0.94625263,0.94591732,0.94334101,0.93826746,0.93066793,0.92079507,0.90919551,0.89667512,0.88422025,0.87288691,0.86367563,0.85741198,0.85465083,0.85561776,0.86019451,0.86794839,0.87819858,0.89010677,0.90277652,0.91534571,0.92705967,0.93731835,0.94569665,0.95194243,0.95595943,0.95778303,0.95755606,0.95550908,0.95194687,0.94723974,0.94181576,0.93614920,0.93074104,0.92608983,0.92265414,0.92081086,0.92081545,0.92277050,0.92660862,0.93209323,0.93883848,0.94634608,0.95405433,0.96139214,0.96783073,0.97292601,0.97634733,0.97789043,0.97747550,0.97513320,0.97098309,0.96520958,0.95803995,0.94972793,0.94054415,0.93077308,0.92071404,0.91068323,0.90101359,0.89204976,0.88413686,0.87760304,0.87273739,0.86976624,0.86883147,0.86997435,0.87312752,0.87811652,0.88467053,0.89244099,0.90102579,0.90999606,0.91892254,0.92739880,0.93505988,0.94159569,0.94676032,0.95037854,0.95235089,0.95265790,0.95136336,0.94861556,0.94464527,0.93975889,0.93432520,0.92875472,0.92347172,0.91888036,0.91532858,0.91307387,0.91225566,0.91287769,0.91480263,0.91775890,0.92135894,0.92512638
0.97522907,0.97560423,0.97761674,0.98094281,0.98497833,0.98897372,0.99218167,0.99399096,0.99402414,0.99218520,0.98865290,0.98382622,0.97823621,0.97244423,0.96694665,0.96210275,0.95809516,0.95492523,0.95243881,0.95037452,0.94842397,0.94629344,0.94375654,0.94068988,0.93708690,0.93305007,0.92876565,0.92446845,0.92040436,0.91679738,0.91382576,0.91160990,0.91021260,0.90965010,0.90991002,0.91097032,0.91281303,0.91542757,0.91880177,0.92290191,0.92764644,0.93287982,0.93835358,0.94372111,0.94855086,0.95235903,0.95465913,0.95502110,0.95313034,0.94883593,0.94217930,0.93339807,0.92290426,0.91124048,0.89902197,0.88687440,0.87537818,0.86502812,0.85621319,0.84921617,0.84422824,0.84137059,0.84071426,0.84229123,0.84609252,0.85205373,0.86003211,0.86978313,0.88094571,0.89304451,0.90551392,0.91774315,0.92913643,0.93917822,0.94749140,0.95387742,0.95833026,0.96102111,0.96225606,0.96241488,0.96188284,0.96098885,0.95996165,0.95891112,0.95783583,0.95665228,0.95523680,0.95346939,0.95126897,0.94861272,0.94553617,0.94211603,0.93844211,0.93458762,0.93058695,0.92642799,0.92206134,0.91742362,0.91246811,0.90719346
0.95936025,0.95516346,0.95128636,0.94840492,0.94681367,0.94638988,0.94665771,0.94693730,0.94654286,0.94498102,0.94209971,0.93814998,0.93374599,0.92973374,0.92700113,0.92627500,0.92795149,0.93199766,0.93794518,0.94497599,0.95207965,0.95824629,0.96265206,0.96479747,0.96457199,0.96223675,0.95833644,0.95356640,0.94862845,0.94410777,0.94039521,0.93766595,0.93591115,0.93500631,0.93479297,0.93514900,0.93602905,0.93746631,0.93953874,0.94231293,0.94578425,0.94983260,0.95420802,0.95855198,0.96245041,0.96550565,0.96740983,0.96800163,0.96729294,0.96545959,0.96279917,0.95966700,0.95640595,0.95328672,0.95047178,0.94800936,0.94585637,0.94392121,0.94211356,0.94038678,0.93876180,0.93732672,0.93621338,0.93555821,0.93545890,0.93593921,0.93693215,0.93828617,0.93979329,0.94123173,0.94241218,0.94321615,0.94361718,0.94368004,0.94353923,0.94336254,0.94330980,0.94349735,0.94397731,0.94473622,0.94571213,0.94682385,0.94800273,0.94921694,0.95048042,0.95184338,0.95336645,0.95508512,0.95697436,0.95892366,0.96073100,0.96211939,0.96277414,0.96239327,0.96073903,0.95767823,0.95320107,0.94741403,0.94050842,0.93271230
0.97638548,0.97230251,0.96788447,0.96365866,0.95988119,0.95655446,0.95350518,0.95049921,0.94736133,0.94406845,0.94079202,0.93787882,0.93577544,0.93491609,0.93560204,0.93790250,0.94160101,0.94620040,0.95098643,0.95513785,0.95786126,0.95852434,0.95676202,0.95253569,0.94613622,0.93813286,0.92928110,0.92040917,0.91230489,0.90562153,0.90081533,0.89811932,0.89755124,0.89894714,0.90200935,0.90635665,0.91156682,0.91720614,0.92284527,0.92806559,0.93246229,0.93565076,0.93728081,0.93705979,0.93478262,0.93036347,0.92386237,0.91549999,0.90565522,0.89484325,0.88367576,0.87280798,0.86288003,0.85446061,0.84800048,0.84380115,0.84200147,0.84258202,0.84538447,0.85014114,0.85650913,0.86410379,0.87252773,0.88139349,0.89033982,0.89904265,0.90722250,0.91465006,0.92115089,0.92661007,0.93097611,0.93426313,0.93654975,0.93797329,0.93871874,0.93900307,0.93905632,0.93910150,0.93933563,0.93991366,0.94093711,0.94244811,0.94442945,0.94681003,0.94947466,0.95227669,0.95505212,0.95763388,0.95986561,0.96161415,0.96278008,0.96330560,0.96317868,0.96243306,0.96114335,0.95941539,0.95737234,0.95513742,0.95281530,0.95047422
0.91271449,0.91175343,0.91383268,0.91904048,0.92700424,0.93694967,0.94782139,0.95844410,0.96769591,0.97466389,0.97875607,0.97975350,0.97779880,0.97333041,0.96698154,0.95946729,0.95148220,0.94362493,0.93635856,0.93000624,0.92477447,0.92079137,0.91814528,0.91691125,0.91715771,0.91893227,0.92223205,0.92696891,0.93294105,0.93982136,0.94716836,0.95446055,0.96114909,0.96671988,0.97075366,0.97297304,0.97326858,0.97170005,0.96847481,0.96390926,0.95838246,0.95229100,0.94601286,0.93988485,0.93419410,0.92918087,0.92504751,0.92196727,0.92008792,0.91952721,0.92036032,0.92260269,0.92619308,0.93098292,0.93673623,0.94314248,0.94984168,0.95645796,0.96263590,0.96807353,0.97254612,0.97591771,0.97813952,0.97923768,0.97929442,0.97842802,0.97677625,0.97448634,0.97171211,0.96861638,0.96537477,0.96217642,0.95921786,0.95668820,0.95474665,0.95349586,0.95295672,0.95305060,0.95359469,0.95431365,0.95486780,0.95489477,0.95405821,0.95209568,0.94885744,0.94432981,0.93863978,0.93204113,0.92488619,0.91758907,0.91058752,0.90430912,0.89914559,0.89543582,0.89345571,0.89341060,0.89542591,0.89953222,0.90564342,0.91352996
0.92430229,0.93660887,0.94871279,0.96019907,0.97058624,0.97936805,0.98607696,0.99035652,0.99202629,0.99112393,0.98791301,0.98285240,0.97653131,0.96958158,0.96258373,0.95598422,0.95003862,0.94478936,0.94008029,0.93560370,0.93097042,0.92579117,0.91975616,0.91270107,0.90465050,0.89583388,0.88667302,0.87774455,0.86972287,0.86331054,0.85916339,0.85781741,0.85962402,0.86470003,0.87289727,0.88379554,0.89672024,0.91078395,0.92494899,0.93810603,0.94916211,0.95713045,0.96121359,0.96087247,0.95587524,0.94632238,0.93264683,0.91559016,0.89615713,0.87555183,0.85509913,0.83615572,0.82001533,0.80781337,0.80043711,0.79844791,0.80202284,0.81092290,0.82449394,0.84170388,0.86121622,0.88149540,0.90093506,0.91799668,0.93134416,0.93995922,0.94322510,0.94096944,0.93346320,0.92137812,0.90571085,0.88768512,0.86864478,0.84994950,0.83288188,0.81857172,0.80793890,0.80165400,0.80011352,0.80342684,0.81141282,0.82360663,0.83927900,0.85747168,0.87705188,0.89678635,0.91543175,0.93183433,0.94502816,0.95431963,0.95934581,0.96009718,0.95689958,0.95035719,0.94126451,0.93050131,0.91892697,0.90728999,0.89616492,0.88592277
0.83979417,0.84340760,0.85097011,0.86209501,0.87592374,0.89125333,0.90671635,0.92098034,0.93293076,0.94180565,0.94726045,0.94935651,0.94848247,0.94523096,0.94026010,0.93416977,0.92741564,0.92027402,0.91285784,0.90517396,0.89720366,0.88898503,0.88067629,0.87258447,0.86515203,0.85890404,0.85436758,0.85198079,0.85201098,0.85449808,0.85923428,0.86578298,0.87353292,0.88177731,0.88980355,0.89697804,0.90281261,0.90700340,0.90943960,0.91018536,0.90944276,0.90750614,0.90471743,0.90142991,0.89798423,0.89469672,0.89185613,0.88972338,0.88852801,0.88845702,0.88963502,0.89209818,0.89576794,0.90043202,0.90574009,0.91121966,0.91631383,0.92043848,0.92305213,0.92372821,0.92221839,0.91849637,0.91277461,0.90549091,0.89726671,0.88884307,0.88100377,0.87449614,0.86996010,0.86787329,0.86851690,0.87196259,0.87807773,0.88654402,0.89688468,0.90849605,0.92068168,0.93268838,0.94374516,0.95310650,0.96010033,0.96417975,0.96497496,0.96233957,0.95638400,0.94748878,0.93629237,0.92365142,0.91057544,0.89814172,0.88739955,0.87927500,0.87448711,0.87348513,0.87641269,0.88310066,0.89308593,0.90565034,0.91987283,0.93468800
0.98049609,0.97774262,0.97472586,0.97154846,0.96816456,0.96443672,0.96021106,0.95539618,0.95002925,0.94431458,0.93862394,0.93345630,0.92936278,0.92685099,0.92628774,0.92781946,0.93132608,0.93641786,0.94247628,0.94873278,0.95437222,0.95864359,0.96095941,0.96096731,0.95858373,0.95398689,0.94757485,0.93989966,0.93159159,0.92328665,0.91556742,0.90892283,0.90372762,0.90023821,0.89859864,0.89884917,0.90093161,0.90468793,0.90985317,0.91604690,0.92276975,0.92941159,0.93527633,0.93962487,0.94173421,0.94096673,0.93684108,0.92909449,0.91772688,0.90301952,0.88552452,0.86602597,0.84547750,0.82492399,0.80541707,0.78793378,0.77330695,0.76217345,0.75494334,0.75179035,0.75266105,0.75729875,0.76527723,0.77603992,0.78894080,0.80328472,0.81836548,0.83350090,0.84806455,0.86151357,0.87341212,0.88344956,0.89145199,0.89738584,0.90135229,0.90357191,0.90436004,0.90409457,0.90317901,0.90200432,0.90091360,0.90017316,0.89995317,0.90031974,0.90123901,0.90259234,0.90420016,0.90585125,0.90733349,0.90846229,0.90910365,0.90918930,0.90872286,0.90777681,0.90648144,0.90500760,0.90354595,0.90228488,0.90138900,0.90097959
0.95015139,0.94606200,0.94213089,0.93820631,0.93410740,0.92972846,0.92511322,0.92048565,0.91623333,0.91284949,0.91084717,0.91066398,0.91257670,0.91664158,0.92267035,0.93024403,0.93875972,0.94750048,0.95571623,0.96270369,0.96787530,0.97081007,0.97128225,0.96926758,0.96492971,0.95859174,0.95069895,0.94177818,0.93239794,0.92313177,0.91452577,0.90707058,0.90117769,0.89715966,0.89521398,0.89541030,0.89768170,0.90182117,0.90748550,0.91420855,0.92142583,0.92851044,0.93481970,0.93974928,0.94279083,0.94358699,0.94197748,0.93802920,0.93204513,0.92454833,0.91624106,0.90794201,0.90050782,0.89474771,0.89134081,0.89076633,0.89325465,0.89876515,0.90699276,0.91740123,0.92927805,0.94180320,0.95412356,0.96542461,0.97499302,0.98226564,0.98686272,0.98860550,0.98751943,0.98382546,0.97792127,0.97035408,0.96178577,0.95295052,0.94460565,0.93747682,0.93220029,0.92926664,0.92897122,0.93137800,0.93630237,0.94331741,0.95178523,0.96091174,0.96981986,0.97763339,0.98356202,0.98697770,0.98747388,0.98490104,0.97937578,0.97126333,0.96113717,0.94972148,0.93782334,0.92626203,0.91580129,0.90708913,0.90060786,0.89663553
0.97386241,0.97690890,0.97655847,0.97298744,0.96653036,0.95763663,0.94682754,0.93466179,0.92171567,0.90857894,0.89586187,0.88420389,0.87427247,0.86674212,0.86224890,0.86132251,0.86430529,0.87127262,0.88197218,0.89579860,0.91181560,0.92882918,0.94550536,0.96051583,0.97268828,0.98113652,0.98534959,0.98522753,0.98106149,0.97346646,0.96328212,0.95146180,0.93896915,0.92669818,0.91542436,0.90578648,0.89829068,0.89332397,0.89116411,0.89197628,0.89579363,0.90248579,0.91172538,0.92296579,0.93544331,0.94821216,0.96021449,0.97037911,0.97773550,0.98152541,0.98129323,0.97694010,0.96873295,0.95726803,0.94339624,0.92812418,0.91250728,0.89755144,0.88413531,0.87295977,0.86452444,0.85912576,0.85686844,0.85768149,0.86133304,0.86744191,0.87548825,0.88482884,0.89472328,0.90437607,0.91299562,0.91986648,0.92442626,0.92633541,0.92552686,0.92222491,0.91692708,0.91034914,0.90334061,0.89678291,0.89148589,0.88809778,0.88704063,0.88847830,0.89231760,0.89823809,0.90574167,0.91421194,0.92297372,0.93134634,0.93868788,0.94443090,0.94811242,0.94940068,0.94812019,0.94427345,0.93805563,0.92985607,0.92024071,0.90991048
0.96677135,0.97408392,0.97808445,0.97859932,0.97562524,0.96937310,0.96028307,0.94900460,0.93634272,0.92317977,0.91038628,0.89873701,0.88884541,0.88112510,0.87578060,0.87282373,0.87210826,0.87337361,0.87628915,0.88049298,0.88562219,0.89133445,0.89732236,0.90332253,0.90912123,0.91455737,0.91952302,0.92396110,0.92785941,0.93124088,0.93415076,0.93664254,0.93876583,0.94055885,0.94204754,0.94325093,0.94419056,0.94490026,0.94543272,0.94585992,0.94626629,0.94673559,0.94733410,0.94809470,0.94900636,0.95001298,0.95102317,0.95192939,0.95263240,0.95306485,0.95320821,0.95309848,0.95281855,0.95247860,0.95218873,0.95203037,0.95203375,0.95216775,0.95234546,0.95244462,0.95233853,0.95193000,0.95118013,0.95012479,0.94887448,0.94759664,0.94648411,0.94571644,0.94542289,0.94565560,0.94637898,0.94747701,0.94877620,0.95007778,0.95119150,0.95196299,0.95228879,0.95211639,0.95143044,0.95023016,0.94850566,0.94622131,0.94331261,0.93969897,0.93531035,0.93012170,0.92418623,0.91765891,0.91080253,0.90397312,0.89758502,0.89206127,0.88777799,0.88501324,0.88390982,0.88445838,0.88650237,0.88976190,0.89386961,0.89840987
0.95582261,0.95845918,0.95951738,0.95885945,0.95624705,0.95135991,0.94385950,0.93348996,0.92019753,0.90424182,0.88626936,0.86732478,0.84878638,0.83222864,0.81922993,0.81115533,0.80895017,0.81297899,0.82293763,0.83785495,0.85618572,0.87598149,0.89511243,0.91150601,0.92336716,0.92935100,0.92867044,0.92113341,0.90711606,0.88748636,0.86349685,0.83666486,0.80865568,0.78117789,0.75589357,0.73434077,0.71786279,0.70753927,0.70411783,0.70794945,0.71893567,0.73649850,0.75958414,0.78670907,0.81605141,0.84558379,0.87323611,0.89707089,0.91545090,0.92717882,0.93159287,0.92860827,0.91870234,0.90284833,0.88240933,0.85900779,0.83438690,0.81027880,0.78829057,0.76981421,0.75596230,0.74752736,0.74496134,0.74837087,0.75752562,0.77187844,0.79059796,0.81261527,0.83668580,0.86146561,0.88559879,0.90780951,0.92699061,0.94227949,0.95311298,0.95925472,0.96079201,0.95810287,0.95179863,0.94265067,0.93151173,0.91924254,0.90665170,0.89445394,0.88324768,0.87350938,0.86560000,0.85977717,0.85620755,0.85497465,0.85608048,0.85944166,0.86488344,0.87213544,0.88083337,0.89052904,0.90070890,0.91081973,0.92029822,0.92860054
